15856,8293
10568,13134
11348,7514
1,6
3114,77
13,16252
123,16469
11642,54
83,8413
1396,622
14567,16511
1502,77
150,7173
125,1341
132,63
10321,13
14567,19352
5671,83
22378,84
1396,16715
10720,15856
12,131
14326,14865
12540,14567
14771,86
11304,17503
15492,19790
7330,83
11354,14304
108,3453
15856,7514
1993,6795
13,19790
20845,2818
133,18657
138,4151
20845,5432
108,12351
18634,61
144,54
11105,18314
4303,7721
1971,54
324,64
108,17491
10645,83
12222,20752
5762,83
5225,7245
4303,7701
7188,84
14567,6730
16122,5530
18590,77
10543,58
15481,4845
13654,8194
41,94
14865,5863
112,9777
10042,5553
0,20352
6458,7652
12479,14567
19181,2056
11587,17503
1608,47
112,21927
14567,6421
16783,7397
5009,9008
7652,8194
7443,94
12222,15695
154,19
14865,2569
12222,19885
12222,1705
3,6462
15537,3484
10638,12911
21752,22206
10568,12155
58,9037
102,61
13060,5530
108,6220
17855,8789
12847,58
15611,83
12829,22368
12952,16046
110,77
8254,9419
17503,20285
130,20518
54,8643
131,9027
17305,3853
108,18609
1882,83
13425,70
122,1530
14865,21385
10568,15055
11353,26
16979,3891
13556,7701
1958,739
150,17271
10290,3032
7397,8413
16496,4705
3743,54
17503,20752
19790,61
10954,1396
17323,54
1096,131
14640,16496
123,13801
11674,14623
11108,133
1342,17663
14567,733
14567,735
13,17866
183,63
138,18147
17305,21481
2515,6795
6735,9777
16866,26
12911,4528
108,13014
22378,9777
21014,27
54,7530
17503,6340
10183,16496
12297,13465
61,6221
131,6912
5009,94
5331,5445
20518,7317
11674,54
14997,20752
6063,94
11874,54
17503,21616
17766,8309
108,6219
16046,58
1884,94
16979,20201
15695,17503
10568,21352
1371,26
16046,9923
15914,8634
54,73
123,2476
14567,21239
11824,6157
16172,58
108,20845
14567,16764
11840,94
13,3369
11252,142
123,3623
1581,64
142,18781
21938,7514
17491,18609
112,20876
14865,6282
9008,94
6795,7470
13,7188
19,6340
11354,17503
351,7572
14865,18604
1451,7514
102,86
110,131
20812,5280
14567,5792
10495,1125
12519,20752
1269,6665
1,3306
16046,18769
15509,77
1705,3090
26,7183
1,12952
14272,9777
16340,17
112,41
7733,83
10568,9627
13,7245
15801,6340
17856,8789
5475,83
18747,5863
12911,13
10568,4578
16393,5527
1525,7443
15492,17367
13,16447
18314,6665
1126,7979
18757,3
11770,17807
1,9570
21019,7397
8150,8259
26,4035
12520,83
58,8194
130,15856
14860,6665
123,6659
5393,8293
6174,6665
14674,83
6677,8878
131,34
13858,15361
15856,22109
17731,77
1126,6340
12789,84
11482,17305
107,131
54,7816
12947,20420
13,131
108,14984
10568,3484
12520,8196
1,10
15535,8859
5045,7
22368,4021
10568,743
64,77
7657,94
14865,6596
6832,77
12855,14865
10301,22368
1124,4700
6210,94
1,2260
14567,83
7443,7444
124,83
17047,3484
1126,83
131,3654
17807,20155
1468,20752
13858,83
14984,3453
131,18769
17765,19358
142,2979
131,17731
108,9382
1285,94
8150,9186
13186,63
14997,17503
1125,17503
18742,20518
1,83
15856,3032
14567,1864
16872,18747
20420,9437
12222,17503
145,94
19790,77
19303,6791
7444,94
19744,61
14567,4328
108,18196
3906,47
22466,94
76,84
10495,6795
51,61
12222,20264
20660,22206
14865,18747
122,20878
108,7183
10340,22109
2598,5280
131,21154
26,8194
14085,15361
2939,7706
11193,3484
10183,8874
112,20464
1,11770
1,17807
15199,54
18106,6677
16953,22368
6665,896
21187,6665
10568,9197
10470,84
8150,94
83,9419
13,20930
18747,4431
14701,20579
6340,6795
8701,94
26,6999
10290,8293
17503,7470
153,58
19538,5264
16783,17305
1714,6665
8792,94
17503,9912
17367,9777
14212,16496
14567,5094
14567,6352
111,4348
11804,14567
10568,1468
84,86
15535,17367
17653,18634
16541,6677
11520,84
1396,4613
14808,27
18747,3571
18747,83
10568,11030
17653,61
13593,2979
1124,17503
1,15492
10568,779
1,43
131,8693
11875,16979
142,19181
11602,13
11482,123
5,63
11028,1125
14200,94
110,13
22206,47
16475,94
11249,131
17367,4618
1750,77
17711,2375
10568,2633
1158,47
112,15958
4706,86
17707,83
8259,94
131,21526
13,18626
2560,8468
2668,6999
112,1941
7245,9777
112,7245
2375,7701
0,5678
2544,6730
147,54
138,13929
133,18676
13465,15504
123,4562
21352,5331
1126,8194
10042,26
17650,6122
11752,83
5577,94
15537,5280
16398,488
131,5367
131,5366
11764,5863
11752,17866
63,8743
14567,6242
1705,20264
13215,16783
14567,16393
13718,16979
5530,9919
20231,6665
102,108
4528,77
4719,9777
15481,47
5,9437
3906,9910
13,1928
13710,17807
11028,8653
14567,20171
131,297
3972,77
65,94
5009,8701
10146,7397
20944,3906
17503,489
14567,4048
10568,20752
16046,6017
17359,2118
1705,17503
15358,1987
108,11840
37,52
11841,6677
10146,83
10560,6677
18747,58
10983,14865
22429,86
20989,83
26,9172
626,94
13691,17503
19,7183
3844,94
11593,54
13,6543
86,9281
14567,21510
13801,18314
15013,18429
13,19
937,9891
10727,47
8196,83
7979,83
18747,6574
1126,19310
1533,18075
16854,26
15481,21752
11438,18747
20812,7745
10,5280
20845,660
16298,5475
131,20464
112,7439
17650,61
0,6504
13,77
6340,8789
15013,3154
34,77
131,19790
14701,7745
10720,7514
12552,77
12222,1468
112,19472
1126,7652
20518,5059
10736,133
19310,83
112,16901
10568,6516
0,6005
10568,17025
18731,6665
131,21144
15535,20511
4571,83
153,5280
17305,8216
297,77
1,11752
12786,6665
17503,1993
14567,15517
108,2818
1371,14865
83,9787
1608,9582
10568,17503
15269,2939
2238,27
11674,9920
1533,83
14997,6795
17503,6795
112,15605
10568,7919
14865,8862
54,56
1126,1533
7169,94
1614,83
14771,6665
18747,429
1124,7979
14865,19860
17503,2515
12,77
5863,6596
10495,17503
13,19005
13477,61
489,6795
21079,83
5475,9430
17807,18747
2846,5280
54,7646
6219,7727
14567,2544
15011,77
11447,9437
14567,1577
2260,77
105,61
22109,7514
17565,18747
1041,54
21019,6677
15492,61
19187,8634
17975,20752
19673,94
17503,3090
131,19161
10726,6665
112,17367
11901,47
12583,94
15903,2118
17503,5735
13,14497
13332,2375
11877,16979
15856,7803
15136,58
10568,11193
18249,83
8194,83
11354,489
16046,19975
131,77
14865,2061
133,18688
18747,8634
14004,22102
22102,8634
5280,9627
47,7549
55,61
11028,2518
18747,2260
131,13997
18730,6665
112,15334
21919,6677
1124,6340
1,154
13217,17025
13215,7397
10668,4873
15695,20752
1525,94
12033,86
122,15953
13,5577
14436,22368
58,6820
12172,13556
10495,14304
21244,94
125,14357
57,94
13490,4303
20014,77
13560,2118
13739,17765
16496,4445
26,58
131,136
15748,7
14567,21146
15481,7549
10568,11245
10568,13217
1126,9728
122,22095
4571,7397
10568,15221
1,16469
17503,4699
10568,1705
1124,5534
12168,17650
1517,9382
150,15520
11901,4845
54,8113
15492,7455
14148,27
16046,16172
13988,17503
2707,7245
16979,2185
108,90
12884,54
7652,83
18524,6677
17503,20264
21186,7549
10568,18587
3971,5280
47,4845
10568,1411
17503,21212
21457,94
17503,7501
