10,30,5
1,8,1
15856,8293,0
1,6,3
17367,41,2
10568,7199,0
16979,20141,0
1,3,0
11339,77,2
123,16469,0
18461,31,0
17007,3217,1
5280,9291,2
14567,16511,1
1662,17739,0
138,21021,0
45,76,0
3367,676,1
5010,9538,0
10622,17340,1
3056,77,0
112,16859,0
18285,20559,0
20518,3500,0
20518,7088,0
14126,20981,1
11124,13,3
12965,3983,0
12,131,8
17305,20344,0
12992,7397,0
13965,3191,0
11304,17503,4
7330,83,11
10568,13007,0
144,9821,1
17503,2811,0
18121,6479,0
11841,6677,1
11458,77,1
10899,83,0
13393,17807,0
19352,83,0
1971,54,1
10042,7979,0
1408,19723,2
108,7727,1
16418,83,0
131,6643,0
12,17367,1
18314,5172,0
11718,5280,0
21245,63,0
17067,17721,1
108,19412,0
17305,21368,0
13654,8194,2
1620,77,0
10568,13313,0
7934,87,0
14674,83,3
11221,20992,0
15856,3800,0
131,13997,0
13,16800,1
48,9946,0
22386,5641,0
15361,17367,1
16850,31,1
468,6795,0
20285,30,1
1062,26,1
19,20958,1
12260,20935,0
1766,4628,0
11304,20752,2
107,21239,0
10350,77,2
5225,9777,1
6088,83,0
15083,15609,1
108,11554,0
154,19,2
19709,6375,0
15964,54,0
19828,6741,0
14200,94,0
77,9007,2
13468,17503,3
21563,7,0
10568,18711,0
131,18468,1
14545,6,0
16854,1928,2
19728,77,0
12847,58,1
10042,12375,0
130,20518,3
3971,5735,2
58,8685,1
15858,2260,1
18121,4388,0
15011,15361,0
16979,20588,0
122,1530,0
10328,17963,0
139,140,2
11187,17,1
123,9852,0
21999,7514,0
11353,26,0
17807,20811,0
22352,6988,0
10568,10664,1
20518,57,0
13512,18314,0
10568,22209,0
19,19710,1
5972,9219,0
1928,26,2
8468,9039,0
47,5623,0
131,7445,1
13034,94,0
17305,3533,0
123,1497,0
123,1499,0
243,6,0
13,58,7
13,59,6
3080,6346,1
2478,8879,1
112,20480,0
6832,9777,1
110,3654,2
20420,5280,1
123,4545,0
16511,17000,1
20518,5131,0
20518,5130,0
3042,4727,0
14851,5331,0
8288,9437,2
22207,9777,0
14126,348,1
11339,2260,3
18166,20563,2
136,17564,2
112,12292,0
16142,5320,0
6308,94,0
13,17866,0
11124,3654,2
10568,5346,0
40,5093,0
13292,13575,0
10040,37,0
14272,16015,0
6735,9777,1
123,1969,0
11312,7733,0
14524,9777,0
17573,94,3
108,13014,1
16410,40,2
12423,9779,0
19,19478,2
7470,94,0
21930,65,4
15537,7883,2
108,6864,2
10996,6,0
14272,55,2
10531,83,0
10568,20910,1
14272,51,1
1,12952,2
112,40,6
17503,19637,0
20420,63,2
13624,5280,0
10183,9857,0
14272,29,6
17807,586,0
21208,9777,0
25,58,0
6346,77,3
10,153,4
10183,5244,0
3973,5639,0
18,33,0
3903,9582,0
10252,94,2
102,29,2
21866,54,0
6789,83,1
612,9384,1
11850,4151,0
14227,22179,0
1877,4705,0
17305,9908,0
2428,8789,0
13,3369,0
18314,7439,0
108,3453,4
1166,1866,2
142,84,2
17924,4845,0
9669,9691,0
21409,4628,0
21117,6832,2
108,12161,0
122,19250,0
142,20896,0
26,4705,0
21005,6677,0
5335,7397,0
16854,41,1
112,15930,1
324,5,2
112,18588,1
20518,3179,0
13,17232,4
110,131,11
20812,5280,1
111,263,0
11896,12638,0
14662,2516,0
19,6404,2
10350,154,2
111,265,0
13858,7330,3
10,26,4
18930,7979,1
108,16423,2
111,3,0
18236,84,0
7979,9603,0
12222,19,4
17503,21972,2
10350,4877,1
12736,17367,0
154,19710,4
1,18965,0
2493,4449,0
108,11085,1
14227,19308,0
108,21896,0
26,8874,1
18604,8633,0
14537,7452,2
6157,664,0
13014,7727,1
108,14537,0
20518,3999,0
3372,4232,0
14604,41,0
17116,4969,0
153,3971,3
1525,7444,1
10568,12222,15
17815,83,0
1,9570,1
10568,743,3
17503,6547,0
10242,142,0
10345,21474,0
10568,6276,0
12363,16171,0
10345,21473,0
125,20263,0
17951,4628,0
11485,13654,1
469,6795,0
1517,16800,1
14860,6665,1
131,1855,1
1353,2722,0
1353,2720,0
13,77,23
1281,5280,0
17518,19710,0
324,63,1
14649,3629,0
21641,5280,0
13987,17251,0
18739,7979,0
13574,54,0
18139,18774,0
17821,7397,0
10,12222,5
11752,16996,0
6,9595,0
133,4448,0
107,131,8
131,19967,0
17644,6677,0
1944,871,1
17505,68,1
19845,26,0
13575,5735,1
54,6462,0
1882,21272,0
133,16625,0
15733,83,1
108,4179,0
10568,10781,2
12512,4628,0
16340,17,1
151,17573,1
1559,7912,0
18411,65,0
14272,17367,4
10016,7397,0
17807,4648,0
14272,7457,0
16469,7246,2
13531,18587,0
20762,6157,0
17058,20518,0
18424,19087,0
10568,5001,3
662,7397,0
108,2637,1
12557,17807,0
21999,2829,0
19405,37,1
17807,20155,0
17,20728,1
131,15327,0
2829,5280,0
2838,5280,0
107,77,5
20518,7514,2
10242,47,0
16979,8230,0
11547,7397,0
12120,14007,0
1396,17746,0
125,36,0
27,6,1
13,4179,1
16489,77,0
16752,77,2
10,3530,0
19058,94,0
123,979,0
17305,7624,2
13217,21490,0
4487,77,0
23,8,0
17025,17503,2
10568,19426,0
131,3654,3
1615,7397,0
20420,9437,3
10568,9291,1
7444,94,2
20568,94,1
14865,1639,0
17119,17503,0
65,77,8
19,246,1
18314,18962,0
10227,11221,0
1674,5331,1
14272,9777,3
14604,6,0
21971,3667,1
1928,9083,1
11770,83,0
11799,20420,1
2995,6547,0
13468,5502,1
136,17516,1
17989,7108,0
5280,7941,0
11439,2118,0
8110,86,0
123,9062,0
13,17721,1
2118,5054,0
15976,87,0
11562,47,1
2834,2870,0
14865,3941,0
19790,77,3
83,8653,1
12380,3629,0
12519,17503,0
12643,7583,1
14771,6832,0
13823,26,1
14865,2015,0
112,9777,12
1177,18314,1
6727,743,1
14272,67,3
18106,6677,2
14304,9570,1
6665,896,0
13040,6,0
131,7452,2
1408,7246,3
83,9419,1
58,65,11
17924,3907,0
131,22052,0
10042,1928,2
12236,17503,1
10183,5927,1
12169,77,0
17934,5641,0
20518,22179,0
108,20979,1
18,23,0
17367,9777,4
5223,8790,0
17721,77,1
1276,7330,2
12989,20128,0
3298,8813,1
19291,9777,0
12,7445,1
18314,7150,0
20523,8261,1
4969,8859,0
16594,3800,0
65,9388,0
5727,8225,1
131,3998,0
1,7643,0
18532,743,0
11520,84,1
20518,21855,0
12991,17503,0
14,17,0
18238,84,0
118,94,2
12660,57,2
13567,14537,1
76,8216,0
112,7141,0
13325,19,2
19087,22349,0
12982,1396,0
13,3972,1
16926,58,2
1126,9419,1
10,19,5
1928,21930,2
10183,26,4
10,16927,0
13,6504,0
10965,5280,0
14626,18121,0
19799,8799,0
20518,7664,0
10079,111,0
1,18957,0
4340,76,1
10016,83,0
10410,15797,1
12222,17047,2
20518,7063,0
10568,14524,0
16142,676,0
20660,6735,0
6084,83,0
3094,61,0
14537,34,1
131,1597,2
1,20750,0
22206,9677,0
10568,6399,0
17305,8247,0
13498,83,0
12741,2118,0
18931,7979,0
1177,17305,1
3432,7397,0
10387,6795,1
14128,19,1
131,21986,0
17503,20897,2
83,910,0
21930,6689,1
2118,9970,0
112,20578,0
17305,76,2
11348,16120,0
131,1866,2
18314,18797,0
14227,7268,0
131,19205,0
1396,20266,0
22415,6677,0
15609,17503,1
1132,2118,0
15612,94,0
12911,2247,0
5,9437,5
65,9619,0
18285,8788,0
131,15060,0
1084,5138,0
2205,3304,0
131,13567,3
11249,77,1
21146,83,4
2004,83,1
1769,4628,0
13269,15856,0
11752,19882,0
378,65,0
13506,18314,2
17990,4433,0
17305,20365,1
65,676,0
17246,77,0
10350,19,3
1456,18746,0
13506,17305,3
12588,1457,0
7598,9627,1
1705,17503,7
14654,31,0
6554,9963,1
17763,7245,1
13,8928,0
5331,9627,2
14865,20709,0
14865,20706,0
15248,2326,0
13,154,1
15903,54,0
20660,692,0
2004,5464,0
14567,9730,1
17026,77,0
13854,18314,0
1,17477,0
142,22159,0
131,15332,1
11447,6677,1
0,15986,0
14567,2932,1
108,665,0
14677,20518,0
0,11226,0
10042,13573,0
16764,7188,0
18135,22378,0
6802,83,0
18609,4749,1
1705,6793,2
1705,6795,1
22323,77,1
2249,59,1
17305,19989,0
61,9908,2
47,6735,1
20812,7745,1
21384,94,0
18577,9008,1
2103,8712,0
18747,5010,1
131,15535,1
10568,3971,9
3979,94,0
11901,19027,0
19993,3530,1
16100,54,0
21018,6677,1
123,13671,0
13,71,3
131,19790,3
14272,148,0
14304,83,0
14537,2157,0
131,3565,0
20093,4998,1
13,9310,0
0,6183,0
140,7942,1
10568,21629,0
1513,4179,0
14,7,0
12362,659,0
0,76,4
21018,8545,1
17503,3484,0
41,65,3
17339,7245,2
3654,6832,1
18166,1850,0
17807,21503,0
83,9265,0
15676,16423,0
15965,691,0
18075,21146,3
15537,1705,3
7173,77,1
108,17062,0
153,5280,4
108,17060,0
108,17061,0
112,3303,1
13323,17737,0
14297,19104,2
112,3309,0
20190,83,1
108,5038,2
12660,94,2
14272,5223,0
19571,4628,0
17503,18747,1
108,11840,0
11901,6446,0
2238,27,0
11901,6445,1
3453,57,1
26,5834,0
58,59,2
1396,21195,0
1118,2005,0
1966,19860,0
8849,94,0
17818,19710,1
17617,61,0
15930,9777,1
2846,8288,0
7330,9521,0
26,5010,1
1517,20464,0
31,6513,0
11106,76,3
108,18609,4
47,9582,1
17182,4651,0
112,3016,0
22270,5331,0
15232,5,0
7245,77,6
2118,3958,0
63,9437,5
13,6885,2
18314,2931,0
13506,140,1
12729,14567,0
5468,8790,0
18539,20518,0
18598,7583,0
14018,1513,0
19832,20518,0
19,7083,0
17807,21238,0
11713,6677,0
3632,94,2
10944,6,0
17503,7492,1
14567,2544,2
10183,13823,1
112,20786,0
14880,5280,1
4278,8743,0
9437,999,4
12381,13500,0
13858,18075,1
21394,47,1
16944,1969,0
246,8862,0
131,9271,2
2428,58,0
2766,5280,0
17315,17503,0
2544,6242,1
59,7173,1
123,4971,0
11221,1814,0
14013,5331,1
59,6885,2
110,14009,3
139,20365,2
11901,47,1
6828,94,0
20518,2806,0
15537,5280,4
6791,83,3
13575,16238,0
11757,4727,0
11877,16979,0
17503,20221,0
13862,26,0
10568,21284,0
7701,7918,0
131,5170,2
15733,18075,1
14567,5527,1
10568,7701,0
6677,9779,0
131,71,3
131,77,22
111,11731,0
0,19527,0
5267,8468,0
12952,955,1
3311,8468,1
12746,20420,1
1,955,1
16979,22474,0
139,8518,0
1593,6677,0
29,7245,3
122,3,0
18663,20928,0
131,810,0
55,67,2
18314,2,0
3693,3971,0
19790,5654,0
102,5038,2
18539,4238,0
21490,30,3
18285,20854,0
1525,94,2
15856,6511,0
17305,7421,0
10042,20423,0
14567,19728,1
18501,21138,0
15856,6510,0
6586,6864,2
8813,9437,2
12535,15136,1
16979,8363,0
5672,94,0
10568,15465,0
108,14573,0
5,999,3
3190,6157,1
16509,18604,0
136,19974,0
10568,6727,3
16979,8362,0
17216,8265,0
11060,1517,0
6665,9091,1
20518,20632,0
136,34,4
20093,5331,1
10568,9061,0
17736,2118,0
12745,63,0
10042,4798,1
21478,6665,1
10568,13217,1
14839,77,0
122,22095,0
47,5341,0
13607,61,0
6560,9610,1
1007,22323,1
14362,9777,0
140,20365,2
10568,1705,10
2762,77,0
15661,6677,0
16188,54,0
5091,7979,0
20093,22349,1
15292,7,0
11850,138,0
10568,30,2
1581,77,2
19578,5280,0
6,8396,0
0,18951,0
3060,4628,0
14567,871,1
14674,7330,1
10534,9777,0
12986,15517,0
6559,9538,0
17503,18020,2
139,16808,0
1928,58,4
10,17503,2
131,14322,0
18747,19860,2
1705,9570,2
76,7624,1
3637,6677,0
17447,26,0
108,486,0
19,5010,3
19710,2260,1
15011,77,2
2260,8859,0
139,4576,0
13325,20813,1
16731,94,0
14771,86,1
131,18322,1
18314,18940,0
7942,83,0
19104,3217,2
16469,19723,2
17232,17818,2
21384,40,0
118,15965,3
5331,5502,1
10717,17367,0
6677,9341,3
112,13820,0
12479,6795,1
1387,26,0
17202,61,0
6677,9,0
14640,16496,0
0,12854,0
8468,9310,0
153,7292,3
110,12990,1
22381,83,0
15081,8789,0
17866,3,0
131,2018,4
13673,7745,1
6017,6516,2
17007,9668,0
108,17054,0
10252,16142,1
10568,933,0
14108,94,0
154,2260,2
17630,5331,0
13496,83,0
4705,9857,0
17288,9777,0
17139,21955,0
13510,16979,0
13607,3800,0
5782,8879,0
112,4931,0
112,4932,0
20250,7514,1
108,228,0
14674,6791,1
20585,743,0
7652,8653,1
18314,21813,0
14567,6730,1
20190,6,0
15198,21117,1
13271,18314,0
20947,5280,0
14480,5265,0
14567,2428,0
14674,6157,1
1393,5280,0
18368,26,0
13567,5170,1
11899,6677,0
14184,5010,2
1971,5530,1
22013,3372,1
19478,9909,0
12479,14567,1
16800,20023,0
108,18750,0
18233,84,0
107,15517,1
2415,77,0
5,8288,3
21362,8789,0
10651,9437,2
15055,3971,0
13308,4628,0
4749,6377,0
108,57,2
15783,17503,0
14778,16151,0
13400,665,0
1,5431,0
13506,14567,0
26,4447,0
19412,9777,0
10568,612,2
5207,72,0
15733,9430,0
11799,6677,1
16851,31,0
11085,13,5
12745,8288,1
11554,131,2
17818,4198,0
107,8224,1
12629,8261,1
10,5280,6
16703,31,1
112,2992,0
112,2993,0
11664,77,0
3473,7,0
14880,3971,2
17,8425,0
12222,7018,1
1180,7749,0
18314,8015,0
12222,7017,2
2767,5280,0
1408,5527,0
10232,5331,0
17305,3854,0
17503,9570,1
11222,2118,0
125,21274,0
11187,11584,0
1,99,0
17503,18830,0
16590,82,0
21311,59,0
10568,20988,0
10328,19308,0
17232,58,2
16933,58,1
1882,8,0
11683,14272,1
14148,27,0
17924,48,0
17025,3971,2
11877,21451,0
132,63,2
11193,1705,2
21391,5280,0
123,13801,0
11621,17305,0
20901,94,0
2839,5280,0
15579,1674,0
11108,133,0
5184,54,0
10183,16082,0
55,70,0
21726,61,0
18538,26,0
3783,6677,1
125,17367,0
108,14490,1
1674,4879,2
19860,83,2
12911,2260,2
16410,41,2
18744,20190,0
26,933,0
15578,7979,0
133,3334,0
14184,19316,1
12420,15856,0
15537,5735,2
19408,2118,0
11249,12,1
131,6912,1
5331,5445,0
20518,7317,0
19526,83,0
131,69,1
18577,5225,0
19122,4310,0
123,895,0
14084,14703,0
13610,83,0
19916,19953,0
4871,59,2
16979,20201,0
13,131,17
13,136,7
1877,5280,0
11193,5502,1
15136,59,3
14227,2808,0
112,12945,0
15136,58,3
12140,5280,0
6677,7561,0
20615,83,0
17738,7397,0
5683,7701,0
125,20320,0
20643,77,2
10568,11193,5
13,15136,5
18424,5331,1
14567,2957,0
1581,64,0
1581,65,1
13501,289,1
10568,9938,2
20930,65,0
612,9627,1
15111,8685,0
14084,1513,0
10534,94,0
17430,4388,0
1928,65,2
12222,16591,0
122,54,0
13718,16979,0
13673,5280,1
20931,26,0
131,15517,2
17067,4151,0
5280,6798,0
10839,92,0
16703,16850,1
3477,9857,0
15509,77,3
21138,9379,0
11124,7245,1
18609,913,1
18314,9070,1
26,7183,1
18577,5009,2
93,9908,2
20883,5331,0
108,19709,0
112,41,3
10726,3,0
16194,5331,0
10568,9627,5
1513,22316,0
13988,17807,0
5217,83,1
14865,15847,0
11029,2538,0
5769,8080,0
5428,77,0
13309,6547,0
17503,9181,0
19541,20518,0
10568,9159,1
19478,2811,1
131,15306,2
17557,7397,0
18698,2765,0
108,9172,0
17164,58,0
11770,17807,0
15659,17721,0
20518,7827,0
7218,871,0
18314,91,0
142,7802,0
13186,63,0
17443,6791,0
15361,73,1
112,4929,0
6820,94,0
13,19790,2
2103,26,0
2598,7745,0
12202,19,0
108,6885,0
16146,16979,0
16142,19,2
19728,2544,1
131,4179,1
12673,14272,0
6677,8288,4
4576,87,0
13506,2118,1
7270,7549,0
14272,4080,0
21725,61,0
10939,7701,0
10373,12973,0
20845,7183,0
13,7830,4
20979,7064,1
17503,19091,0
21019,76,0
21019,77,0
131,9379,0
15783,6,0
15535,65,0
17503,6727,2
10042,11905,0
7310,83,0
11554,1513,0
1018,2056,0
1126,6789,1
11900,2018,1
21514,2214,1
1,12222,3
2214,77,2
108,1517,4
3971,9317,0
137,6791,0
61,93,2
19063,6523,0
11554,126,0
86,9906,0
112,2982,0
14184,83,0
17503,9450,0
12173,1353,0
101,63,1
2837,5280,0
112,3453,1
1126,83,6
11004,835,0
6176,94,0
142,4340,1
21005,63,0
1877,2870,0
11085,17339,0
18453,5280,0
17503,20683,0
12031,13,0
13540,86,0
15096,18121,0
18469,2118,0
19404,40,1
19404,41,1
10328,289,1
10568,7018,1
10568,130,2
10568,7017,2
19707,61,0
11370,94,0
17025,6516,2
2118,8638,0
15024,9271,0
14567,1864,0
19670,83,0
12222,17503,9
145,94,2
10345,20030,0
20896,22206,0
14865,22216,0
2006,6157,0
3972,6832,1
58,698,0
17339,9777,2
154,3456,0
57,94,1
10568,12460,1
8685,94,1
1353,18314,0
21146,4969,1
112,18363,0
21138,2493,0
17503,489,0
1068,112,0
18380,6677,1
139,19,1
10817,14865,0
4384,6,0
11106,6,2
58,7908,2
11320,17340,1
620,7918,0
18386,4749,1
14865,16089,0
19104,3971,3
11437,3051,0
3,98,0
1309,61,0
40,41,6
16866,5,0
18930,8789,2
3080,77,2
112,22117,1
18468,22415,1
1106,31,0
17352,18166,0
4961,61,0
21472,7733,0
18759,3,0
13593,5629,0
17503,4628,2
13691,19,0
14567,9852,0
131,17859,3
136,15011,2
13858,5070,2
132,9437,3
112,6402,0
18075,5475,2
4562,9341,1
14072,26,0
18131,5280,1
10820,76,0
16710,19308,0
18747,19,1
8701,94,4
10,3372,1
153,58,3
5280,8890,1
16567,2811,2
102,14272,2
1714,6665,0
12352,14885,0
12847,26,1
10428,26,0
18075,83,7
26,8023,0
8848,94,0
14018,14748,0
21437,54,0
18314,411,0
6715,9777,0
68,76,0
1,17119,0
19161,77,0
18131,9291,1
13531,1705,1
18166,8875,0
7908,8194,1
11178,7979,1
108,7245,3
16090,86,0
13506,16116,0
1396,4613,0
14808,27,0
11085,16926,3
10350,7188,0
125,7369,0
15,4162,0
17912,19,0
11875,16979,0
1126,7330,1
5752,94,1
11908,17,0
5,63,5
16866,8890,1
15709,73,0
1928,94,0
2932,6730,1
19710,9777,2
1,16229,0
10680,133,0
3322,5280,0
22206,47,1
37,5894,0
1620,8587,0
19988,5331,0
107,3777,1
12222,3971,8
131,3530,3
19,20273,0
17007,5280,2
13317,14865,0
20762,83,0
10568,18177,0
18314,20365,1
11752,14567,1
2947,40,1
10568,9384,1
16979,8364,0
136,65,2
1517,67,1
6095,7745,0
26,3655,0
7245,9777,5
1581,59,1
11752,18747,1
16866,5280,1
12222,5280,9
14524,65,0
12621,1408,1
1,4528,0
16423,6586,2
10622,83,1
3190,3880,1
17305,2383,0
1620,19516,0
10781,2870,1
20897,6795,1
10,16496,2
10042,26,5
15136,7445,0
3585,94,0
5577,94,0
40,9777,7
10651,6677,2
10447,21284,0
131,7145,0
26,5937,0
13989,6516,0
15642,6795,0
13271,3504,0
138,5639,0
14567,6242,3
19268,692,0
16402,26,0
26,57,0
14272,5782,1
1096,13327,0
133,6411,0
13,16783,0
13531,5280,1
5177,9963,0
10997,20518,0
10548,14567,0
13,1928,1
1209,16979,0
0,14806,0
17340,83,2
20518,4239,0
14128,6560,1
12057,1396,0
131,297,5
12153,6677,1
16151,2393,0
20365,7942,1
13,14009,2
13465,15504,0
131,6041,0
15509,6832,2
10042,17164,0
12140,20518,0
108,20333,1
15226,65,0
3095,61,0
41,9777,5
14322,22378,0
10482,15159,0
1166,77,2
11752,971,0
18020,19,1
1125,17503,0
11718,17503,1
77,9271,3
18577,8701,2
14322,18106,2
14864,17807,0
16138,18746,0
1126,18075,1
1,2963,1
1,7444,0
15420,17503,3
10543,58,1
2412,9538,0
14958,19,2
18,243,0
26,4868,0
15332,2973,0
26,4866,0
20145,7397,0
18424,4998,1
86,9281,0
10042,11357,0
12434,9777,0
324,3530,0
112,90,1
17305,18314,6
17503,9669,0
937,9891,0
10547,6242,0
5001,7329,0
15615,7745,0
692,9730,1
1030,14567,0
7,83,0
12222,18020,3
14227,17989,0
10568,3217,2
18575,2118,1
12394,6643,0
20845,660,0
1371,17503,0
16423,6864,2
12207,131,0
1353,956,0
1353,957,0
19334,77,0
112,7439,1
10568,7220,0
18106,77,0
17232,77,2
125,5842,0
10048,94,0
1396,19394,0
34,77,7
1353,7092,0
77,9999,0
12643,77,1
2201,871,0
21592,94,0
17503,20859,0
12552,77,0
15083,17503,1
1910,6665,0
10345,12092,0
14567,3340,0
10345,12094,0
13,15601,0
17785,2118,0
10568,8566,0
108,112,5
20518,21369,0
2965,3836,0
54,7681,0
18075,1875,2
20518,7156,0
131,14537,4
20900,94,1
2214,297,1
14674,3880,1
10568,6516,2
15634,65,0
13089,20518,0
22219,3438,0
7522,83,1
1004,87,0
139,17784,0
1,1125,0
1705,19058,1
10410,4433,1
17305,21186,0
11680,13,1
2740,3800,0
11915,77,0
297,77,4
17305,4412,0
21752,47,0
13575,5280,2
8023,9291,0
12843,37,0
20515,3428,0
123,20083,1
131,13720,1
15732,4781,0
16142,3753,0
10568,14702,0
5,7745,0
20518,7379,0
20518,7378,0
19316,5010,1
22283,6372,0
5361,77,0
1408,2598,0
12751,15856,0
6677,8813,3
6665,86,5
74,76,0
10568,6999,0
16940,83,0
10759,5264,0
13838,20518,0
14018,1958,1
1614,83,0
14771,6665,1
108,2661,0
14958,16046,1
6600,94,1
13539,26,0
12,77,4
1233,54,0
18314,1969,0
65,743,1
15866,4628,0
19,9610,2
19790,7245,2
112,19357,0
10568,14656,0
5038,58,0
0,9654,0
7246,9643,1
13704,61,0
11447,9437,1
18234,84,1
15107,16705,0
1,2811,2
11494,63,0
19672,61,0
3869,86,0
108,18386,1
3667,94,1
2118,9908,1
16059,61,0
19,9570,1
14484,31,0
1276,13858,2
10568,18454,0
21360,7745,0
131,17356,0
12542,6677,1
12153,77,0
139,19405,0
20642,21053,0
3836,83,1
5042,5280,0
7802,86,0
10568,4879,2
17807,20128,0
1,11076,0
3632,7444,1
17225,6614,0
3,3195,0
10,7883,1
3669,5280,0
11900,6677,2
10042,5010,1
19352,8594,0
20518,9258,0
17859,22457,0
17060,19422,1
108,7691,0
10336,86,0
14567,21910,0
8076,83,0
48,7548,0
13,34,5
54,5530,2
17047,743,1
14013,521,0
21036,7979,0
15675,665,0
103,65,0
18314,22339,0
1353,17905,0
11306,13955,0
138,151,1
15331,5280,0
34,6346,1
133,20193,0
5009,8701,2
10568,5502,3
7183,9777,0
19,8225,1
65,6689,1
14297,2538,2
5670,83,0
12621,7246,2
19176,6,0
15931,17433,0
7733,83,0
131,20464,1
13468,7883,3
131,7774,0
10,22378,1
21244,94,0
65,8685,2
18746,3827,0
11520,76,1
10408,20518,0
3978,94,0
12535,9007,1
10898,1096,0
11620,5264,0
10568,3448,0
17120,5280,0
131,136,9
18261,86,0
41,58,3
17707,8448,0
10908,94,0
0,894,0
14865,18134,0
1597,77,2
12827,94,0
10568,20285,1
19104,94,1
12040,17503,0
17367,29,3
40,77,2
11876,16979,0
17543,94,0
10373,10781,1
17503,20910,1
108,73,1
20256,20722,0
1662,3189,0
0,14391,0
11106,13379,0
16979,2185,0
664,83,0
17047,7017,2
15771,7397,0
16116,4877,0
16982,19,1
16151,9235,0
16532,6677,0
108,16576,0
19477,2118,1
2192,86,0
14567,2219,0
2385,7330,1
108,67,6
12542,324,1
14537,7230,0
108,68,2
7397,8076,0
17503,6548,1
12542,77,0
14243,18314,0
18424,9159,1
10252,20568,1
16413,21138,0
10107,54,0
10,6677,1
13811,987,0
10568,12449,0
34,65,2
131,724,0
12557,83,0
15337,5280,0
16151,6390,0
134,9437,0
18204,7397,0
14537,9777,0
130,779,3
0,1664,0
47,54,1
5280,8613,0
3971,7745,1
1084,6157,0
12992,83,0
18730,47,0
5280,8614,0
14567,2326,0
15704,3632,1
18314,2686,0
18121,20515,0
65,6820,1
16839,77,0
10715,12819,0
1958,20129,0
10279,20981,1
12519,14865,0
10162,14272,0
145,260,1
1,503,0
10373,10568,1
6885,77,2
110,9149,0
12222,3217,4
21728,61,0
4067,6,0
110,11124,4
12434,14490,0
17932,94,0
22298,3,0
15136,9007,3
12952,19,1
12222,94,1
19,77,1
112,6462,0
131,34,7
18166,9674,1
11187,12209,0
5010,58,2
14918,98,0
10568,17711,0
14941,63,1
10568,6017,2
108,21490,2
14567,3744,0
5756,83,0
12222,13468,3
20518,2428,0
15509,21117,2
15541,16567,1
6795,7095,0
6677,8878,2
16541,8878,1
19405,52,1
17305,4775,0
19422,73,0
19405,54,0
4965,77,0
1705,5001,3
14018,739,1
11520,3972,0
4072,7330,1
108,14449,1
11178,8789,2
123,22266,0
10568,15537,6
11916,19223,0
16229,18,0
108,3901,1
8036,8685,1
19,20813,1
10568,16483,0
1533,6791,0
6055,9218,1
14564,77,0
18131,2870,0
21738,77,0
20083,6554,1
1823,21138,0
133,14403,0
7443,94,0
20518,8728,0
17861,6863,0
108,913,1
4845,7549,0
17367,20879,0
19,5727,1
133,67,0
20931,77,0
11562,14029,1
1057,2963,0
10568,12155,0
3,9821,0
10568,13955,1
1180,58,2
1875,21146,2
3303,9777,1
1581,324,0
108,7749,0
108,22283,0
18746,21360,0
102,18609,1
29,67,2
1514,83,0
13,4065,0
118,151,1
13703,61,0
12040,7954,0
94,959,0
10042,9083,1
14711,16854,0
108,5641,0
10582,5280,0
1490,20752,0
18894,8743,0
17503,17657,0
1958,739,1
1073,13654,0
12037,13506,1
15940,9777,1
14069,6677,0
15736,17503,2
5280,7745,3
10568,1527,0
0,11106,1
11240,17807,0
131,13288,0
133,7960,0
14332,3800,0
17859,297,2
21514,77,1
2811,2963,1
17859,3530,2
31,3629,0
17323,54,0
34,6912,1
3971,6677,0
76,96,2
2811,3367,1
14400,2493,0
22126,9764,0
3298,6677,2
14905,37,0
69,77,1
111,9049,0
3314,77,0
18781,73,0
1875,83,4
13,9271,2
21999,6961,0
10568,12939,0
10350,14567,1
1396,9443,0
8897,982,0
14029,47,1
108,5330,0
11840,13518,1
16764,77,0
121,86,0
153,5782,1
12949,54,0
11106,27,1
19156,57,0
21974,4628,0
10855,19,0
1870,6643,0
11348,1516,0
105,19,0
2852,7979,0
108,11905,0
16568,94,0
17503,18331,0
110,17367,2
11874,54,0
12073,16402,1
14567,6468,0
19,6560,4
13518,8846,1
131,8224,1
112,17611,0
10568,14479,0
19459,19956,0
18746,18930,1
11554,63,0
10042,15439,1
11554,61,0
2976,3800,0
14748,58,0
54,73,1
649,77,1
13593,21322,0
111,17404,0
17139,7397,0
12222,6727,2
11701,1705,1
16854,26,2
144,2804,0
13506,76,2
108,20845,0
6808,7397,0
1,16046,3
11840,94,1
12788,84,0
112,18753,0
13955,9938,1
19710,9014,1
5113,54,0
122,8081,0
11929,26,0
131,7830,4
2130,22381,0
40,4287,0
13,7188,0
11752,16046,1
1,58,5
17564,18368,1
1,55,2
6346,649,1
17025,6017,2
21111,7745,0
12040,13989,0
4727,9128,0
10991,59,0
11100,6677,1
340,7745,0
26,4798,1
5735,6795,1
21972,6548,1
5177,93,3
10568,7598,1
22378,3971,3
10715,153,0
13506,96,1
16544,40,0
10898,5368,0
1705,20752,2
153,65,1
86,90,1
16142,6560,1
16265,7,0
13623,83,1
7583,77,1
0,8303,0
17503,6795,10
17503,6793,3
1447,22316,0
2037,7199,0
54,944,0
112,19806,0
11178,18746,1
5225,73,1
19993,77,2
5475,83,3
13500,31,0
108,17182,0
11106,21726,0
10042,16969,0
11106,21725,0
10583,5280,0
17864,9777,0
17305,19064,0
3102,94,1
14272,2254,0
131,5225,2
15306,19063,1
21019,7397,0
14272,7483,0
10568,14013,1
15361,7241,0
17232,1768,0
108,16032,0
260,94,1
10568,6403,0
15517,6514,0
122,5341,0
6677,8879,6
4072,5476,1
1166,131,2
7813,9791,0
15306,6,1
14362,6,0
11596,3971,1
17731,77,0
11768,14227,0
13,4453,0
2103,94,0
18314,7624,1
12,13,4
54,7816,0
20518,20752,1
5295,65,1
10568,15736,1
570,77,0
13965,20206,0
18166,4433,1
3367,3901,3
15107,19,0
10568,211,1
141,9999,0
112,1550,0
15805,3530,1
13103,14490,0
17746,3,0
5280,6607,0
108,14272,4
17859,7193,0
1353,2262,0
1,20955,0
10339,3983,0
11085,1517,1
13,9007,2
10568,18496,0
18314,688,0
16089,18747,0
4174,9384,0
6677,7636,0
5010,65,1
10568,6793,3
108,7658,1
17225,61,0
14272,21685,0
20518,22326,0
12479,6242,1
11866,8701,1
13501,3110,0
14304,26,1
15509,7245,1
20744,3971,0
2006,83,0
11850,15659,0
131,19063,1
2070,83,1
12745,6677,1
15136,8984,0
11485,26,0
123,9963,1
108,17505,1
108,19744,1
19512,77,0
15280,7391,0
3362,5001,0
1705,6627,0
13435,77,0
16530,2118,0
17,4487,0
129,5280,0
3973,9304,0
4628,9145,1
6157,9265,0
18322,6820,1
15439,26,1
13506,19477,3
19653,9751,0
13892,20752,0
15965,94,1
14674,7181,0
12174,17352,0
11642,76,1
1525,8383,0
76,84,4
1513,20129,0
17516,71,1
16801,20518,0
2637,3453,1
151,94,2
125,2512,0
10409,20518,0
16031,9106,0
0,12022,0
13617,58,0
17305,9070,1
16150,3800,0
3080,9271,1
15327,20969,0
12260,31,0
18204,83,0
1360,3,0
10568,19058,1
715,9027,0
112,20464,1
14096,96,0
10568,18126,0
16979,4620,0
10568,4998,2
17503,9142,0
1096,131,1
6192,94,0
13987,18528,0
10909,94,0
10568,20518,3
112,4813,0
8150,94,0
14941,5,1
131,8219,1
4628,5969,0
0,142,2
14272,7554,0
18449,4628,0
18746,8789,2
131,7245,4
41,77,2
12389,4881,0
2005,83,0
10042,15420,0
10568,3465,0
10361,94,0
14170,18746,0
10210,17707,1
125,37,0
13575,1705,2
138,15148,0
18106,2478,1
19710,4372,2
14272,3311,1
37,6574,0
13,13275,0
13,15535,1
17216,5408,0
26,493,0
17516,9777,0
1,15492,0
21930,58,2
17503,8789,0
110,1394,2
7999,94,0
1513,15827,0
10781,3971,2
16541,6677,1
118,65,2
13,6353,0
16254,86,0
133,5555,0
12676,20917,0
10864,9437,0
1,48,0
10568,779,2
14799,8789,0
3432,83,1
1,44,0
10906,72,0
16046,16142,1
15292,6437,0
17503,5001,3
94,9802,0
6677,8514,0
132,6677,2
4728,5280,0
1765,4628,0
19706,61,0
3971,7292,1
102,21490,3
670,84,0
110,13,8
16046,19,4
16410,9777,2
4072,83,2
154,4372,1
19,20099,0
112,15958,0
15420,6795,1
136,7830,3
17707,83,1
20518,3289,0
16535,17305,0
131,15805,1
13420,14567,1
13715,15035,0
1007,15937,1
20518,21937,0
86,9091,1
12153,3783,1
19993,65,2
1057,14567,0
112,7245,5
11085,77,4
3455,5638,0
131,21112,0
108,55,2
20518,20563,0
3,52,0
1126,6791,1
123,13046,0
10568,12395,0
17305,19076,0
22378,5280,3
2069,83,0
11554,1353,0
11004,17503,1
21926,6795,0
108,659,0
6677,7634,0
14456,6677,0
17815,7397,0
11752,83,1
10290,31,0
10622,20183,0
19,55,2
13,19993,1
15214,77,0
1,21675,0
11004,6795,1
10936,20518,0
0,1,1
1674,8261,3
40,7245,3
20420,999,3
0,9,0
6402,65,1
17763,77,1
16854,9451,0
112,12910,0
102,108,6
18916,5280,0
18075,92,1
11304,11718,1
11877,19134,0
17367,7894,0
6,77,1
6,76,2
108,7064,1
19066,6665,0
12518,20879,0
16866,94,0
14297,5280,2
14174,8789,0
13500,20935,0
112,21939,0
21362,58,0
21037,7979,0
16935,9582,0
11187,16340,1
10568,5060,0
1,17396,0
17862,20932,0
1581,3654,0
107,1201,0
10568,11701,2
8846,94,1
150,20518,0
19710,65,1
16142,94,1
17807,21146,0
142,6927,0
17067,9027,1
12542,17807,0
30,55,2
22316,58,0
37,52,1
5641,6615,0
11596,5280,1
2018,6677,1
12552,18314,0
20931,58,1
11956,142,0
30,58,4
10560,6677,0
2853,7979,0
131,15011,2
19,2811,4
0,22264,0
58,743,1
131,15017,0
10042,19908,0
11711,18314,0
8789,8862,0
26,9172,0
10568,17503,17
13691,17503,0
4701,6130,0
5093,6423,0
17503,7883,4
17738,7943,0
17316,7979,0
18540,20518,0
2811,3901,1
10437,83,0
22330,810,0
20931,6522,0
14272,22378,1
10350,84,0
3257,54,0
20121,77,0
19,21490,2
22378,29,1
10345,1883,0
10042,15965,0
10568,22349,1
14304,1705,2
1158,22206,1
16015,18500,0
13,17818,3
5419,9777,0
14880,2870,1
10568,5331,7
5782,7292,1
4501,61,0
11781,16979,0
12222,14304,2
14674,3190,2
16496,26,4
6,891,0
12220,18528,0
76,86,0
20420,6677,4
20518,5059,0
19,20638,0
15090,86,1
26,8552,0
10568,4628,2
108,5225,2
10568,9218,1
14026,4781,0
108,7841,0
10568,13468,5
15842,20518,0
18731,6665,0
130,7514,2
10495,12236,1
20201,834,0
4871,77,1
105,37,0
13,9037,1
71,77,3
21019,26,0
131,17564,3
4729,5280,0
1615,354,0
21565,98,0
13607,8468,0
14524,26,0
3093,61,0
11339,59,2
0,133,0
13619,5280,0
18780,83,0
16680,3827,0
1049,15332,0
15209,84,0
3989,6,0
10568,20897,1
12635,18314,0
1510,40,0
17503,19860,1
5280,8979,0
4519,5280,0
1396,6081,0
12466,17305,0
21752,4845,0
57,9777,0
14227,9674,1
54,56,1
10532,5641,0
10543,20931,1
108,3367,1
20515,6126,0
12222,26,3
17924,3983,0
14365,4628,0
11554,3983,0
54,9821,1
10495,17503,1
1353,21019,0
10568,20093,3
13396,7979,0
15306,8948,1
13623,1875,1
16567,19,1
63,8743,0
11701,17047,1
20981,2205,0
15204,8261,0
17859,8657,0
1396,20921,0
16752,20643,2
18234,76,1
11841,129,1
2249,4871,1
12168,94,1
142,76,4
7397,9265,0
1,76,3
16815,2218,0
15707,6157,0
12389,6180,0
20813,3102,0
14860,86,1
10568,13827,0
20515,8704,0
21019,6677,0
21636,84,0
12621,18,0
14252,17,0
12222,17025,3
19376,7,0
17305,20196,0
1007,77,2
12479,17503,1
15537,3971,5
1408,9304,0
17367,4576,0
18314,2947,0
112,15940,1
35,6677,0
123,2769,0
131,9150,0
15806,8657,0
20518,2053,0
5217,5476,1
125,5373,0
13607,2118,0
13,17564,2
17067,31,0
1377,16402,0
16729,17503,0
12629,4879,1
2768,5280,0
14102,84,0
17366,83,0
14227,3800,0
11085,65,2
21312,77,0
131,21105,0
11680,131,2
14396,5280,0
6122,6791,0
10848,112,0
7979,8789,2
1,3351,0
14567,20615,0
135,76,0
13702,61,0
151,15292,1
18609,8902,0
11916,58,1
5280,9627,0
4628,8862,0
1096,13720,1
22004,4628,0
16518,5752,1
11085,17818,2
11907,17,0
20009,20518,0
12911,59,2
13593,7928,0
6418,7997,0
18730,6665,0
18314,3306,0
10233,10568,0
14865,22215,0
8288,9341,2
10568,22378,2
10042,573,0
14865,22212,0
20951,26,0
4462,9669,0
10929,19156,0
3654,9777,1
22309,86,0
11187,16283,0
10345,14771,0
13539,9777,0
6402,77,1
139,6988,0
18774,18845,0
13681,37,0
14227,2516,0
18588,9777,1
1615,83,0
12,34,3
6084,7397,0
2193,86,0
1353,16490,0
13490,17503,0
10210,83,1
16653,20518,0
108,18749,0
11934,2118,0
12222,16046,2
20937,77,0
13830,52,1
21462,94,0
6268,94,1
18239,84,0
12460,9627,1
3829,7979,0
2497,86,0
17503,5735,2
10350,12911,1
14275,17367,0
17557,83,1
12746,6677,1
37,4576,0
17989,20085,0
6677,9662,0
14069,63,0
3432,6791,1
2598,6242,0
13,1597,2
12980,3456,0
47,9730,1
112,17367,3
11018,22378,0
11193,3971,2
145,1525,1
18746,19593,0
3372,6677,2
7652,83,1
1311,4727,0
17503,20752,3
630,7444,0
112,12078,0
21186,7549,0
10568,18587,0
3971,5280,8
21490,5038,2
118,19806,0
11866,94,1
14322,6677,2
4557,54,0
14227,20563,1
108,4749,2
8036,94,1
47,692,1
12847,13654,2
15930,54,0
15232,18380,0
11642,54,0
19860,20190,1
1786,19860,0
12222,15537,6
21117,77,3
10279,348,1
2326,8219,1
15931,73,0
13,1750,1
10,15084,0
10155,18609,0
6793,7883,2
5671,83,0
14537,3047,0
14198,19104,1
15306,16089,0
12774,15147,0
11070,16151,0
0,17073,0
10568,21364,0
14272,8216,0
12037,139,1
15537,22378,3
10042,12847,2
22283,8223,0
54,7075,0
20122,7912,0
3328,54,0
14098,84,0
41,76,1
743,9627,1
11304,7979,0
133,18658,0
11901,6735,2
6445,6735,1
139,17866,0
12660,18609,1
16496,5927,1
21908,31,0
11104,112,0
11554,77,2
15034,5280,0
5762,83,0
5225,7245,3
5177,6,2
19515,5641,0
11554,13,2
18314,19477,2
0,12170,0
41,94,0
16783,7330,1
13987,37,0
4238,7514,1
6628,77,0
10568,21653,0
136,9037,1
1,12915,0
15965,58,2
13420,19,1
67,90,2
10,17807,0
2118,5177,2
5070,83,2
2118,5172,0
13269,20250,1
11698,16423,0
3,6088,0
12519,2260,0
16402,58,1
20900,8701,1
4562,6677,1
3177,6677,0
7324,9220,0
12222,5001,3
14009,18629,0
112,2947,1
144,54,1
20762,7397,0
18314,21481,0
131,5641,1
12222,1705,8
3,6462,0
131,17367,3
15704,94,1
11408,13855,0
2963,65,0
18,79,0
3,6468,0
108,29,5
3217,3971,3
17738,83,0
108,20928,0
10584,5280,0
11124,1855,1
1770,4628,0
17485,6677,0
17305,19477,2
1,14184,1
11718,835,0
15332,77,1
110,77,7
133,13830,1
13181,19422,1
13654,14125,0
19328,4202,0
131,8948,1
12280,14184,0
17807,7509,0
138,3972,0
17500,5280,0
17807,7506,0
17807,7505,0
138,17721,1
21148,61,0
11524,17503,0
14250,9366,1
1,19,13
112,1928,1
1944,5527,1
4577,54,0
10183,1877,0
4628,7775,0
5280,8491,0
11085,58,5
1071,20518,0
1,830,0
3743,54,1
14744,65,0
15306,22378,0
13181,17060,1
16518,94,1
12967,47,0
14013,22062,0
13325,14958,1
12651,18314,0
5010,9789,0
13623,61,0
10279,14126,2
20673,47,0
1408,16469,2
30,5280,2
11916,12829,1
12389,70,0
107,22080,0
21747,9037,0
19,30,5
3,6081,0
10568,8261,2
18856,87,0
14084,19884,0
4388,6126,0
10939,17503,1
3,3303,0
6,6081,0
153,30,4
10679,133,0
10568,18424,3
10568,17047,4
2070,6157,0
4372,9014,1
10470,10568,0
14272,9509,0
17231,20518,0
5177,61,2
7181,7397,0
108,3017,0
16851,6831,0
12153,4301,0
10568,5972,0
14656,5485,0
5641,7054,0
19104,2538,2
7266,8789,0
11554,5264,0
5009,94,2
14674,1875,1
1,3844,0
17005,9083,0
102,15856,0
102,14490,1
1033,14567,0
1705,5280,4
14771,18314,0
1513,9789,0
16800,77,1
3362,6,0
19710,40,2
19710,41,3
10568,6055,1
105,108,1
10095,15645,0
2070,7330,1
5280,754,0
1517,7658,1
15227,6,0
5280,753,0
5280,752,0
14539,17356,0
22013,6677,2
10183,16496,2
18940,37,0
3901,676,1
18609,57,2
15361,18069,0
340,6677,0
18575,5177,1
1,21490,2
26,6999,0
10042,13654,1
10856,12911,0
19,8,1
5280,9857,0
17491,18609,0
112,20876,0
15517,2326,1
19916,7,0
12590,1353,0
9008,94,2
13032,72,0
14367,4628,0
17935,5641,0
110,7830,3
10568,19148,0
6410,77,0
11900,9663,0
16496,7292,1
19316,3800,0
11124,7452,2
10568,18020,2
5070,7330,2
10572,5331,0
15517,21063,0
10568,4799,0
2765,5280,0
15541,2811,1
123,17894,0
131,14272,4
15131,54,0
67,68,1
1517,9777,0
12621,9643,1
12989,131,0
66,6677,0
131,9147,0
2538,5280,2
4846,9777,1
20231,47,0
138,17067,2
17503,18289,0
16590,17503,0
20145,83,0
112,6343,0
17305,6790,0
2201,6730,0
2883,3017,0
10183,1062,1
4022,8468,0
16242,8789,0
13332,8491,0
1,41,2
20728,21556,1
16854,58,2
1064,14865,0
18166,6187,0
47,6540,0
18609,983,0
13607,5160,0
58,8194,2
13329,14908,0
11437,17503,0
12990,131,1
130,15856,2
16496,5280,2
112,12535,0
2018,297,2
17,21556,1
18131,7323,0
0,116,0
16651,18314,0
19,6418,0
10242,9777,0
83,9741,0
5,9341,2
14567,1944,2
10568,409,0
14567,19,2
11769,4969,0
67,86,1
52,6,0
12947,9437,0
131,8179,0
13365,61,0
15965,65,2
15488,18604,0
17455,18314,0
131,5782,1
13654,58,3
15797,22109,0
1,10,5
16866,21457,0
12829,16933,1
21282,83,0
12,7830,2
2260,59,3
15688,6677,0
19918,20708,0
20231,9777,0
7657,94,0
6369,77,0
15856,779,1
6832,77,3
5641,61,0
77,9366,1
11683,51,1
10,6404,2
12222,19104,4
22270,6516,0
11423,1882,0
22013,8879,1
13977,20518,0
11710,18314,0
1180,13,2
13,13394,0
13858,83,4
17305,8131,0
13506,139,2
11085,17232,4
10568,15886,0
16864,65,0
19,7218,1
17557,7330,1
3,5699,0
13715,18749,0
1396,6442,0
1750,77,1
18122,20515,0
15736,6795,1
13468,15537,3
352,5641,0
14171,18746,0
15136,77,3
77,7885,0
105,3453,1
4969,83,1
56,73,1
639,86,0
118,58,2
12701,142,0
63,9379,0
18577,94,3
18774,63,0
108,21754,0
1126,3670,0
11458,131,1
12352,19,0
10,58,4
59,7490,0
17807,933,0
19993,94,0
4841,9674,0
5,6677,6
14172,2853,0
127,76,0
11554,6677,0
17573,3102,1
14567,17000,1
12911,77,3
138,15292,1
19104,5280,5
1394,77,1
21005,7745,0
112,7455,0
3466,40,0
13136,3836,0
17573,6600,1
11028,17503,0
16703,20518,0
14272,9510,0
15420,4628,2
6083,83,0
15420,18746,0
10183,8874,1
15361,17785,2
14395,2260,0
7701,8491,0
5177,77,1
6242,9730,1
17202,7104,0
2544,9304,0
1394,14009,1
112,20333,1
16022,26,0
10568,7883,4
20518,7710,0
19478,20958,1
11485,8194,1
22011,9181,0
153,26,3
14322,8879,2
15797,20563,1
14567,8353,0
12974,1559,0
14198,5280,1
15601,22296,0
6677,9437,8
10568,1483,0
13,14717,0
13949,17503,0
14160,9777,2
15797,18166,2
17,324,0
110,14272,2
14010,17,0
77,8685,1
21053,31,0
15036,3983,0
18046,9777,1
5168,8789,0
18314,5372,0
112,1941,0
7322,9627,1
18046,6735,1
18747,83,2
4787,5,0
12,13567,1
15827,1987,0
13636,724,0
5641,6157,0
663,7397,0
12222,17007,2
6677,999,3
14865,19249,0
107,297,3
14567,15081,0
122,18390,0
0,84,2
17821,83,0
11554,6814,0
13418,4628,1
17007,20420,1
131,14248,0
4072,5217,2
108,16800,1
1973,3017,0
3743,5530,1
12756,133,0
11752,6,1
14250,77,1
17352,2724,0
11193,12222,3
1158,47,1
1222,18121,0
16783,83,1
13,19710,2
131,2326,2
1126,5094,1
131,14647,1
3907,47,0
13420,13949,0
154,21362,0
14660,94,0
12392,12745,0
107,14539,0
26,7292,2
11679,4628,0
20952,5010,0
10042,7195,0
15092,16151,0
10640,54,0
2296,65,0
112,12066,0
11752,4721,0
10568,5567,0
11165,17503,0
17785,61,0
13518,94,2
131,17516,2
18925,5010,0
131,7067,0
112,9826,0
11320,83,1
7439,9777,1
17859,2018,3
112,15227,0
1408,3372,0
14160,40,2
15361,19744,0
10043,94,0
3972,7245,1
130,4238,2
15858,77,1
63,8742,0
3836,5475,1
12026,5244,0
4558,54,0
10591,6677,0
11699,16423,0
1513,5641,0
20231,6665,0
8878,8879,1
77,9970,0
14885,20638,0
12475,86,0
26,5280,4
14272,5468,0
112,17052,0
14567,20171,0
112,17051,0
10351,19,0
19424,73,0
12222,9291,2
13,8178,0
16164,2260,0
112,29,4
1705,211,1
16398,488,0
11124,14009,2
11100,8545,1
10568,20752,4
5429,59,0
14845,5708,0
21971,94,1
13193,3800,0
20518,779,2
112,20616,0
10042,7774,0
83,92,2
20952,7364,0
3333,65,0
5170,77,1
0,4787,0
3258,73,0
10146,83,0
5641,77,1
3472,7,0
5130,77,0
17738,4149,0
22429,86,0
11936,7,0
112,7069,0
112,7068,0
1928,20464,1
110,59,2
131,6820,1
108,17805,0
11223,125,0
107,34,3
1662,17815,0
110,136,4
20834,86,0
14596,19352,0
3311,9777,2
15342,18131,0
1526,17503,0
11106,96,1
11105,18314,0
14272,5467,0
15695,17503,1
26,6205,0
13269,7514,1
21449,7979,0
5280,8125,0
14227,18166,2
11900,18380,1
14370,6691,0
10387,17503,1
59,71,2
246,2811,1
59,77,13
739,8386,0
19,58,4
4628,501,0
5177,9908,3
13,9916,0
2443,4628,0
154,18285,0
11193,13217,1
15090,6665,1
11124,131,7
10568,8685,0
20752,21598,0
12660,9008,1
21146,5475,2
15677,2661,0
111,6441,0
1,15306,1
11709,18314,0
31,9756,0
21394,7549,1
3568,58,0
3315,77,0
1,7908,1
108,15660,0
1276,83,2
15865,4628,0
59,9777,0
5094,83,1
12168,6268,1
15492,37,0
15853,4628,0
129,8879,1
12222,5735,4
5280,687,0
123,20019,0
10568,17025,5
13418,9145,1
19,728,0
7330,92,1
4879,8261,3
88,999,0
19104,6403,0
13962,61,0
112,14160,2
13293,8762,0
1180,15136,2
1,11752,2
1397,18314,0
1,3823,0
108,2818,0
21019,2118,0
2260,77,4
799,9777,1
13,16926,3
108,19154,0
101,9437,1
12222,13575,3
17367,18746,0
6,93,1
37,90,0
37,91,0
10664,5331,1
15856,4238,1
13052,4628,0
19859,9777,0
117,12745,0
1,6404,2
18166,337,0
51,5280,0
11388,20518,1
1866,77,2
1322,83,0
13472,17305,0
107,110,4
10568,1674,3
11124,14537,2
12981,3456,0
12588,17503,0
1237,18314,0
2870,3971,2
10568,15420,2
132,5,3
1855,9148,0
1674,20523,1
10568,15695,1
10726,18314,0
112,17339,2
133,52,1
6795,7492,1
21478,86,1
123,6554,2
22117,40,1
11752,21400,0
10328,13501,1
86,8636,0
5335,83,0
138,9027,1
8468,9777,2
11085,13654,1
16940,7397,0
12073,58,1
13092,131,0
1,19118,0
20643,59,2
14294,6547,0
19723,7246,2
14626,6124,0
12555,83,0
63,999,3
18106,8879,3
111,40,0
108,8473,0
107,13,4
29,9777,4
15937,77,1
19,20365,1
12280,20518,0
10726,6665,0
130,76,0
2762,5280,0
15198,77,1
10183,10715,0
11339,154,1
16752,59,2
1,21630,0
1595,83,0
1006,17164,0
10681,133,0
6802,7397,0
16854,7183,1
5868,739,0
1196,142,0
4677,9777,0
6,78,0
14567,21362,1
16982,6560,1
11752,17807,0
12829,58,2
17785,73,1
11874,9777,0
10568,4680,0
131,18368,1
133,18688,0
10345,22126,0
10345,22125,0
123,4557,0
11388,7514,1
11642,142,1
799,8468,1
3191,3457,0
15361,9304,0
21930,5295,1
47,7549,1
7218,9610,1
2018,3530,2
22028,4628,0
10568,153,2
3972,77,3
14449,19744,1
3530,65,1
12273,17503,0
22415,77,1
131,22415,3
4628,9600,0
5001,9037,0
83,9230,0
1513,17120,0
14567,14679,0
11440,14567,0
14184,19,2
17234,17807,0
136,5225,1
11752,21362,1
17784,3800,0
5331,7322,1
18758,3,0
17216,22317,0
58,6820,1
7019,7572,0
10568,11304,2
3971,9938,1
12,13291,0
15856,6896,0
125,14358,0
17672,65,0
16979,9929,0
11629,61,0
11618,2005,0
19423,73,0
154,4877,1
125,14357,0
17807,7508,0
110,297,3
17,9736,0
3836,4028,0
136,77,6
1,17393,0
111,14356,0
2608,63,0
13715,15827,0
2385,83,1
108,6586,2
133,13681,0
123,7421,0
11348,15856,0
14272,2018,1
1,30,5
7,8,0
17367,17785,1
7445,94,0
2834,5331,0
10410,18166,2
10568,15221,0
6677,8545,2
324,6677,2
14860,47,0
108,20917,0
20518,4522,0
15158,20518,0
10351,15306,0
3298,8879,1
102,30,1
11680,22415,1
18742,7979,0
131,3777,1
12,3654,1
10939,6795,1
4663,94,0
54,9582,1
17859,8928,0
10651,8813,2
16349,29,0
129,6677,2
40,4846,1
31,9167,0
108,90,2
3749,5280,0
11304,21972,1
2004,7522,1
18524,6677,0
11562,14865,0
14647,20464,1
19,20155,0
16926,77,2
27,6462,0
