18166,9281,0
13731,22368,0
12207,131,1
11339,18747,0
1,6,4
20917,4183,0
2118,8576,1
123,16469,1
10183,2115,0
14362,18747,0
21789,7701,0
16979,7637,0
14567,16511,1
45,76,2
17503,7774,0
2428,26,0
3056,77,0
15456,8198,0
11339,11752,0
11189,131,0
125,21587,0
125,21586,0
16045,16575,0
2247,77,0
108,15659,0
6308,94,0
12,131,4
17204,17503,0
17305,20344,0
142,17084,0
6404,6560,2
11304,17503,3
16982,77,0
7330,83,3
10568,13007,0
10568,16866,0
2118,4775,0
4176,6791,0
18121,6479,0
6912,77,2
16496,5280,2
1971,54,1
131,1336,0
34,65,2
108,17491,1
108,7727,1
1042,54,0
13,154,3
12,17367,2
4000,6241,2
4885,63,0
19710,9014,2
17305,21368,0
13654,8194,1
13328,94,0
12625,83,0
19668,19669,1
17405,68,2
18166,5926,0
10007,9777,0
17503,9931,0
131,15011,4
2586,3,0
11635,83,0
17899,6846,0
154,22415,1
112,15930,2
76,8216,0
8931,9730,2
11193,15537,2
10145,2041,0
18560,54,0
2996,94,0
123,7502,1
10350,77,6
1,6504,1
131,6006,1
16238,5060,0
26,9172,0
154,19,1
14865,2569,0
2015,83,0
19828,6741,0
11752,12519,1
12325,17807,0
21563,7,0
19710,94,2
18909,94,0
15360,15361,0
13506,2118,3
14545,6,0
131,15466,0
20860,3063,0
12847,58,0
12559,17807,0
12952,16046,1
1096,110,2
130,20518,2
14227,20016,0
58,8685,1
17902,22368,0
18121,4388,0
108,8263,1
10350,9105,1
11187,17,2
123,9852,1
16436,18314,0
16469,2118,1
21974,6795,0
26,3176,0
1980,31,0
15232,22378,0
13512,18314,0
10568,22209,0
5060,7701,1
111,18595,0
15124,6732,0
1928,26,4
131,7447,0
22154,83,0
21974,4628,0
10568,5589,0
1170,12418,0
13,58,6
13,59,4
16241,8789,0
5225,8224,1
68,7245,1
110,3654,5
12479,6795,0
14190,3773,0
20518,5131,0
20518,5130,0
131,2018,6
14851,5331,1
12983,1396,0
20904,71,0
11339,2260,1
136,17564,4
2811,3901,0
18489,19205,0
47,7549,4
125,1396,0
1,12553,0
13292,13575,0
19122,3655,0
1705,8408,1
19122,22178,0
12155,1705,2
12409,17866,0
10966,15645,0
108,13014,1
12911,1481,2
17894,18314,0
17866,77,2
1662,3189,0
19304,20229,0
12155,13394,0
324,6402,1
17912,18747,0
13,16489,1
10996,6,0
17894,2118,1
22349,5331,2
4140,7015,0
14272,51,2
1,12952,1
112,40,2
112,41,2
16906,26,0
1534,47,0
13,17564,3
20148,9777,0
16046,58,6
6677,8288,3
1,29,1
21208,9777,0
18870,9751,0
601,71,0
19744,659,1
6677,8576,0
15914,3571,1
123,2476,0
15494,6,0
444,6,0
1,19,6
10,1408,1
11106,6,1
17828,20121,0
17787,6,0
14227,22179,1
10159,12162,0
12678,18565,0
132,9437,0
15124,17503,0
13,3369,0
15,151,0
13,6207,0
6574,83,1
20495,22013,1
123,3623,1
14783,8874,2
22029,2878,0
17170,77,0
13,17516,2
18971,4818,0
1160,18246,0
21005,6677,0
142,18760,0
351,7572,0
1352,15758,0
18166,19094,0
16046,20750,2
324,5,2
14865,18604,3
112,7226,0
112,18588,1
20518,3179,0
13,17232,2
0,14806,0
20812,5280,1
15169,84,0
4764,63,0
110,136,4
15,16553,0
2965,83,1
10350,154,3
13858,7330,1
10,26,3
108,17696,0
19710,4372,1
19267,6241,0
1485,84,0
77,9105,1
20754,7514,0
12469,126,0
154,19710,2
65,8957,0
1,18965,0
2493,4449,1
7733,83,1
108,21896,0
19478,26,1
26,8874,1
108,21895,0
123,91,0
20495,5782,1
7639,9791,0
18314,20862,0
122,4150,0
14865,17150,0
13014,7727,1
12697,65,0
16866,65,3
18364,8789,0
18747,3362,2
1525,7443,2
15517,18915,1
1525,7444,2
10568,12222,6
6279,8588,0
17807,6261,0
19175,5010,0
2118,9963,1
17503,6548,1
12222,18587,3
16518,26,0
111,2813,0
1,11770,0
14860,6665,1
123,13671,0
12154,86,0
131,5654,0
110,5782,2
112,19451,0
14159,27,0
108,15358,1
22368,6060,0
16496,65,2
19,21362,0
10513,112,0
10568,13308,2
13071,70,0
19084,6345,0
6,9595,0
17047,933,1
26,94,4
13,6730,1
107,131,5
14567,18604,0
6765,8361,1
21243,22368,0
14865,990,0
108,19086,0
14567,17637,0
11187,12209,1
13593,21322,0
20660,47,1
17170,6727,0
21237,22421,0
3306,5527,0
10568,1127,0
63,8742,0
12479,6549,0
10568,10781,1
14568,7701,0
12222,8023,0
18664,8789,1
1559,7912,0
18747,9442,0
17305,7245,0
3791,6560,0
4198,65,1
176,47,0
10991,1864,0
17990,7514,0
15306,96,2
15306,94,0
123,12407,0
10568,5001,2
12073,77,2
12732,136,0
12291,76,0
17305,410,0
17807,20155,0
13714,3,0
297,9382,0
11543,2118,0
19122,2042,0
14865,3362,2
15306,18747,0
16979,8230,0
11437,18166,0
6730,9730,2
13980,5280,0
20518,68,0
16489,77,1
21244,8040,0
14351,18701,0
16046,2811,1
123,979,0
86,9472,0
17305,7624,0
131,15259,0
1755,7,0
1179,6241,1
18539,779,1
123,13046,0
15856,4818,0
18538,21880,0
247,6242,1
20420,9437,1
13,65,9
108,12985,0
10042,16046,1
22368,6073,0
7444,94,2
10991,18747,0
10966,20791,0
20793,4388,0
19122,7834,0
11955,17807,0
15869,9627,0
18314,18962,0
17565,26,0
14865,15914,1
10568,13463,0
112,13805,0
15517,6912,1
21971,3667,1
1928,9083,2
108,18663,1
10568,13468,0
1255,13643,0
5808,7841,1
20660,22206,1
0,68,1
11963,7514,0
22368,503,0
8110,86,0
1,12545,0
1,16046,17
13,17721,0
17321,54,0
10568,12820,0
18489,5527,1
19790,77,4
11187,19103,0
18246,61,1
18166,6072,0
59,7830,0
12519,20190,0
112,9777,12
17765,19358,0
6727,743,1
14272,67,0
18106,6677,1
4375,84,0
6665,896,0
14640,26,0
112,51,2
131,7452,0
17305,3504,0
17503,471,0
47,7270,1
58,65,8
2379,5909,0
1019,142,0
17441,94,1
17426,7067,0
10042,1928,3
20196,3803,0
11553,26,0
297,3654,6
0,18955,0
14449,19744,1
58,6970,2
108,20979,0
3,5699,0
17367,9777,5
20904,77,0
53,76,1
5223,8790,0
16059,17667,0
12819,5280,0
13949,14560,0
19291,9777,0
14012,14865,0
3693,5510,0
10223,18314,0
108,1517,1
20518,20855,0
131,3998,3
1,7643,1
11418,6795,0
11520,84,0
21746,6,0
16188,2118,0
18747,8829,0
12202,17503,2
15632,77,0
1705,489,3
1502,2118,1
112,7141,0
22368,8745,0
19122,6765,1
19087,22349,2
5331,7573,0
1126,9419,0
140,37,1
10,19,3
321,6,0
14227,250,0
1750,77,1
15537,1705,3
13,15639,0
112,15523,0
11764,15136,1
16927,6677,0
19799,8799,0
17503,20098,1
16743,17,1
1353,17223,0
18796,94,0
138,15259,0
19958,2118,0
12222,17047,2
14160,9777,0
0,21904,0
16414,21138,0
1,8,3
19122,4588,0
21111,6677,0
131,1597,1
12073,131,2
1,20750,2
2118,3623,1
13,9037,0
17988,7582,0
16382,22368,0
17305,8247,0
14654,20537,0
147,54,0
11246,9627,0
17807,6259,0
112,14114,0
21385,2907,0
17503,20897,5
83,910,0
12249,86,0
2118,9970,0
123,15991,0
77,9601,0
14537,6006,2
14567,17912,1
3654,3998,2
14351,22056,0
131,19205,2
17462,18747,0
1396,20266,0
5343,84,0
22415,6677,1
15609,17503,0
1132,2118,0
12829,8194,2
15695,17503,1
5280,5917,0
22303,7444,0
5,9437,3
12329,20917,0
15518,18166,0
14227,2333,0
15517,3568,1
16496,2018,2
131,13567,0
11249,77,1
108,12247,0
2004,83,0
12361,19122,0
13269,15856,1
112,20203,0
1,9416,0
13506,18314,0
13716,8789,0
16575,17503,0
1689,54,0
14816,94,0
14865,16252,0
10295,1353,0
10350,13,3
13506,17305,1
18166,20712,0
1705,17503,11
15964,54,0
14654,31,0
34,9271,3
13,8928,0
5331,9627,1
12622,13,0
18314,4392,0
15643,18166,0
14567,9730,4
5782,65,0
5018,5225,0
17,4973,0
10183,17801,0
17339,9777,1
131,15332,0
18747,19479,2
18609,4184,0
0,15986,0
14567,2932,1
20495,6677,6
17367,5225,1
3,9095,0
1096,131,2
6655,8007,0
11437,14865,1
21385,9777,0
15198,3972,0
18609,4749,1
22323,77,1
138,2322,0
108,11620,0
10,16046,4
11680,22415,1
11687,9777,0
61,9908,1
19122,8988,0
20812,7745,1
21384,94,0
19540,6,0
108,7319,0
14449,15361,1
11877,834,0
18166,7622,0
18604,20190,0
131,15535,3
10495,18604,0
111,6927,0
153,7598,1
16100,54,0
21018,6677,0
1335,17395,0
54,70,0
13,71,5
17503,18587,6
63,9290,0
131,3568,2
131,19790,4
14449,15930,1
21460,6677,0
14304,83,1
5716,94,0
131,3565,0
1353,19477,1
18447,5280,0
20518,8405,0
94,980,0
2668,58,2
12635,18314,0
18106,8879,1
18539,22109,0
122,6081,0
0,74,1
0,76,4
17503,3484,2
14567,3973,0
21506,3627,0
83,9265,1
7455,9777,0
10199,859,0
26,9857,1
47,619,0
153,5280,1
1497,48,0
112,3654,1
112,3309,0
1786,6157,0
11799,20495,2
1396,20263,0
13593,595,0
11925,17503,0
131,2103,0
17503,18747,1
108,11840,0
2238,27,0
26,5834,1
13132,16046,0
15361,21222,0
76,9,0
6241,9455,0
1966,19860,1
10514,112,0
17617,61,0
15930,9777,3
2846,8288,0
54,56,1
131,18445,2
108,9395,0
11106,76,1
20023,9777,0
15361,8503,0
14449,41,1
17182,4651,0
5331,5445,0
13,41,1
7245,77,2
13,19002,0
17316,20588,0
1591,21452,0
13,6885,1
10812,131,0
82,83,1
6800,77,0
18539,20518,1
122,1530,0
19404,9777,0
5527,6242,1
20988,488,0
17807,21239,1
3632,94,3
63,6677,2
14567,2544,0
15011,6912,2
10568,14409,1
15011,77,3
14865,16089,1
15011,71,2
21063,77,1
9437,999,0
12381,13500,0
10754,18604,0
14797,16046,0
22013,3372,1
2118,8544,0
2118,8015,0
13960,150,0
14865,3571,1
1,11085,2
153,26,2
18587,6795,3
18166,8709,0
110,14009,2
15071,18747,1
12628,19122,0
13325,20813,1
16426,2859,0
40,41,2
10727,76,0
15537,5280,2
14351,3983,0
19272,9777,0
11877,16979,0
17503,20221,2
18747,6422,1
19,22013,2
131,5170,1
14567,5527,4
5140,7140,0
10568,7701,4
11482,133,0
6677,9779,0
131,71,4
142,8544,0
15011,2118,0
131,77,22
10568,16055,0
0,19527,0
5267,8468,0
123,2118,9
3311,8468,0
13616,6157,0
14508,14865,1
139,8518,1
110,19469,2
11945,123,0
10665,8589,0
12162,7772,0
19851,83,0
3972,84,0
14674,9741,0
18895,5510,0
16116,19477,1
17807,3362,2
1,11423,0
1525,94,3
18403,20805,0
22056,47,0
5280,8890,0
16743,18147,1
11085,16046,2
18587,20897,4
11562,18747,2
8813,9437,0
10350,17305,0
11348,27,0
10568,15465,0
18353,19702,0
154,22112,0
10568,339,0
108,15572,0
131,1581,2
18730,7549,1
21138,2493,1
20754,779,0
145,21244,1
10568,6727,1
16188,3,1
15535,17503,1
22368,25,0
17216,8265,0
6665,9091,0
26,58,10
13,145,0
20518,20632,0
131,20774,0
136,2557,0
13151,94,0
21478,6665,1
14839,77,0
122,22095,0
54,7683,0
3310,94,0
1007,22323,1
18314,9281,0
10568,1705,11
14188,22368,0
16188,54,1
18020,466,0
4528,7,1
15880,18314,0
19566,2118,0
108,13299,0
107,3998,2
10350,7671,0
11304,20897,3
10568,30,1
1581,77,1
13,1614,0
17503,22011,0
11770,1864,0
16996,6,0
18,2119,0
5458,9014,0
131,14696,1
10534,9777,0
21220,7397,1
20518,4794,0
1513,16496,0
1928,58,9
17454,6665,0
131,14322,1
18261,86,0
14488,14567,0
17025,17503,1
10848,5680,0
7397,9265,0
26,3125,0
10568,18424,1
14567,8859,0
112,14413,0
10568,3090,0
134,9437,1
10568,594,0
16731,94,0
14771,86,1
10568,5735,0
10568,5734,0
18314,18940,0
18314,9635,0
19710,58,3
1396,1588,0
13593,17084,0
123,4545,0
18747,2957,0
18663,9788,0
22104,22368,0
17801,26,0
153,7292,1
17119,6795,1
110,12990,0
112,4846,1
2118,5070,0
17866,6,4
13673,7745,0
12756,6665,0
131,3016,0
15011,19728,0
11438,16046,0
16866,2018,2
10568,933,2
154,2260,1
14272,4340,1
10079,111,0
2878,31,0
1928,2668,2
19602,20726,0
1,17866,1
1096,19469,2
0,6081,0
11677,54,0
18781,37,0
25,26,0
11562,19479,2
131,17395,1
1594,22368,0
14567,6730,5
8833,94,1
13271,18314,1
11752,16046,1
3453,5177,0
21281,6,0
14250,19205,1
10568,19004,1
17300,18166,0
17564,7632,0
122,19821,1
11781,1864,1
1971,5530,1
13575,1705,0
19175,6332,0
20284,8789,0
18233,84,0
107,15517,1
5,8288,4
6677,8684,0
16116,2118,1
0,4719,0
17066,19510,0
13591,6157,0
12564,14567,0
1126,6791,1
12563,595,0
12611,8789,0
4628,7701,2
13506,14567,2
16046,8789,3
17763,77,2
20176,324,1
14059,4628,0
15517,9514,1
16046,16591,1
104,6677,0
11799,6677,2
5073,77,0
16851,31,0
18505,47,0
140,54,0
16418,20285,0
13294,19083,0
21556,72,0
20518,4142,0
10183,9367,0
10,5280,2
112,2991,0
112,2992,0
131,4368,0
19104,5280,1
10568,2834,1
10183,859,0
20944,47,0
14908,4940,0
15856,3447,0
15814,5280,0
14819,26,0
10568,15695,1
11520,138,0
17305,3857,0
11520,135,0
1162,17,0
131,20969,1
108,15964,0
1352,15320,0
17047,6516,1
13308,17503,2
15,19806,1
6404,6700,1
324,4211,0
6677,8015,0
19122,6898,0
16590,83,1
16590,82,2
2823,8194,0
1396,9443,0
11187,43,0
20,20527,0
10100,8879,0
10967,5280,0
15732,4038,0
16834,8762,0
10568,7719,4
16025,72,0
19781,8518,1
14148,27,0
31,8212,0
11824,83,0
11877,21451,0
123,13801,0
11108,133,0
17267,6,0
13100,19122,0
123,1408,0
55,73,0
55,70,0
12280,2061,0
108,14490,0
1705,19104,1
1674,4879,2
19860,83,5
12911,2260,2
6677,6741,0
22465,94,0
16436,59,1
15361,659,1
109,15,0
5727,6795,0
10568,5515,0
3,4846,1
131,6912,4
20420,20495,2
20518,7317,0
13708,18747,0
112,6343,0
1583,16854,0
19122,4310,0
26,65,7
108,7245,3
16979,20201,0
12006,131,1
13,131,9
13,136,6
13,137,0
13984,6677,0
18747,527,0
1864,9945,0
5294,65,0
15327,34,1
15136,58,4
14567,4001,0
14567,4000,1
11920,18166,0
125,20320,0
22378,4786,0
18591,6,0
6402,69,1
1786,8220,0
142,21322,0
12519,8789,1
12703,22172,0
11252,142,0
13,15136,4
18424,5331,1
1581,64,0
0,10623,0
10568,9938,1
11319,7397,0
112,21976,0
11440,17000,1
123,16976,0
12144,6677,1
1182,14865,0
11253,83,0
21230,76,0
20668,86,0
16210,7649,0
112,12701,0
1451,7514,0
2249,77,0
11124,131,1
10568,5120,0
19,2060,0
14874,17905,0
10246,16045,1
20931,26,0
131,15517,6
177,47,0
14371,14567,0
14396,5280,0
3627,9793,0
16703,16850,0
13338,1615,0
10345,6665,0
10568,5257,0
11124,7245,1
10350,17866,3
26,7183,0
10568,13453,0
11437,18604,1
20883,5331,0
18166,18746,0
15823,18166,0
17503,19637,0
1928,7829,1
10568,9627,3
18747,5292,0
19990,6795,0
0,18,0
14712,20518,0
5217,83,0
10726,16590,0
0,10,1
21620,975,0
131,18915,2
1,12519,1
18911,70,0
21186,22206,0
10568,9159,0
7181,83,1
5331,9362,1
123,18730,0
17765,20778,0
10568,11374,0
16239,8789,0
11770,17807,0
12015,55,0
16128,6279,0
11171,20518,0
142,7802,0
9852,99,1
20242,7526,0
108,8918,0
1170,83,0
10568,9716,0
148,73,0
6820,94,2
4376,7701,0
108,6885,1
12801,19122,0
12673,14272,0
20752,4628,1
17807,6504,0
8475,8762,0
131,18468,0
7270,7549,1
2004,479,0
10727,20231,1
0,17543,0
14272,4080,0
14662,17807,0
17998,2118,0
14409,7719,1
1371,7883,1
6,9278,0
10936,20518,0
123,1969,2
4028,83,0
16016,77,0
10568,3484,2
16369,86,0
12155,17503,2
1121,15,0
122,3,2
1396,7741,1
15270,21654,0
1705,22421,1
4628,8508,0
14272,17367,3
112,14396,0
16188,17305,0
1479,86,0
16854,3654,0
2119,83,0
14026,7841,0
1138,18604,0
10004,22368,0
19738,26,0
1614,17807,0
61,96,1
1398,5040,0
14304,17503,0
131,5711,1
1270,1396,0
16046,91,0
16511,17000,1
1705,7444,1
112,2982,0
139,19781,1
12173,1353,0
112,3453,1
1126,83,4
131,3654,8
12146,7,0
5077,77,0
130,13506,3
19308,73,0
22378,7554,0
10804,77,0
1,4556,0
13540,86,0
1875,6885,0
12511,31,0
2213,77,0
18747,21845,0
3298,8514,1
11079,14214,0
17077,488,0
10328,289,0
10568,7018,0
10568,130,2
12162,692,1
10568,7017,0
13,18626,0
3654,5782,2
18166,18355,0
2118,8638,0
14567,1864,3
16872,18747,0
12144,21738,1
14560,17503,0
12222,17503,6
145,94,2
20896,22206,1
14272,17785,0
22349,4998,2
14560,19316,0
8685,94,1
1353,18314,1
10727,18314,0
112,18363,0
37,4877,0
17503,489,4
1068,112,1
11840,94,0
21721,3,0
5280,8321,0
16729,20518,1
16318,94,0
4962,61,0
16551,17503,0
1705,4628,3
112,1297,0
10568,6835,0
10568,6833,1
6404,83,0
5217,5314,0
6730,8931,2
16979,8363,0
103,6402,1
16046,21146,2
6791,83,2
10015,83,0
112,22117,1
19087,5331,1
22433,31,0
1106,31,0
0,14159,0
17164,26,0
1335,297,0
17503,4628,3
1179,4000,1
14362,9777,0
12703,16238,0
11447,324,1
16475,8040,0
112,6402,0
11835,5280,0
21437,3,1
18131,5280,1
22420,73,0
20673,9730,1
14701,20579,0
8701,94,1
6665,8072,0
18915,19626,0
15930,9479,1
77,81,1
6472,96,0
2022,4163,0
1714,6665,0
1396,9777,1
1064,19248,1
68,90,1
18075,83,1
14567,7436,2
16046,6795,4
16046,6970,2
13614,63,0
2567,58,0
20518,7562,0
14184,16046,1
15535,17367,2
13531,1705,2
10568,827,0
11921,18166,0
174,94,0
14184,2061,1
1396,4613,0
111,18781,0
16046,8,3
1864,2201,1
19175,7749,0
15,4163,0
133,86,0
14253,77,3
15081,16046,0
17305,4576,1
11875,16979,0
1126,7330,1
3177,5280,0
1237,1276,0
5,63,2
5672,94,0
5834,9291,1
14200,94,0
15744,8762,0
22206,47,3
13,15011,3
11711,18314,0
2557,58,0
7719,8261,2
11272,11680,0
22255,8058,0
11752,14567,0
11680,19205,1
8259,94,1
2118,7502,1
6095,7745,0
15507,17066,0
108,594,0
10338,16046,0
15642,17503,0
26,3655,0
3,9595,0
7245,9777,3
2,20190,0
26,6820,2
131,17564,6
16866,5280,0
2296,65,0
10568,9362,1
19602,5331,0
12397,16045,1
22283,4185,0
13227,1396,0
151,19104,0
21138,4449,1
19122,3595,0
10568,489,3
13465,15504,0
9479,9777,1
20897,6795,3
10,16496,2
16426,17271,0
2118,2365,0
15535,17807,2
10042,21026,0
3585,94,0
5577,94,0
16783,3671,0
10651,6677,1
16398,488,0
10994,47,0
17785,94,0
14567,6241,1
14567,6242,5
93,96,2
133,6411,0
20580,21745,0
17667,61,0
13739,17765,0
1055,150,0
1,2811,1
13,1928,4
6665,7188,0
21384,7319,0
17340,83,0
15361,2965,0
19058,2125,0
131,297,11
22368,6091,0
65,94,6
13,14009,3
13,7266,0
10549,14567,0
12490,72,0
17503,21633,0
17503,9535,0
1597,77,1
16729,779,1
108,73,0
18747,8862,0
41,9777,3
86,9597,0
18445,297,1
18166,823,0
131,17066,0
16808,18314,0
131,9514,1
14625,18747,0
77,9271,2
13365,15361,0
12519,20752,0
151,37,0
131,5709,0
11128,112,0
1,2963,1
10042,4795,0
10543,58,0
1525,9008,1
0,13830,0
17807,4142,0
15517,22080,0
14097,77,0
18538,493,0
111,17866,0
86,9281,0
1,30,1
16541,18524,1
10042,26,3
1931,7514,0
6678,9777,0
16046,743,0
10727,47,2
323,6,0
10073,111,0
108,12666,1
20180,8309,0
21239,83,1
13,26,6
10568,3217,2
14567,8931,2
11320,83,0
18575,2118,1
17077,8762,0
14537,77,3
15931,18246,1
5177,6,2
14537,7245,4
1371,17503,2
112,7439,0
2811,81,0
15704,8833,2
17989,18166,1
16046,18664,1
15361,709,0
34,77,4
12947,20420,1
21998,7,0
11630,15434,0
21592,94,0
14588,18747,0
12552,77,0
10345,12091,0
146,31,0
13886,16238,0
108,112,3
7169,8259,1
20518,21369,0
11249,65,1
12202,6795,2
13271,16535,1
1396,14639,0
17861,21897,0
15327,20969,1
1,711,0
12744,9437,0
15152,83,1
10568,6516,2
17367,20945,0
14745,65,0
15,15292,0
11688,17763,0
6795,9938,1
20190,58,1
11764,58,2
18822,76,0
22206,9582,0
17503,2965,0
11339,77,1
297,77,5
18654,19891,0
3200,6242,0
21752,47,0
10373,3971,0
17807,22397,0
12843,37,0
3453,517,0
12162,47,1
16866,94,1
123,20083,0
15732,4781,0
15011,17305,0
14865,19479,2
16783,17707,0
20518,7378,0
10568,17503,19
15818,16553,0
1823,6677,0
10568,14851,1
17196,7652,1
14304,19860,1
17807,17975,0
17807,17977,0
6665,86,3
13252,17,0
1533,83,0
17356,6912,1
77,94,4
14227,19308,0
1966,83,1
14771,6665,1
13623,1875,1
14958,16046,2
18747,781,0
108,3047,1
19304,6157,0
1705,18748,0
17807,8021,0
1928,5681,0
18207,45,0
15361,16675,0
1233,54,0
22378,6677,1
18747,8789,3
18314,1969,0
14272,297,1
65,743,0
14727,5280,0
131,19423,0
17807,2018,1
17,20877,0
20,6654,0
10568,10605,0
21461,6677,0
6002,83,0
19824,77,0
14865,17565,1
11447,9437,2
17721,6,0
1098,54,0
18166,7841,0
10353,14865,0
22109,7514,0
18754,20518,0
3869,86,0
3667,94,1
14696,297,1
22102,938,0
19122,20207,0
12137,5527,0
77,810,1
123,99,1
14222,14227,0
17359,3,0
12964,87,0
2710,94,0
3743,54,1
13,14253,2
13858,17706,0
12626,22368,0
3266,77,0
20098,6795,1
12153,77,1
13,14497,0
11680,7,0
15259,8657,0
5042,5280,0
14865,6422,1
10568,4879,2
2118,22117,0
16352,51,0
2709,94,0
11360,15361,0
17990,18166,0
4846,9777,1
125,19207,0
1791,19459,0
10568,5478,0
10336,86,0
1705,20897,4
37,7643,1
11221,8833,1
13,34,4
54,5530,2
20518,8803,0
16597,1750,0
17047,743,1
18314,22339,0
1353,17905,0
22368,2871,0
0,20328,0
10568,19031,0
12033,86,0
10568,5502,0
110,2018,3
15759,17395,0
1,2805,0
65,6689,0
123,130,2
112,12075,0
16979,2721,0
5331,5489,0
11247,86,0
6279,8687,0
17503,19232,0
20420,8025,0
18018,6795,0
151,4162,0
21244,94,1
10350,6,3
65,8685,2
10568,20530,0
150,22392,0
1455,19,0
5078,77,0
15511,18166,0
18371,22368,0
17503,20752,2
2682,83,0
11529,126,0
17807,6265,0
19205,2557,1
131,136,6
16453,7701,0
1752,7,0
11709,18314,0
21186,7549,0
15517,6514,1
108,897,0
17305,5399,0
17305,5398,0
15610,16046,0
11876,16979,0
10373,10781,1
15268,3633,0
11832,13332,0
14335,17316,0
8107,86,0
1119,19104,0
16979,2185,0
472,9777,0
19205,20128,1
16982,19,1
10568,153,2
3530,65,0
1159,47,0
110,19790,3
1655,7,0
2192,86,0
14567,2219,0
54,7530,0
15501,5010,0
22378,3298,1
17807,19670,0
3258,61,0
1231,6,0
108,68,6
20518,8900,0
17232,65,1
17503,4239,0
14243,18314,0
16944,2201,1
22013,6560,2
15492,96,0
10107,54,0
19821,9777,0
10,6677,1
13811,987,0
2118,9908,2
14183,18747,0
15358,1987,0
1238,83,0
5276,94,1
17305,18430,0
16531,17,0
18166,8672,0
13232,6727,1
14537,9777,2
3971,933,1
130,779,3
18730,47,1
17488,3,1
11824,7397,0
15704,3632,1
18747,6596,1
12222,19104,2
1705,18587,6
17534,488,0
16535,18314,1
19,19478,0
145,260,1
6173,7397,0
131,17345,0
3,73,1
14272,3803,1
10373,10568,1
6885,77,2
108,486,1
108,3453,1
15856,7514,1
4067,6,0
12434,14490,0
4628,6746,0
1,189,0
108,14537,2
18314,9175,0
17351,83,0
154,19247,0
19,74,0
10568,17534,0
131,34,3
18166,9674,0
18166,9675,1
133,16625,0
14479,6516,1
10568,17711,0
14567,3744,0
5782,6677,1
15455,26,0
1399,7,1
18166,440,0
14508,18747,1
6677,8878,1
6795,8789,3
20518,9813,0
22378,4340,1
1273,3298,0
19122,20524,0
20579,20812,0
1705,5001,2
16591,19,1
10183,14783,1
18,243,0
18238,84,0
123,22266,1
10568,15537,7
3810,6677,1
10568,14768,0
1353,1502,0
15306,18,2
14328,7639,0
12322,17807,0
12519,18747,3
17252,21244,0
16769,21112,1
111,18760,0
108,17405,2
7443,94,2
12866,13,0
108,913,0
31,363,0
18747,22200,0
20931,77,0
4640,94,0
10568,12155,2
47,9019,0
22381,83,0
111,19423,0
18264,86,0
1581,324,1
14783,26,1
29,68,3
108,22283,0
47,9946,0
108,9565,0
29,67,2
108,22289,0
14567,20673,1
108,18609,5
11752,14508,0
20536,289,0
14108,21971,0
15021,76,0
1705,2125,1
10042,9083,2
18314,21208,0
13136,17305,0
17503,17657,0
1654,17861,0
15736,17503,1
5280,7745,1
10568,1527,0
0,11106,2
11934,2118,1
12629,7719,1
21514,77,0
18663,68,1
1068,15930,2
31,3627,0
10246,12397,1
3315,77,0
111,1272,0
14400,2493,0
15744,488,0
3298,6677,3
11879,18524,0
15748,18403,0
69,77,1
20522,36,0
20176,72,0
19477,2118,2
17196,8448,1
1875,83,2
13,9271,3
11682,13957,0
103,77,1
12562,16979,0
11520,6665,0
10350,14567,0
18632,6677,0
10568,20988,0
4277,63,0
15490,16046,0
15128,15361,0
937,9891,0
121,86,1
11874,9111,0
12991,5280,0
17395,8224,1
11642,17305,0
3351,58,0
7488,8789,0
12006,5711,1
3047,6006,1
63,8288,2
131,3064,0
20420,7745,0
18,96,2
17367,3654,5
14537,17367,4
11304,1705,3
21102,22368,0
110,17367,5
11874,54,0
17557,7397,0
19860,2965,1
131,3283,0
19,6560,4
3549,37,0
131,8224,2
10568,12629,2
10568,14479,2
14865,1514,2
11874,138,0
22368,6211,0
14227,17989,1
20518,2133,0
14748,58,0
649,77,0
54,6462,1
18604,991,1
108,12660,0
131,5729,1
14567,21239,1
17305,1969,1
10351,3,0
154,9014,1
112,3424,0
112,3423,0
1,14958,1
108,20845,1
7436,871,1
131,13410,0
10,22415,1
22109,4238,0
16128,8112,0
12788,84,0
581,7750,0
5113,54,0
150,3179,1
122,8081,0
11929,26,0
131,7830,2
16669,37,0
10650,6677,0
0,14567,1
14567,2201,4
11085,34,1
17807,19668,1
17807,19669,1
1,58,4
16046,9211,0
12373,1396,0
21208,29,0
125,16106,0
18314,19512,0
20896,47,1
13294,2866,0
21111,7745,0
10991,59,2
11100,6677,0
108,17182,0
1753,7,0
1431,14865,0
3693,5280,0
15930,4015,0
15930,4014,0
20845,660,1
698,86,0
18595,70,0
15492,83,0
16613,9777,0
13506,96,0
20190,6,0
10257,17663,0
13623,83,1
112,18350,0
17503,6795,16
0,13506,3
13,5001,0
1,18804,0
17298,26,0
17752,83,0
2711,94,0
3323,84,0
19993,77,0
7652,8448,2
11923,18166,0
108,13468,0
13500,31,0
10568,7371,0
12179,86,0
111,19001,0
2005,83,0
14026,6918,0
131,1352,0
31,9815,0
17367,7245,3
10242,9777,0
142,779,0
17305,19064,0
3102,94,0
12701,4340,0
18587,489,3
10256,9777,0
3955,7018,0
10251,18747,0
14567,8862,1
7745,8514,0
297,5019,0
17305,21295,0
10345,3915,0
108,16032,0
20518,2806,0
58,7829,1
131,26,2
20190,414,0
1,8279,0
14865,22271,0
122,5341,0
6677,8879,5
17367,2018,5
15306,6,2
10781,7323,0
11423,83,0
17731,77,0
14071,5020,0
18187,57,1
17807,21146,1
11124,94,1
15327,7053,0
16612,20845,0
54,7816,0
5295,65,0
2811,48,0
15434,20247,0
18166,4433,0
14701,7745,0
10568,211,0
14250,17564,1
13103,14490,0
22102,8220,0
112,21939,0
10568,11719,0
16621,18314,0
16089,18747,1
6,6504,1
12519,17807,2
11104,112,0
123,3306,2
17503,6259,0
11418,9535,0
16059,6665,0
2118,7447,0
123,6274,0
6677,7638,0
21371,6242,1
15267,2118,0
2118,22266,1
1581,9777,1
18314,1896,0
6677,7635,0
6677,7634,0
6677,7636,0
10568,6793,0
1,7908,3
15567,58,0
21384,9777,0
10568,6795,5
12167,19091,0
7443,7444,2
2568,3571,0
12479,6242,1
83,8448,1
16982,83,1
133,19980,0
17453,2115,0
13513,94,1
18760,84,0
11485,26,1
17047,3217,2
19512,77,0
12470,126,0
1253,47,0
2158,94,0
13435,77,0
14272,21685,0
21959,83,0
129,5280,0
21944,96,0
111,275,0
14683,9291,0
108,18293,1
6157,9265,0
2018,22378,0
123,13506,3
7548,9777,0
15535,16046,2
13615,6157,0
2118,8548,0
19806,20813,2
20084,7582,0
15965,94,2
15930,73,1
6677,9005,0
22102,8828,0
12865,72,0
76,86,3
13607,14567,0
17516,71,1
17503,9037,0
13201,138,0
14272,15434,0
15535,2018,3
17516,77,1
12209,17,1
131,15327,2
14567,14958,0
10409,20518,0
11841,20495,2
4964,77,0
11187,14252,1
18747,2308,0
14567,247,1
3484,6795,2
19268,47,0
16046,1736,0
14443,70,0
21087,47,0
1353,14941,0
1,13420,1
107,77,3
18958,2118,0
1360,3,0
10568,19058,0
112,17763,0
112,20464,0
17305,5405,0
15204,17592,0
17503,9142,0
2201,7436,1
153,4799,0
11918,18166,0
10785,1517,0
12037,18314,0
112,4813,0
8150,94,0
19602,20447,0
17,594,0
17785,6790,0
0,140,1
112,1517,1
15,20813,1
18166,19017,0
10568,3465,0
11899,5280,0
141,20495,0
10727,7549,1
112,2947,0
14272,3311,1
12479,14567,1
10568,12897,0
13325,19806,1
17216,5408,0
26,493,0
17516,9777,0
1,15492,1
13420,17503,1
17503,8789,4
10967,15645,0
7444,8408,1
3627,5408,0
108,19744,0
16541,6677,1
21119,6833,0
130,2118,2
12975,2118,1
10568,11030,0
133,5555,0
11688,14567,0
17073,17305,0
1124,17503,1
20231,47,1
10568,779,2
122,3303,0
1,43,0
19755,22368,0
17503,21608,0
112,9619,0
15537,19004,1
6677,8514,2
18654,22053,0
17503,3971,1
13,6820,2
110,13,4
110,12,3
8254,83,0
19058,94,0
14567,6800,0
12222,2125,2
3568,7830,1
17454,18314,0
12962,22102,0
1371,6795,1
15288,61,0
11680,13,1
1608,47,0
16864,58,0
11137,18166,0
12403,17807,0
16530,17,0
112,1942,0
108,57,1
1,18803,0
14865,19249,0
11720,15537,1
112,7245,3
11085,77,1
131,21112,1
21362,8862,1
4705,5280,1
11841,8878,1
154,17866,3
3,54,4
1509,2118,0
12933,297,2
135,45,0
22378,5280,0
21948,83,0
13,13275,0
11752,154,0
4065,58,0
12685,19122,0
15535,77,1
1170,3314,0
2118,2931,0
10524,18166,0
1399,4528,1
19,55,0
0,21620,0
15214,77,0
1166,13,1
134,5,1
0,3,0
1,140,2
0,1,6
1674,8261,3
1393,5280,0
131,16769,2
6402,65,0
17503,18227,0
131,21063,1
4528,77,0
15481,47,0
14891,18166,0
12853,17503,0
1,6700,1
6,77,3
16704,18747,0
14865,17807,3
11689,15748,1
10568,20910,2
1397,18314,0
3972,77,0
859,9581,0
15429,16046,0
1955,7330,0
10568,13020,0
11187,16340,0
1,17393,0
26,9570,1
16046,6016,0
20518,8580,0
8288,8514,2
10568,11701,0
19710,65,4
1065,9777,0
1125,7652,0
108,18196,0
14814,5280,0
37,8255,0
37,52,0
144,9821,1
11841,6677,3
12503,8850,0
19122,3560,0
7134,8789,0
15843,17204,0
1126,18747,1
19175,94,0
14865,16952,0
12153,6410,1
26,4705,1
10568,18711,0
12833,20860,0
4701,6130,0
6,6404,1
1398,15212,0
17503,7883,3
108,7841,1
5280,9832,0
18540,20518,0
108,11749,0
18938,2118,0
12207,77,1
16046,2963,1
14272,22378,2
9095,9821,0
12057,54,0
10350,84,0
21360,6677,0
3257,54,0
20121,77,0
10345,1883,0
15537,6833,1
10727,142,0
2118,22475,0
10568,22349,2
20898,94,0
111,265,0
17564,18915,1
1158,22206,1
16046,21094,0
16703,31,0
1272,9777,0
154,17517,0
19146,94,0
108,1166,0
10568,5331,6
15216,20,0
154,17518,0
74,76,1
10991,16436,1
20128,2557,1
18166,2516,0
10627,18,0
13854,18314,0
6,891,0
11689,7,1
2921,8589,0
18747,22034,0
20420,6677,3
20518,5059,0
0,29,2
18781,54,0
10994,86,0
11088,22368,0
17441,5276,1
10568,4628,3
14026,4781,0
131,16866,1
14567,19348,0
15945,2118,0
16952,18166,0
1019,13593,0
17305,9062,0
17503,4067,0
18731,6665,0
5010,6547,0
1928,8194,3
12406,70,0
12611,16680,0
17047,2125,1
13989,16046,0
122,142,0
135,7802,0
15517,15759,0
58,9570,1
102,17185,0
17,8820,0
0,3325,0
83,9783,0
19,7942,0
20472,5280,0
7,8718,0
0,130,2
14677,20518,0
65,71,2
18780,83,0
12519,14865,2
1049,15332,0
15209,84,0
10568,20897,5
21220,7181,1
2018,65,3
13506,9963,1
15358,486,1
4519,5280,0
1124,6795,1
57,9777,0
17232,17763,1
14227,9675,1
10568,13026,0
19710,26,4
131,4100,0
10213,125,0
19993,65,0
17305,3856,0
15361,3589,0
10495,17503,0
10568,20093,0
17305,8131,0
26,7741,1
131,676,0
18761,3,0
14468,8576,0
18747,19955,0
10257,125,0
15490,94,0
16046,16172,0
14567,871,1
16238,21633,0
12395,21654,0
17667,6791,1
1705,7701,2
14773,86,0
16815,2218,0
2260,77,3
17565,18747,1
14860,86,1
15494,27,0
14252,17,1
131,14250,2
11124,58,0
70,9095,0
17975,20752,0
1007,77,1
14865,16172,0
112,15940,0
13393,18747,0
3,6462,2
16553,18,0
77,8544,0
27,61,0
108,7749,0
19212,990,0
12407,6081,0
18314,3789,0
5863,6596,0
21469,5280,0
6391,8194,0
65,9271,2
112,16783,1
138,18906,0
59,9630,0
10568,11193,4
5280,5834,2
1502,21143,1
3177,8879,1
11680,131,3
2260,59,2
322,6,0
13453,16046,0
18747,21239,2
22013,6404,2
58,6643,0
7979,8789,1
20812,9999,0
20860,21055,0
11125,3846,0
5280,9627,0
18166,8226,0
6171,6665,0
53,86,1
4818,6510,0
11684,14397,0
12911,59,4
131,6402,2
16164,18747,0
18730,6665,0
18314,3306,0
19,27,1
11249,94,2
2118,3972,1
12222,13308,2
21076,6665,0
10183,18538,0
22309,86,0
11187,16283,0
6402,77,3
20298,26,0
18314,7511,0
18166,474,0
21311,59,0
13365,27,0
14436,22368,0
21738,6677,1
1353,9539,0
18588,9777,1
8872,94,0
1481,59,2
10345,22271,0
17905,9156,0
3972,61,2
18166,22179,1
2193,86,0
48,4846,1
3,48,1
57,94,0
31,5803,0
20014,77,0
13560,2118,0
10568,5050,0
18166,21182,0
18747,19763,0
13,22249,0
15965,26,3
14449,9777,2
131,19469,2
14865,15071,1
16309,5280,0
15748,7,1
5210,94,0
16046,17807,2
11901,6380,1
108,18187,1
21773,94,0
19087,4998,1
2497,86,0
131,14539,0
10350,12911,2
17557,83,0
1928,20190,1
16535,17305,0
136,77,5
7657,94,0
13691,14567,0
2274,47,0
1,17503,2
11901,4845,1
12321,17807,0
5553,58,0
112,17367,4
11370,94,0
10568,20518,2
12,810,1
19770,7,0
7652,83,1
112,12076,0
20201,834,0
112,12074,0
17503,6129,0
14490,8255,0
17405,67,2
112,12078,0
18166,251,0
10568,18587,6
3971,5280,0
14007,14190,0
47,4845,2
14322,6677,4
21457,94,0
108,4749,1
0,12222,0
14395,17721,0
17,20176,1
154,7,1
154,6,2
47,692,1
11403,2118,0
16982,7330,1
10042,58,3
20587,8931,0
4963,61,0
11642,54,0
14701,9999,0
12222,15537,4
2118,6,1
19535,48,0
18293,18609,1
20221,8789,2
19821,3,1
17305,7075,0
13,1750,1
4162,4163,0
123,7929,0
12865,6677,0
14537,3047,2
13957,15856,0
14490,2696,0
17508,2118,0
19672,61,0
14326,14865,0
15856,6438,0
10350,16021,0
3791,3813,0
14958,21146,1
1240,351,0
83,975,0
2130,22381,0
121,76,1
16944,2118,0
102,86,0
19860,9265,1
14567,804,0
138,4151,0
2118,2260,0
13159,7181,1
13,15128,0
260,94,1
1674,7719,2
12557,58,0
18604,18747,1
21222,83,0
12975,61,1
5762,83,0
19122,22337,0
18314,19477,1
0,12170,0
41,94,0
21362,2932,1
138,595,0
138,594,0
0,20352,0
0,20355,0
13,19396,0
13,8194,2
15965,58,3
15540,16046,0
108,8473,0
2118,5177,2
17503,19478,0
16046,19,7
13549,20518,0
45,86,1
11764,94,0
18314,2822,0
3177,6677,1
18314,22117,0
14009,18629,1
144,56,1
102,108,0
144,54,2
154,18403,0
18895,5280,0
18314,21481,0
12222,1705,7
15091,2118,0
131,17367,9
15704,94,2
5555,83,0
17866,22415,1
108,29,2
4940,8657,0
17503,5060,2
12933,3654,2
20420,3810,1
108,20928,0
26,529,0
16418,18020,1
12829,22368,0
10936,14654,0
17305,19477,0
1,14184,2
10881,2939,0
110,77,9
17503,933,2
16741,87,0
13843,5217,0
297,3998,3
18166,22180,0
6242,6912,0
1,11002,0
22117,9777,1
112,1928,0
16046,8679,0
14567,5094,0
18760,3,0
5310,54,0
15136,65,2
11085,58,3
14508,20190,0
19756,22368,0
2040,8620,0
17564,9777,0
2085,22368,0
1383,18166,0
3372,6677,1
17,18147,1
11046,3,0
14567,16783,0
19104,65,0
17720,77,0
17,18148,0
1255,341,0
11447,8288,2
11193,3217,3
20673,47,0
18123,5375,0
13531,17503,2
16816,54,0
12389,70,0
745,7701,0
10568,8261,3
4372,9014,1
13,19,1
11765,94,0
6,6081,0
153,30,1
10568,17047,6
11193,17047,2
1,1029,0
10470,10568,0
8109,86,0
17231,20518,0
1656,17861,0
108,3017,0
108,3016,0
17305,4000,0
10183,16496,0
11206,18747,0
5009,94,1
15361,17556,0
112,1581,1
18747,7979,1
16194,5331,0
10290,18461,0
13607,87,0
13416,77,0
1588,18314,0
16800,77,0
10568,11720,1
14253,16926,1
10568,13581,0
15965,16046,1
10851,131,0
17355,6730,0
11221,15704,1
16496,26,5
18747,4927,0
12703,7701,0
12829,1928,3
22013,6677,2
14397,9777,0
18745,7,0
13,14702,0
17503,82,1
14567,22291,0
6885,94,1
131,17428,0
14567,16944,1
17305,4481,0
18575,5177,1
6677,755,0
12202,16046,2
1662,9741,0
26,6999,0
6665,9946,0
19,8,3
1125,17807,0
10568,1477,0
14567,20987,0
5280,9857,1
19860,7733,1
17491,18609,1
112,20876,0
16952,8588,0
16046,6404,2
16426,18166,0
16426,3179,1
15136,1928,2
14567,5856,0
111,16830,0
112,12066,0
112,12067,0
12392,16329,0
6410,77,1
2878,5408,0
16240,8789,0
1328,18915,0
6677,8880,0
14071,16769,1
15361,5067,0
131,14537,4
14160,77,0
111,14681,0
123,17894,1
1502,86,0
3,37,0
12676,20917,0
12666,8263,1
67,68,3
20945,6665,0
20221,6795,2
108,13232,1
1618,5280,0
1065,18314,0
12829,2668,2
1166,19710,1
13,81,1
1183,16046,0
15198,54,0
133,2647,0
15931,61,1
14567,19366,0
16590,17503,1
2260,7,1
16711,1786,0
18577,94,0
5060,7883,2
18723,86,0
16046,7444,0
2201,6730,1
12701,142,0
15537,17503,3
16475,17252,0
19,6404,4
1875,7749,0
18,84,0
10568,4571,0
12542,77,0
18166,6188,0
19387,84,0
1064,14865,1
11934,77,1
123,4576,1
19389,3983,0
18609,983,1
17503,5001,2
58,8194,5
15361,9323,0
11106,133,0
130,15856,2
131,14071,1
112,12535,0
2018,297,3
1620,77,0
14674,83,0
123,4557,0
13,17763,3
40,9777,2
19890,7,0
14567,9212,0
1,13506,2
4845,7549,1
17954,9777,0
16045,16046,0
138,8995,0
4628,6747,0
8288,9437,3
17367,71,1
21930,65,0
17503,8755,0
8514,9437,1
17807,2428,0
12947,9437,1
15856,5140,0
17617,6221,0
17667,83,1
15965,65,3
21187,6665,0
47,6380,1
94,9449,0
131,5782,2
13654,58,1
108,20241,0
1,10,6
131,698,0
12,7830,1
133,5566,0
11752,13393,0
20231,9777,0
18235,84,0
14865,6596,1
16244,17305,0
14865,991,2
15856,779,1
138,7425,0
14322,18524,1
10301,22368,0
10991,13,2
17503,745,0
11972,77,0
14250,20232,0
4198,58,1
18364,20190,0
13596,2118,0
11124,77,4
11905,14865,0
11710,18314,0
2118,3306,1
13858,83,1
14865,4372,0
3113,77,0
11085,17232,0
108,983,1
11764,8194,1
13186,63,0
10651,8879,1
108,5808,1
131,15854,0
15736,6795,1
18166,9535,0
18314,18730,0
5339,58,0
19535,6665,0
15656,15945,0
14567,21015,0
4787,8879,0
4340,76,0
22378,3803,1
4969,83,0
639,86,0
6548,6795,1
4719,9777,0
14227,8306,0
13,291,0
11902,18314,0
7802,86,0
108,21754,0
7802,84,0
17785,9304,1
7181,7397,1
108,660,1
10,58,3
1615,83,0
10715,26,0
17807,933,0
17807,931,0
19503,26,0
12740,19122,0
13022,6,0
5,6677,3
127,76,0
20180,8688,0
18911,4881,0
14567,17000,2
112,15958,0
14567,2065,1
12911,77,4
14955,18166,0
1068,3,1
15382,94,0
1,11106,2
20190,6560,1
10320,94,0
123,4971,0
3632,7169,1
13317,16046,0
11267,18747,1
17734,77,0
12168,94,0
16128,2876,0
13574,20845,0
12503,19,0
1,953,0
10183,8874,1
15456,7,0
22181,22368,0
11876,4230,0
15361,17785,1
16046,489,1
5177,77,1
66,8288,0
11240,15965,0
14567,2119,0
3972,48,0
13506,37,1
13,17571,0
10991,6730,1
112,20333,0
131,6514,1
11193,5280,2
16022,26,0
10568,7883,2
133,20193,0
122,6462,1
15085,15358,0
10622,7,0
19710,59,1
18747,4431,0
2147,83,0
11033,15,0
10345,12093,0
1916,2118,0
14322,8879,1
14567,8353,0
5463,7514,0
15011,18314,0
11934,19477,2
13420,14567,0
61,6998,0
10568,1483,0
16783,9777,1
13,14717,0
15136,41,1
150,16426,1
61,6997,0
1674,5567,1
1397,17305,0
15797,18166,0
19996,63,0
10639,18166,0
6677,747,0
18314,829,0
111,4348,0
21391,5280,0
1256,65,0
10568,1461,0
19122,8361,1
18166,2239,0
14322,20495,2
0,15492,1
16492,26,0
18747,83,3
10350,59,3
19,20190,1
112,21861,0
11267,14865,1
1864,21371,1
136,19790,4
13392,15856,0
18314,9070,0
14272,9777,3
2118,3994,0
17488,54,1
10840,83,0
10568,8628,0
107,297,4
14479,16238,0
14227,18166,3
14865,19248,1
22368,8229,0
12933,131,2
13506,5527,1
15383,18314,0
7019,7572,0
19327,22368,0
16126,7642,0
61,9096,0
16475,94,0
18587,22421,1
18453,5280,0
3743,5530,1
7701,9857,0
1928,22246,0
20250,779,0
21246,63,0
9008,94,1
20589,8931,0
1158,47,1
10934,5280,0
16783,83,0
13162,6002,0
13,18629,1
13,19710,6
19677,22368,0
131,2326,0
11546,7397,0
14672,63,0
11354,6795,1
16046,17503,6
3907,47,0
1969,2118,1
112,12434,0
16046,7908,3
16635,6309,0
16046,27,1
110,131,13
26,7292,2
14567,18489,1
14567,21371,2
10568,19096,0
0,5679,0
11752,18744,0
1398,7,0
148,18,0
10568,5567,2
11354,17503,1
17785,61,0
12629,5567,1
131,13853,0
14253,17763,2
10183,10715,0
123,4562,0
15856,9516,0
131,7067,0
112,9826,0
19477,77,1
21143,2118,1
20860,8194,0
11535,6,0
20546,351,0
83,9518,0
15361,19744,2
130,4238,1
63,8743,0
12,77,3
15433,18314,0
1481,77,2
16933,22368,0
13718,16979,0
3744,990,0
21960,83,0
10568,4367,0
17305,22117,0
1931,9791,0
14406,26,0
3217,5280,1
10568,14224,0
14711,17503,0
1630,7,0
6,93,1
10387,6795,1
4340,84,0
112,2900,0
19,2061,1
13159,83,1
14339,84,0
12222,5280,3
112,17050,0
6820,77,2
17912,6730,1
122,15949,0
10015,3358,0
14126,58,0
5009,8701,1
11841,14322,2
18266,54,0
11193,20910,1
11124,14009,1
16028,18609,0
20752,6795,1
136,65,2
16046,30,1
138,16857,0
21971,94,1
20518,779,4
3373,83,0
5640,77,0
5170,77,1
10473,5276,0
0,4787,0
10568,3448,0
11060,9777,0
17367,297,5
142,2063,0
1256,1374,0
12627,8932,0
5038,94,0
2900,7270,0
13823,26,0
5067,5264,0
51,77,0
5710,980,0
8576,9908,1
13427,13957,0
1396,14085,0
1,6968,0
12655,779,0
11223,125,0
13801,18314,0
3311,9777,1
21239,5527,1
139,91,0
7701,9627,1
58,6346,0
16969,17503,0
18747,6574,1
13513,3632,1
13269,7514,1
16854,26,0
20790,5280,0
7741,9777,1
18020,83,1
17899,63,0
10387,17503,1
10437,18747,0
19122,7602,0
10,8,3
246,2811,0
59,77,5
1353,895,0
2118,8239,0
131,5225,2
1573,22368,0
131,20464,1
2118,61,3
3184,83,0
10568,8685,0
11438,83,0
14568,16302,0
11546,83,0
16686,18747,0
15361,2789,0
111,6441,0
1514,18747,1
31,9756,0
0,8303,0
16046,9040,0
51,9777,3
14396,45,0
14322,18445,1
108,15660,0
19308,9777,0
1276,83,0
12260,31,0
6421,76,0
123,15492,0
137,15659,0
17,595,0
14569,581,0
21650,47,0
10250,18747,0
10568,743,2
10568,17025,1
1,105,0
14063,6801,0
2309,486,0
26,9083,2
2018,51,1
4119,83,0
108,20917,0
4879,8261,2
16453,17503,0
19478,7741,1
13293,8762,0
1,11752,2
22100,4781,0
10076,8789,0
108,2818,0
21019,2118,0
5280,9291,1
108,15408,0
4372,8295,0
18609,6885,1
101,9437,0
6,96,3
131,6656,0
3972,93,1
37,91,0
3972,96,2
15856,4238,1
19423,94,0
14537,9250,0
1,6404,4
19248,2570,0
7169,94,2
54,9821,1
13,21239,0
107,110,3
10568,1674,4
1425,31,0
109,4162,0
17305,1944,0
17564,77,4
10526,131,0
18747,7643,0
12073,297,2
14537,3654,3
11485,58,1
17503,20910,1
47,7476,0
112,17339,1
122,18390,0
21494,77,0
13476,18747,0
1068,73,2
17564,19790,3
12847,131,0
21478,86,1
17807,18747,4
16046,19352,0
10328,13501,0
86,8636,0
5335,83,0
377,6,0
20552,8762,0
18747,6860,0
16188,18314,0
10568,18862,0
15689,86,0
16940,7397,0
14865,2575,0
13465,7086,0
54,7882,0
1514,991,1
123,17305,4
108,862,0
63,999,0
10568,21654,0
11922,18166,0
141,8879,0
2065,9730,1
13739,5751,0
1126,1875,1
131,15306,0
1,2061,2
366,7514,0
6820,9777,0
130,76,1
108,6727,1
1581,65,0
20945,76,0
17,324,1
19,5527,0
14265,17316,0
17305,3306,1
14567,614,0
10568,7598,1
1595,83,0
3654,77,4
142,4846,0
18,6,2
1196,142,0
10568,22270,0
18464,3632,0
14865,18747,14
19066,6665,0
14567,21362,2
135,20977,0
18166,3762,0
16982,6560,1
11447,5,3
12829,58,3
19122,800,0
14145,18166,0
133,18688,0
10345,22125,0
20464,5729,1
19,7908,2
1,12588,0
10568,4998,1
15361,9304,1
16866,58,1
19,20568,0
12636,18314,0
0,45,1
5375,63,0
14009,77,3
5375,5958,0
1,1408,1
6665,8324,0
15975,7701,0
131,22415,1
14026,7582,0
21437,54,1
83,9231,0
13,17707,0
18747,528,0
10568,14211,0
2004,7522,0
11440,14567,1
16329,6677,0
18461,31,0
122,15950,0
12713,18314,0
131,324,2
2018,26,3
10674,6677,0
17367,51,4
16046,17119,1
21208,37,0
10568,11304,3
61,9097,0
11781,14567,1
15327,9942,0
18314,3504,0
10627,8548,0
14865,16045,0
19710,2778,0
133,18658,0
136,71,3
5102,6791,0
110,297,6
26,5280,6
10568,5060,3
77,8984,0
14463,1966,0
11482,123,0
123,7421,0
16496,7292,1
1,37,3
131,17356,1
11799,20420,2
108,67,3
14397,8468,0
7445,94,0
5264,8503,0
2834,5331,1
10410,18166,0
6677,8545,0
1157,18166,0
324,6677,1
6242,6730,1
3315,9777,0
16046,17604,0
15158,20518,0
10495,8653,0
3298,8879,1
14479,9627,1
21310,2213,0
16418,83,1
15514,20464,0
11193,14304,0
1,6970,2
1215,20176,0
17807,6938,0
10568,2762,0
17637,18166,0
20750,7908,2
1399,21967,0
108,90,1
77,9007,0
13467,7086,0
22429,86,0
300,5280,0
11901,47,2
18524,6677,2
15668,7397,0
11562,14865,2
15152,18075,1
12222,18131,1
11085,26,1
12222,13531,2
65,9234,0
16926,77,1
15856,21977,0
13,77,18
21309,2213,0
