10,30
18166,9281
12588,1457
12207,131
11339,18747
1,6
10568,7199
16979,20141
20917,4183
2118,8576
123,16469
10183,2115
17232,65
2829,5280
2586,3
16979,7637
14567,16511
45,76
3367,676
2428,26
3056,77
15456,8198
112,16859
21974,6795
112,90
18285,20559
11189,131
20518,7088
125,21587
125,21586
2247,77
108,15659
6308,94
12,131
17204,17503
17305,20344
142,17084
22316,58
12992,7397
6404,6560
11304,17503
1,3
7330,83
10568,13007
17503,2811
4176,6791
18121,6479
13,5001
13636,724
16496,5280
6,9278
14069,63
2598,7745
1971,54
14183,18747
108,17491
15248,2326
108,7727
1042,54
131,6643
12,17367
4000,6241
4885,63
21245,63
108,19412
17305,21368
13654,8194
13328,94
108,6885
19668,19669
18166,5926
17503,9931
10568,15420
131,15011
11221,20992
17007,3217
11635,83
17899,6846
18121,20515
154,22415
13,16800
48,9946
22386,5641
15434,20247
16850,31
76,8216
20285,30
5331,7573
1062,26
118,94
18204,7397
11304,20752
10350,77
5225,9777
5343,84
15083,15609
16238,5060
108,11554
26,9172
154,19
19709,6375
14865,2569
19996,63
15964,54
19828,6741
19710,2260
12325,17807
16940,83
21563,7
19710,94
18909,94
19122,8988
131,18468
14545,6
131,15466
19728,77
20860,3063
12847,58
12559,17807
12952,16046
1096,110
130,20518
131,15332
58,8685
108,9395
15361,17785
18121,4388
15011,15361
108,8263
10328,17963
10350,9105
4628,5969
139,140
14797,16046
123,9852
151,37
16469,2118
10568,10664
26,3176
1980,31
15232,22378
13512,18314
10568,22209
83,9741
5972,9219
15704,3632
131,7447
47,5623
131,7445
13034,94
20518,3500
22154,83
123,1497
21974,4628
10568,5589
1170,12418
13,58
13,59
16241,8789
5225,8224
5177,9908
68,7245
110,3654
20420,5280
123,4545
65,6820
17801,26
20518,5131
20518,5130
12392,16329
131,3016
15,4162
22207,9777
14126,348
11339,2260
136,17564
18489,19205
11124,13
13,17866
12629,8261
10568,5346
125,1396
1,12553
13292,13575
17503,18830
19122,3655
6735,9777
1705,8408
17503,19091
19122,22178
12155,1705
10966,15645
108,13014
16410,40
12911,1481
18609,4749
17866,77
7470,94
67,86
15537,7883
15327,34
12155,13394
324,6402
8514,9437
10996,6
17894,2118
22349,5331
10568,20910
14272,51
1,12952
112,40
112,41
16906,26
1534,47
10183,9857
19790,7245
14272,29
16046,58
6677,8288
1,29
21208,9777
18870,9751
10183,5244
601,71
19744,659
859,9581
3973,5639
123,2476
15494,6
444,6
102,29
10,1408
11106,6
17828,20121
34,6346
17787,6
14227,22179
10159,12162
1877,4705
132,9437
13,3369
10345,1883
13,6207
12222,3217
14567,7436
1166,1866
14184,16046
142,84
15856,7514
7310,83
22029,2878
108,12161
122,19250
13,17516
26,4705
21005,6677
142,18760
21728,61
351,7572
18166,19094
112,15930
324,5
14865,18604
112,7226
112,18588
20518,3179
4067,6
110,131
20812,5280
111,263
13,7266
4764,63
110,136
20898,94
2965,83
10350,154
13858,7330
10,26
108,16423
19267,6241
111,3
18236,84
13886,16238
7979,9603
12222,19
77,9105
20754,7514
12469,126
5641,6157
154,19710
1,18965
2493,4449
7733,83
108,21896
19478,26
26,8874
5223,8790
18604,8633
123,91
14537,7452
122,4150
6157,664
13014,7727
15136,9007
12697,65
19,20568
16866,65
12952,19
16854,3654
20518,3999
17351,83
18747,3362
14604,41
2214,77
15517,18915
1525,7444
10568,12222
5419,9777
21725,61
12222,94
133,5566
10242,142
2118,9963
111,6927
3973,9304
12222,18587
125,20263
111,2813
19918,20708
469,6795
1517,16800
11193,5280
14860,6665
131,1855
1353,2722
123,13671
12154,86
18235,84
110,5782
112,19451
108,15358
13,71
324,63
19,21362
10513,112
10568,13308
13574,54
13071,70
10,12222
19084,6345
6,9595
17047,933
13,6730
107,131
14567,18604
131,19967
6765,8361
18758,3
17505,68
18166,9674
15856,779
108,19086
14567,17637
18166,9675
13593,21322
17305,1969
21237,22421
3306,5527
10568,1127
12479,6549
10568,10781
10257,17663
16340,17
12222,8023
18664,8789
1559,7912
18411,65
18747,9442
17807,4648
16469,7246
3791,6560
4198,65
176,47
10991,1864
17990,7514
15306,96
15306,94
123,12407
10568,5001
662,7397
12557,17807
21999,2829
19405,37
12291,76
17305,410
17807,20155
11485,8194
17,20728
13714,3
18314,5172
1674,5567
107,77
15306,18747
16979,8230
11547,7397
1396,17746
125,14358
16489,77
16752,77
18747,22034
19058,94
123,979
112,3453
17305,7624
131,15259
1755,7
4487,77
11423,1882
123,13046
11004,835
247,6242
108,16576
20515,8704
17503,18227
108,12985
12394,6643
22368,6073
7444,94
65,71
10966,20791
4845,7549
12625,83
19,246
15869,9627
102,17185
17565,26
10227,11221
10568,13463
112,13805
15517,6912
21971,3667
108,18663
10568,13468
1255,13643
13468,5502
20518,2428
5280,7941
5808,7841
20660,22206
0,68
1399,7
13858,83
8110,86
1,12545
1,16046
13,17721
15509,21117
11562,47
17321,54
12,13567
12031,13
10568,12820
18489,5527
11187,19103
12362,659
83,8653
12380,3629
18166,6072
59,7830
14771,6832
13823,26
14865,2015
6795,8789
3113,77
1177,18314
15965,26
14272,67
18106,6677
6665,896
141,8879
14640,26
112,51
131,7452
17305,3504
0,18951
17503,471
47,7270
58,65
17924,3907
2379,5909
1019,142
17441,94
1019,13593
10042,1928
297,3654
12236,17503
10183,5927
4965,77
19404,40
14449,19744
58,6970
110,13
19404,41
108,20979
13186,63
17367,9777
20904,77
20904,71
10651,8879
12819,5280
12989,20128
11105,18314
131,724
13949,14560
19291,9777
12,7445
14567,3340
11765,94
13217,21490
17231,20518
4969,8859
10223,18314
5727,8225
131,3998
1,7643
11418,6795
11520,84
21746,6
20518,21855
16188,2118
18747,8829
14,17
11178,8789
20945,6665
1705,489
1502,2118
468,6795
112,7141
1928,8194
19122,6765
19087,22349
12982,1396
3372,4232
16926,58
1126,9419
140,37
10,19
1928,21930
10183,26
14227,250
14567,21015
1750,77
15136,77
13,6504
14626,18121
112,15523
11764,15136
16927,6677
19799,8799
20518,7664
1,18957
4340,76
1353,17223
18796,94
12260,20935
12222,17047
14160,9777
11370,94
16414,21138
1,8
12519,18747
21111,6677
105,3453
131,1597
13162,6002
93,9908
1,20750
2118,3623
13989,16046
17988,7582
16382,22368
17305,8247
13498,83
147,54
12741,2118
11246,9627
3217,5280
10387,6795
21385,2907
17503,20897
83,910
21930,6689
2118,9970
123,15991
77,9601
7741,9777
17305,76
131,1866
18314,18797
17007,5280
131,19205
17462,18747
1396,20266
1,6504
22415,6677
15609,17503
1132,2118
12829,8194
15695,17503
18166,8875
12222,17503
22303,7444
5,9437
15518,18166
14227,2333
131,15060
15517,3568
10899,83
131,13567
11249,77
16866,58
21146,83
2004,83
12361,19122
13269,15856
1,9416
13506,18314
13716,8789
16575,17503
17246,77
1689,54
14816,94
13607,8468
10295,1353
10350,13
13506,17305
108,913
7598,9627
1705,17503
14654,31
34,9271
5335,83
13,8928
5331,9627
12622,13
14865,20706
11642,17305
13,154
15327,9942
2004,5464
14567,9730
5782,65
5018,5225
17,4973
10183,17801
14272,17785
142,22159
14227,20016
138,3972
18747,19479
18609,4184
0,15986
14567,2932
59,7490
20495,6677
14677,20518
3,9095
1096,131
6655,8007
11437,14865
16764,7188
18135,22378
6802,83
19710,2778
18266,54
1705,6795
22323,77
138,2322
108,11620
10,16046
10568,12155
11687,9777
61,9908
20812,7745
21384,94
19540,6
11877,834
18166,7622
18604,20190
131,15535
10568,3971
10495,18604
13022,6
153,7598
16100,54
21018,6677
1335,17395
22368,6060
19832,20518
15612,94
131,3568
131,19790
14272,148
14449,15930
18264,86
151,17573
5716,94
131,3565
20093,4998
1353,19477
0,6183
138,5639
94,980
14626,6124
140,7942
12635,18314
18539,22109
122,6081
0,74
0,76
21018,8545
17503,3484
41,65
112,2991
3654,6832
83,9265
18911,4881
15965,691
20093,5331
18075,21146
15537,1705
47,619
153,5280
1497,48
112,3654
112,3309
13593,595
108,5038
4022,8468
6820,77
131,2103
17503,18747
10817,14865
108,11840
11901,6446
2238,27
3453,57
26,5834
58,59
13132,16046
1396,21195
6241,9455
10514,112
15642,6795
14227,9674
15930,9777
2846,8288
58,7908
14227,9675
1517,20464
31,6513
17902,22368
11106,76
20023,9777
17316,20588
14449,41
17182,4651
5331,5445
7245,77
13,19002
3901,676
2118,3958
3258,73
63,9437
14524,65
13,6885
10812,131
18314,688
12729,14567
5468,8790
18539,20518
122,1530
19404,9777
16188,3
18386,4749
17807,21238
17807,21239
3632,94
6404,83
14567,2544
10848,5680
10781,7323
15011,77
15011,71
20515,6126
21063,77
9437,999
12381,13500
13965,3191
10754,18604
17924,3983
246,8862
11187,17
2118,8544
2118,8015
0,29
1,11085
123,4971
13,15639
11221,1814
18166,8709
3,98
110,14009
15071,18747
14227,8306
18314,21208
40,41
10727,76
15537,5280
17564,9777
16866,5
15858,77
13575,16238
11757,4727
11877,16979
17503,20221
20420,20495
19,22013
14084,14703
131,5170
15733,18075
14567,5527
5140,7140
10568,7701
20518,779
3080,77
6677,9779
131,71
142,8544
15011,2118
131,77
13574,20845
0,19527
5267,8468
123,2118
12952,955
1233,54
14508,14865
139,8518
110,19469
11945,123
18663,20928
131,810
12162,7772
22378,7554
18895,5510
1882,21272
16116,19477
8685,94
19790,5654
102,5038
21490,30
1,11423
18285,20854
1525,94
15856,6511
18403,20805
22056,47
11085,16046
18587,20897
17164,26
8813,9437
18131,9291
10350,17305
11348,27
10568,15465
18353,19702
154,22112
10568,339
15204,8261
108,15572
111,275
131,1581
21138,2493
20754,779
26,57
145,21244
10568,6727
123,7502
13,17763
17216,8265
11060,1517
6665,9091
26,58
13,145
20518,20632
16752,20643
131,20774
136,2557
17736,2118
13151,94
21478,6665
17339,9777
14839,77
122,22095
47,5341
13607,61
17367,20945
1007,22323
18314,9281
140,20365
10568,1705
123,1499
21187,6665
18020,466
4528,7
15880,18314
19566,2118
108,13299
10350,7671
1098,54
10568,30
1581,77
13,1614
17503,22011
6,8396
12168,94
142,76
16996,6
18,2119
11221,8833
131,14696
10534,9777
12986,15517
18663,68
131,6514
20518,4794
3080,6346
1928,58
112,6402
131,14322
18261,86
14488,14567
21556,72
131,17395
108,486
10242,47
10568,18424
4562,9341
112,14413
112,20786
139,4576
13325,20813
112,12910
16349,29
10568,594
16731,94
14771,86
10531,83
10568,5735
10568,5734
18314,18940
10568,19426
7942,83
17323,54
18314,9635
19104,3217
16469,19723
34,6912
18747,4431
5331,5502
1396,1588
13593,17084
112,13820
108,3016
12479,6795
18747,2957
18663,9788
133,4448
6677,9
22104,22368
16511,17000
153,7292
21514,2214
110,12990
112,4846
2118,5070
17866,3
17866,6
13673,7745
12756,6665
14851,5331
17007,9668
52,6
15011,19728
11438,16046
16866,2018
10568,933
17518,19710
154,2260
10079,111
2878,31
118,151
10568,13827
1928,2668
4705,9857
17367,7245
17288,9777
1096,19469
14567,21362
13510,16979
0,6081
5782,8879
11677,54
18781,37
108,228
25,26
14567,8353
20585,743
18314,21813
11770,83
14567,6730
8833,94
15198,21117
17047,3217
14480,5265
14567,2428
3453,5177
14674,6157
14250,19205
17300,18166
1353,14941
18368,26
122,19821
11781,1864
11899,6677
12420,15856
1971,5530
13575,1705
19175,6332
22011,9181
20284,8789
18233,84
107,15517
5,8288
21362,8789
16116,2118
11752,971
17066,19510
4749,6377
108,57
12564,14567
18781,73
1126,6791
5527,6242
1007,77
12611,8789
4628,7701
13506,14567
16046,8789
17763,77
10568,1483
14059,4628
17196,8448
16046,16591
16783,9777
11799,6677
5073,77
1065,9777
18505,47
140,54
16418,20285
1398,15212
11124,3654
20518,4142
10183,9367
10,5280
16703,31
112,2992
112,2993
17366,83
131,4368
15131,54
3473,7
10568,2834
10183,859
12222,7018
20944,47
14908,4940
12222,7017
15814,5280
10568,15695
17305,3856
17305,3857
15306,8948
11520,135
17503,8755
1162,17
11222,2118
131,20969
108,15964
14026,7841
17047,6516
13308,17503
6404,6700
11187,11584
18075,92
324,4211
6677,8015
10040,37
16590,83
16590,82
2823,8194
5671,83
10568,20988
10328,19308
77,8544
16933,58
10967,5280
15732,4038
16834,8762
16025,72
19781,8518
14148,27
14029,47
31,8212
11824,83
11877,21451
132,63
110,14272
123,13801
11621,17305
20901,94
11108,133
13,17232
16801,20518
11874,9111
55,73
11764,94
12280,2061
21726,61
5217,5476
112,1517
1705,19104
1674,4879
19860,83
12911,2260
22465,94
16410,41
15361,659
15578,7979
133,3334
14184,19316
18747,4927
3351,58
11249,12
131,6912
18747,6422
20518,7317
13708,18747
112,6343
1583,16854
14748,58
123,895
26,65
1447,22316
13610,83
19916,19953
174,94
16979,20201
12006,131
13,131
13,136
13984,6677
11193,5502
1864,9945
4375,84
19304,20229
15136,58
14567,4001
14567,4000
118,15965
20615,83
11920,18166
5683,7701
125,20320
20180,8688
14184,2061
20643,77
142,21322
12519,8789
12703,22172
11252,142
13,15136
13702,61
18424,5331
14567,2957
1581,64
0,10623
13501,289
10568,9938
4072,5217
20930,65
123,16976
612,9627
15111,8685
14084,1513
1182,14865
11253,83
17430,4388
21230,76
20668,86
20518,21937
16210,7649
112,12701
1451,7514
2249,77
11124,131
10568,5120
19,2060
14874,17905
10246,16045
1593,6677
131,15517
177,47
131,3064
17067,4151
125,7369
11060,9777
14396,5280
10839,92
16703,16850
13,19
10345,6665
15509,77
10568,5257
11124,7245
10350,17866
663,7397
26,7183
18577,5009
13691,17503
4119,83
20518,9258
11437,18604
20883,5331
18166,18746
12207,77
17503,19637
10726,3
1928,7829
10568,9627
18747,5292
1513,22316
0,18
14712,20518
5217,83
10726,16590
0,10
21620,975
131,18915
40,4846
107,297
17503,9181
19541,20518
10568,9159
14567,15081
5331,9362
123,18730
18698,2765
17765,20778
10568,11374
16239,8789
11770,17807
12015,55
16128,6279
7218,871
142,7802
20242,7526
108,8918
17443,6791
1170,83
15361,73
10568,9716
112,4929
6820,94
13,19790
3311,8468
58,6643
4376,7701
15081,8789
11046,3
16142,19
12673,14272
20752,4628
17807,586
17807,6504
8475,8762
13506,2118
2004,479
17047,743
16418,83
0,17543
14272,4080
14662,17807
17998,2118
10939,7701
1371,7883
11249,65
10936,20518
123,1969
2118,3972
16016,77
21019,76
21019,77
10568,3484
131,9379
16369,86
12155,17503
17924,4845
122,3
11554,1513
1018,2056
144,2804
1396,7741
15270,21654
1705,22421
4628,8508
14272,17367
112,14396
16188,17305
1479,86
6346,77
1,12222
3972,84
2119,83
17116,4969
108,1517
10004,22368
1614,17807
61,96
137,6791
1398,5040
61,93
11554,126
13575,5735
14304,17503
131,5711
16046,91
1705,7444
112,2982
37,5894
139,19781
12173,1353
101,63
86,9472
1126,83
131,3654
142,4340
12146,7
21005,63
130,13506
19308,73
17503,20683
10804,77
3743,5530
76,96
13540,86
1875,6885
2213,77
18747,21845
3298,8514
6677,8576
10328,289
10568,7018
10568,130
12162,692
10568,7017
3654,5782
18166,18355
2118,8638
15024,9271
14567,1864
111,17404
19670,83
12144,21738
5280,5917
145,94
10345,20030
20896,22206
3972,6832
58,698
13854,18314
22349,4998
14560,19316
3979,94
10568,14656
1353,18314
10727,18314
20762,83
112,18363
37,4877
1068,112
18380,6677
16710,19308
21721,3
5280,8321
4384,6
1513,20129
16318,94
10568,18177
16551,17503
1705,4628
11320,17340
112,1297
10568,6835
10568,6833
11850,4151
63,6677
5217,5314
19104,3971
11752,14567
103,6402
1309,61
16046,21146
6791,83
2947,40
10015,83
112,22117
19087,5331
6055,9218
1106,31
0,14159
11562,18747
18759,3
13593,5629
17503,4628
13691,19
1179,4000
14362,9777
16544,40
12703,16238
11447,324
16475,8040
2428,8789
17454,6665
11835,5280
21437,3
14072,26
1126,5094
22420,73
17305,7421
10820,76
14701,20579
8701,94
3907,47
10,3372
77,81
6472,96
2022,4163
102,14272
1714,6665
1396,9777
18314,7511
12847,26
15733,9430
68,90
18075,83
16046,6970
2567,58
20518,7562
13681,37
123,3623
112,20480
12660,94
19161,77
16653,20518
13531,1705
10568,827
11921,18166
11178,7979
108,7245
18591,6
1396,4613
14524,26
14808,27
11085,16926
10350,7188
19710,26
14468,8576
19175,7749
15,4163
133,86
17912,19
14253,77
12073,131
15081,16046
17305,4576
11875,16979
1126,7330
3177,5280
11908,17
5,63
5672,94
15709,73
5834,9291
2932,6730
14200,94
1,16229
10680,133
22206,47
13,15011
11711,18314
17573,94
12991,17503
11272,11680
7701,8491
22255,8058
16979,8363
16979,8362
16979,8364
11680,19205
2118,7502
6789,83
6095,7745
15507,17066
108,594
10338,16046
2018,6677
11850,138
26,3655
3,9595
7245,9777
1581,59
10640,54
14227,18166
16866,5280
1408,19723
13715,18749
10568,9362
19958,2118
12397,16045
22283,4185
13227,1396
5280,9857
151,19104
1,4528
16423,6586
10622,83
19122,3595
10568,489
13465,15504
10781,2870
9479,9777
15,15292
10,16496
2118,2365
10042,21026
15136,7445
3585,94
5577,94
40,9777
10651,6677
13490,17503
16398,488
15214,77
10210,83
17785,94
14567,6241
12512,4628
20190,58
14272,5782
93,96
133,6411
13,16783
148,18
19423,73
20580,21745
13531,5280
17667,61
10568,5050
17721,6
13,1928
6665,7188
0,14806
17340,83
15361,2965
19058,2125
12057,1396
131,297
22368,6091
1166,131
17305,2383
65,94
13,14009
15169,84
10549,14567
15509,6832
10428,26
12490,72
17503,21633
12140,20518
17503,9535
1597,77
16729,779
14335,17316
18747,8862
41,9777
86,9597
20897,6795
18166,823
10482,15159
1166,77
131,17066
15358,1987
18020,19
1125,17503
14625,18747
20518,57
77,9271
13365,15361
18577,8701
131,17564
131,5709
11128,112
1126,18075
1,2963
10042,4795
10543,58
1525,9008
0,13830
14958,19
17807,4142
26,4868
21462,94
26,4866
15517,22080
10568,13955
14097,77
18424,4998
86,9281
1,30
10042,11357
12434,9777
16979,20588
10042,26
1931,7514
5177,93
6678,9777
937,9891
5001,7329
15615,7745
1030,14567
7,83
108,12666
14227,17989
13843,5217
1513,9789
10568,3217
14567,8931
11320,83
18575,2118
14537,77
5177,6
12745,63
14537,7245
21362,58
1371,17503
16423,6864
12519,2260
1353,956
1353,957
19334,77
112,7439
2811,81
15704,8833
14272,2254
10251,18747
17232,77
16046,18664
10048,94
15361,709
34,77
1353,7092
12947,20420
108,17696
12643,77
11630,15434
1408,3372
21592,94
17503,20859
14588,18747
12552,77
15083,17503
10994,47
10345,12091
10345,12092
10345,12093
10345,12094
108,112
20518,21369
2965,3836
12202,6795
54,7681
13271,16535
17861,21897
15327,20969
1,711
130,4238
10350,12911
20900,94
2214,297
1006,17164
10568,6516
15634,65
14745,65
13089,20518
11688,17763
22219,3438
6795,9938
7522,83
14567,6242
1,1125
11764,58
54,7530
12962,22102
11680,13
2740,3800
11915,77
297,77
20568,94
15433,18314
21752,47
10727,7549
17807,22397
12843,37
3453,517
12162,47
16866,94
123,20083
16046,6016
10568,14702
5,7745
14865,19479
20518,7379
20518,7378
19316,5010
22283,6372
15818,16553
1823,6677
10568,14851
17196,7652
14304,19860
1408,2598
12751,15856
17807,17977
6665,86
74,76
1533,83
10568,6999
17356,6912
77,94
16188,54
14227,19308
13838,20518
14905,37
14018,1958
1614,83
14771,6665
13623,1875
14958,16046
18747,781
108,3047
19304,6157
0,133
1705,18748
1928,5681
16188,18314
18207,45
15361,16675
5863,6596
22378,6677
18747,8789
18314,1969
15783,17503
13506,140
65,743
131,19423
2070,7330
10568,14224
20093,22349
112,19357
17,20877
10568,10605
18204,83
6002,83
19824,77
2274,47
11447,9437
18234,84
1,2811
11304,20897
11494,63
22109,7514
18754,20518
3869,86
3667,94
14696,297
22102,938
19122,20207
10568,12449
1209,16979
47,9730
12137,5527
20845,660
16059,61
5225,73
77,810
5553,58
17359,3
10568,17503
22117,9777
3323,84
3743,54
13,14253
21360,7745
12626,22368
3266,77
12153,77
13,14497
139,19405
112,17052
3836,83
11770,1864
108,13468
10568,4879
1,11076
2118,22117
16352,51
2709,94
17503,21608
3,3195
17990,18166
6808,7397
12280,20518
4846,9777
5060,7883
10351,19
1791,19459
14272,3311
10568,5478
10336,86
37,7643
11106,21725
86,9906
48,7548
13,34
14026,6918
16597,1750
4787,8879
103,65
18314,22339
1353,17905
22368,2871
11306,13955
108,19709
16045,16575
133,20193
112,29
10568,5502
7183,9777
110,2018
19,8225
15759,17395
1,2805
112,12076
123,130
16979,2721
131,5641
14198,5280
5331,5489
5670,83
10568,6399
11247,86
6279,8687
17503,19232
13468,7883
18018,6795
151,4162
15668,7397
21244,94
10350,6
65,8685
11520,76
26,4798
10408,20518
1455,19
5078,77
11841,14322
3978,94
12535,9007
11124,14009
2682,83
11620,5264
10568,3448
19205,2557
131,136
16453,7701
41,58
17707,8448
1752,7
3477,9857
1514,18747
21186,7549
15517,6514
10568,18587
2018,51
17305,5398
10568,20285
14126,20981
15610,16046
17367,29
17120,5280
11876,16979
17543,94
10373,10781
15268,3633
108,73
6828,94
20256,20722
8107,86
1119,19104
19175,5010
11106,13379
16979,2185
472,9777
664,83
17047,7017
19205,20128
16982,19
10568,153
3530,65
1159,47
110,19790
19477,2118
21208,37
14567,2219
138,16857
2385,7330
108,67
22378,3298
17807,19670
1231,6
108,68
7397,8076
17862,20932
10568,6276
14362,18747
12542,77
14243,18314
10622,17340
22013,6560
15492,96
16413,21138
10107,54
10,6677
13811,987
2118,9908
34,65
16808,18314
1238,83
5276,94
16151,6390
17305,18430
16531,17
18166,8672
13232,6727
14537,9777
3971,933
130,779
0,1664
13468,17503
3971,7745
1084,6157
15361,7241
18730,47
5280,8614
14567,2326
154,7
17951,4628
11824,7397
6677,8684
18314,2686
54,5530
11554,77
17534,488
16535,18314
1958,20129
19,19478
145,260
5640,77
3,73
10373,10568
6885,77
110,9149
108,3453
4198,58
5335,7397
19990,6795
110,11124
134,9437
13,15128
12434,14490
15930,54
1,189
22298,3
108,14537
18314,9175
18364,8789
153,58
154,19247
19,74
10568,17534
112,6462
131,34
21243,22368
11187,12209
133,16625
14479,6516
10568,17711
14845,5708
5641,77
108,21490
14567,3744
1620,8587
20979,7064
17989,7108
11963,7514
18166,440
14304,83
6795,7095
122,5341
112,9777
19405,52
17305,4775
1273,3298
19122,20524
19405,54
20579,20812
1705,5001
16591,19
19422,73
10183,14783
18,243
18238,84
12222,15537
10568,15537
3810,6677
108,3901
19,20813
15306,18
10016,83
12322,17807
4871,77
19122,4588
17252,21244
20083,6554
10568,6403
10210,17707
16769,21112
111,18760
108,17405
7443,94
20518,8728
12866,13
18166,20712
31,363
6677,9341
19,5727
133,67
20931,77
11562,14029
11680,22415
3,9821
22381,83
19821,3
21460,6677
1581,324
108,7749
29,68
108,22283
47,9946
18746,21360
5295,65
29,67
108,22289
108,18609
13703,61
11752,14508
20536,289
14108,21971
15021,76
1705,2125
10042,9083
14711,16854
108,5641
11553,26
1490,20752
13136,17305
18894,8743
17503,17657
1654,17861
1073,13654
6586,6864
15736,17503
14449,15361
10568,1527
76,9
11934,2118
15661,6677
21514,77
2996,94
1068,15930
2260,8859
31,3629
14227,2808
31,3627
10246,12397
3971,6677
3315,77
2811,3367
111,1272
14400,2493
3298,6677
11879,18524
15748,18403
69,77
10015,3358
3314,77
20176,72
15517,9514
1875,83
13,9271
103,77
12562,16979
11520,6665
10350,14567
18632,6677
1396,9443
4277,63
15490,16046
16046,743
121,86
123,1408
12949,54
58,6346
17395,8224
11106,27
10568,5515
7488,8789
12006,5711
1870,6643
63,8288
17821,7397
22109,4238
0,17073
14537,17367
11304,1705
19845,26
110,17367
11874,54
17557,7397
14567,6468
19860,2965
12222,18020
19,6560
108,3017
3549,37
131,8224
112,17611
3367,3901
10568,14479
1084,5138
11874,138
22368,6211
11554,63
20180,8309
20518,2133
54,70
649,77
54,6462
20945,76
14560,17503
131,5729
14567,21239
112,1550
10351,3
112,3424
112,3423
1,14958
108,20845
7436,871
13103,14490
10,22415
11840,94
16128,8112
12788,84
108,17054
15733,83
14370,6691
13955,9938
581,7750
131,9514
11929,26
131,7830
16669,37
22283,8223
40,4287
13,7188
14567,2201
11085,34
17807,19668
17807,19669
1,58
16046,9211
15535,17807
21208,29
125,16106
18314,19512
13294,2866
21111,7745
10991,59
11100,6677
340,7745
12519,20752
1431,14865
3693,5280
15930,4015
15930,4014
10073,111
698,86
1311,4727
13506,96
20190,6
10898,5368
1705,20752
3328,54
14568,7701
13623,83
17503,6795
1,18803
17807,2018
1,18804
54,944
112,19806
17298,26
17752,83
14484,31
2710,94
19993,77
11923,18166
14865,6422
13500,31
63,9379
108,17182
10568,7371
11106,21726
2005,83
20518,8803
131,1352
31,9815
17864,9777
142,779
17305,19064
2037,7199
10939,17503
19104,94
7652,8653
12701,4340
18587,489
10256,9777
3955,7018
17989,18166
14567,8862
297,5019
12992,83
133,52
10345,3915
108,16032
20518,2806
58,7829
131,26
20190,414
1,8279
10016,7397
153,65
14865,22271
6677,8878
6677,8879
16151,9235
15306,6
14362,6
11423,83
17731,77
14071,5020
18187,57
11768,14227
17807,21146
11124,94
15327,7053
54,7816
20518,20752
57,9777
2811,48
13965,20206
6084,83
18166,4433
11546,83
10568,211
14250,17564
20762,6157
13506,76
131,13410
22102,8220
112,21939
10568,11719
16621,18314
6677,7635
6,6504
21222,83
16142,6560
123,3306
17503,6259
11418,9535
16059,6665
2118,7447
123,6274
6677,7638
21371,6242
2249,59
10568,6793
2118,22266
1581,9777
16089,18747
6677,7634
6677,7636
5010,65
15267,2118
15567,58
21384,9777
10568,6795
12167,19091
14272,21685
18424,19087
20518,22326
12479,6242
83,8448
11866,8701
13501,3110
14304,26
11799,20420
133,19980
17453,2115
2070,83
18106,2478
18760,84
11485,26
4961,61
108,17505
13271,18314
19512,77
12470,126
16530,17
1253,47
2158,94
13435,77
17,4487
129,5280
4705,5280
15096,18121
14683,9291
108,18293
19,21490
3568,58
6157,9265
15439,26
123,13506
7548,9777
15535,16046
111,40
16729,17503
13892,20752
19806,20813
20084,7582
15965,94
15930,73
13136,3836
1525,8383
76,84
76,86
13607,14567
17516,71
17503,9037
13201,138
14272,15434
131,17428
12209,17
131,15327
14567,14958
11554,61
10409,20518
11841,20495
4964,77
11187,14252
18747,2308
14567,247
16982,83
16150,3800
3484,6795
3080,9271
20518,7156
19268,47
16046,1736
14443,70
21087,47
1,13420
1360,3
10568,19058
13567,5170
112,20464
17305,5405
11642,142
16979,4620
17503,9142
2201,7436
153,4799
11918,18166
10785,1517
12037,18314
11799,20495
8150,94
4557,54
21362,2932
17785,6790
131,8219
0,140
14272,7554
15,20813
18746,8789
41,76
10568,3465
10361,94
16046,8679
18604,991
19478,9909
138,15148
112,2947
15091,2118
12479,14567
10568,12897
13,15535
17216,5408
26,493
17516,9777
14567,5094
13420,17503
17503,8789
10967,15645
20523,8261
67,90
7444,8408
15090,86
108,19744
16541,6677
118,65
21119,6833
130,2118
10568,11030
16254,86
133,5555
12676,20917
14567,804
15280,7391
10864,9437
20231,47
10568,779
13518,8846
3432,83
1,43
10906,72
16046,16142
10373,12973
19755,22368
17503,5001
112,9619
6677,8514
3362,5001
18654,22053
13,6820
102,21490
670,84
12,7830
110,12
7652,8448
16410,9777
17807,8021
7330,92
12222,2125
1620,19516
17454,18314
112,15958
1371,6795
15288,61
15420,6795
17707,83
20518,3289
19571,4628
16535,17305
16864,58
11137,18166
10650,6677
15136,41
1007,15937
112,1941
86,9091
19993,65
4677,9777
10568,8628
14865,19248
112,7245
11085,77
3455,5638
131,21112
21362,8862
21461,6677
20518,20563
3,52
14778,16151
154,17866
3,54
6628,77
21143,2118
135,45
22378,5280
2069,83
11554,1353
11004,17503
21926,6795
17305,4412
13,13275
11752,154
18239,84
4065,58
12685,19122
1396,14085
65,6689
11752,83
1170,3314
2118,2931
10290,31
1399,4528
19,55
0,21620
10373,3971
1276,83
6421,76
12423,9779
11004,6795
0,3
1,140
0,1
1674,8261
40,7245
20420,999
1393,5280
0,9
131,16769
6402,65
26,4447
20420,9437
131,21063
19412,9777
4528,77
15481,47
14891,18166
12853,17503
1,6700
118,19806
16704,18747
14865,17807
108,7064
11689,15748
20515,3428
30,58
22100,4781
3972,77
18895,5280
15429,16046
21037,7979
11187,16340
10568,5060
26,9570
15732,4781
17216,22317
1581,3654
8288,8514
10568,11701
8846,94
150,20518
19710,65
16851,31
12865,6677
1125,7652
138,21021
12542,17807
108,18196
14814,5280
37,8255
37,52
144,9821
11841,6677
12503,8850
14865,1639
7134,8789
11956,142
14880,3971
15843,17204
0,22264
58,743
19175,94
14865,16952
12153,6410
63,999
10568,18711
12833,20860
4701,6130
6,6404
14272,5467
65,77
4372,8295
108,16800
5060,7701
17503,7883
108,7841
5280,9832
18540,20518
108,11749
18938,2118
22330,810
5361,77
16046,2963
14272,22378
9095,9821
12057,54
10350,84
21360,6677
3257,54
20121,77
21866,54
15,151
10042,15965
15537,6833
10727,142
112,7068
2118,22475
10568,22349
15,16553
111,265
3217,3971
17564,18915
1158,22206
16046,21094
14865,17150
1272,9777
16015,18500
12222,13575
19146,94
108,1166
14880,2870
10568,5331
15216,20
154,17518
13252,17
4501,61
10991,16436
20128,2557
6,891
11689,7
12220,18528
2921,8589
21244,8040
20420,6677
11124,1855
20518,5059
21385,9777
10994,86
11088,22368
138,151
17441,5276
19104,5280
6084,7397
10568,4628
108,5225
10568,9218
14026,4781
2637,3453
131,16866
15945,2118
16952,18166
17426,7067
17305,9062
107,13
17503,4067
10,16927
18731,6665
5010,6547
22368,8745
12406,70
10495,12236
20201,834
17047,2125
105,37
151,94
13,9037
122,142
71,77
15517,15759
58,9570
17,8820
0,3325
13181,19422
83,9783
6554,9963
19,7942
20472,5280
17367,5225
18314,8015
15965,65
12519,14865
1049,15332
15209,84
3989,6
10568,20897
21220,7181
2018,65
13506,9963
15358,486
2192,86
4519,5280
1396,6081
17232,17763
54,56
10532,5641
82,83
108,3367
131,4100
1408,5527
10213,125
11554,3983
10664,5331
10495,17503
0,12022
10568,20093
13396,7979
17305,8131
26,7741
12829,16933
131,676
18761,3
1396,20921
136,34
10257,125
18234,76
11841,129
2249,4871
16046,16172
14567,871
16238,21633
12395,21654
17667,6791
7397,9265
14773,86
15976,87
1,76
16815,2218
2260,77
5280,7745
17807,6938
17565,18747
14860,86
13496,83
15494,27
14252,17
2834,2870
70,9095
17975,20752
17305,20196
12563,595
12479,17503
1408,9304
10526,131
112,15940
18747,7643
35,6677
123,2769
16553,18
131,9150
20,20527
27,61
12,77
19212,990
125,5373
13607,2118
18314,3789
13,17564
17067,31
6391,8194
65,9271
112,16783
138,18906
59,9630
10568,11193
5280,5834
1855,9148
11680,131
15136,59
13453,16046
1237,18314
18747,21239
17807,2428
6122,6791
22013,6404
16194,5331
7979,8789
17164,58
20860,21055
11125,3846
5280,9627
13,7830
18166,8226
6418,7997
12519,17503
11907,17
53,86
11684,14397
12911,59
131,6402
16164,18747
18730,6665
18314,3306
19,27
11249,94
14865,22216
12222,13308
14865,22212
4372,9014
3654,9777
22309,86
11187,16283
10345,14771
13539,9777
6402,77
20298,26
1064,19248
18166,474
21311,59
13365,27
21738,6677
1353,9539
18588,9777
8872,94
5038,58
12,34
1481,59
17564,19790
17905,9156
3972,61
18166,22179
2193,86
48,4846
1353,16490
57,94
31,5803
13739,17765
18166,21182
18747,19763
6727,743
14449,9777
131,19469
12222,16046
13830,52
14865,15071
16309,5280
15748,7
16046,17807
11901,6380
108,18187
19087,4998
2497,86
131,14539
131,14537
17557,83
1928,20190
11752,21400
136,77
11100,8545
13,4453
17989,20085
7657,94
0,9654
1882,8
6192,94
14865,17565
11901,4845
12321,17807
14222,14227
112,17367
10568,20518
108,7691
12,810
15931,17433
19770,7
7652,83
17405,68
112,12075
112,12074
112,4813
17405,67
112,12078
18166,251
108,897
8076,83
3971,5280
21490,5038
47,4845
10548,14567
11866,94
14322,6677
21457,94
13704,61
108,4749
0,12222
14395,17721
17,20176
14567,21910
17488,3
154,6
47,692
12847,13654
11752,4721
16982,7330
10042,58
15232,18380
20587,8931
4963,61
11642,54
14701,9999
123,22266
2118,6
19535,48
18293,18609
20221,8789
21117,77
111,19423
15931,73
13,1750
4162,4163
10155,18609
123,7929
3373,83
14537,3047
11240,17807
54,7882
19672,61
14326,14865
15856,6438
10350,16021
154,4372
1256,1374
3791,3813
14958,21146
1240,351
83,975
2130,22381
102,86
19860,9265
138,4151
86,90
2118,2260
1126,3670
13159,7181
743,9627
133,18658
260,94
11900,6677
11124,77
16496,5927
18604,18747
11104,112
12975,61
5762,83
5225,7245
19515,5641
11554,13
17267,6
18314,19477
0,12170
41,94
16783,7330
11899,5280
138,595
138,594
0,20352
0,20355
13,19396
13,8194
15965,58
15540,16046
13739,5751
2118,5177
5070,83
14799,8789
13269,20250
17503,19478
16046,19
13549,20518
45,86
55,70
13715,15035
20900,8701
4562,6677
20518,22179
18314,2822
3177,6677
7802,86
18314,22117
14009,18629
144,56
102,108
144,54
20762,7397
154,18403
63,9290
18314,21481
16142,94
12222,1705
3,6462
131,17367
15704,94
37,6574
3,6468
17866,22415
108,29
4940,8657
17503,5060
20420,3810
108,20928
18856,87
26,529
16418,18020
12829,22368
17485,6677
10936,14654
17305,19477
1,14184
10881,2939
110,77
17447,26
13654,14125
19328,4202
111,14356
297,3998
131,8948
18166,22180
17807,7508
17807,7505
15226,65
7330,9521
6242,6912
17503,20910
112,1928
108,14490
18760,3
11752,19882
10183,1877
11781,16979
15136,65
11085,58
14508,20190
19756,22368
5475,83
131,7145
2040,8620
17503,20752
15306,22378
2085,22368
1383,18166
3372,6677
5010,9789
19104,65
17720,77
17,18148
11193,3217
20673,47
1408,16469
18123,5375
30,5280
12389,70
21747,9037
19,30
3,6081
10568,8261
18780,83
17503,5735
3,3303
6,6081
153,30
7999,94
10568,17047
2070,6157
1,1029
10470,10568
8109,86
3693,5510
5177,61
1656,17861
14253,16926
10851,131
17305,4000
10568,5972
11206,18747
5641,7054
7266,8789
11850,15659
11554,5264
5009,94
5042,5280
15361,17556
112,1581
102,14490
18747,7979
1033,14567
10290,18461
13607,87
13416,77
1588,18314
16800,77
3362,6
19710,41
10568,6055
14567,9212
105,108
15965,16046
6800,77
17355,6730
15227,6
11221,15704
16496,26
19710,4372
12703,7701
14539,17356
12829,1928
18464,3632
22013,6677
14069,6677
14397,9777
18745,7
13,14702
20190,83
130,7514
17503,82
14567,22291
6885,94
10320,94
17305,4481
18575,5177
6677,755
1,21490
26,6999
6665,9946
19,8
1125,17807
10568,1477
14567,20987
6677,999
19860,7733
17491,18609
112,20876
16046,6404
16426,18166
9008,94
15136,1928
111,16830
112,12066
112,12067
6410,77
2878,5408
16240,8789
1328,18915
6677,8880
14071,16769
15361,5067
11124,7452
5070,7330
17005,9083
14160,77
10568,4799
2765,5280
123,17894
131,14272
1502,86
3,37
12666,8263
67,68
1517,9777
15632,77
20221,6795
19248,2570
1618,5280
12989,131
12829,2668
11664,77
5113,54
13,81
66,6677
1183,16046
13,21239
133,2647
1,48
138,17067
17503,18289
16590,17503
20145,83
2260,7
131,69
125,19207
18723,86
16046,7444
2201,6730
12701,142
15537,17503
16475,17252
10568,4680
19,6404
10568,4571
18166,6188
13332,8491
19387,84
20728,21556
16854,58
1064,14865
18166,6187
12535,15136
11934,77
123,4576
10042,16046
18609,983
11339,77
58,8194
14322,22378
13329,14908
15361,9323
11106,133
12990,131
130,15856
131,14071
112,12535
123,9963
1620,77
14674,83
20464,5729
14145,18166
12329,20917
19,6418
10242,9777
13673,5280
138,8995
20420,63
8288,9437
14567,19
59,71
14524,9777
21930,65
1,12588
17912,18747
18747,528
12947,9437
15856,5140
13365,61
17667,83
18609,6885
18609,8902
47,6380
17455,18314
131,5782
13654,58
15797,22109
1,10
16866,21457
131,698
1,19
2260,59
11752,13393
20231,9777
131,5654
14865,6596
6369,77
14865,991
14865,990
6832,77
14322,18524
10301,22368
10991,13
17503,745
14250,20232
5294,65
15420,17503
10568,8685
19104,6403
22013,8879
12557,58
11710,18314
2118,3306
1180,13
22368,503
14865,4372
17765,19358
13506,139
11085,17232
131,13997
16864,65
11764,8194
3,5699
16059,17667
131,15854
18122,20515
15736,6795
18166,9535
18314,18730
352,5641
11520,3972
5339,58
5375,5958
15656,15945
11925,17503
4871,59
1928,26
12273,17503
4969,83
639,86
7908,8194
14084,19884
4719,9777
18577,94
13,291
11902,18314
19790,77
108,21754
7802,84
17785,9304
131,2018
7181,7397
108,660
1615,83
10715,26
17807,933
17807,931
19503,26
12740,19122
10568,14768
5,6677
127,76
11554,6677
17573,3102
10199,859
14567,17000
123,9062
12911,77
14955,18166
14865,18747
122,54
1,11106
3466,40
1705,19058
17573,6600
4278,8743
22013,3372
153,26
13317,16046
11267,18747
10568,13026
16128,2876
10568,16055
12503,19
1,955
1,953
10183,8874
15456,7
17807,3362
11876,4230
3568,7830
16046,489
1514,83
13506,37
2544,9304
11554,131
6820,9777
112,20333
21220,7397
16022,26
10568,7883
20518,7710
122,6462
15085,15358
10622,7
19710,59
19710,58
2147,83
11033,15
1916,2118
14322,8879
11562,19479
12974,1559
5463,7514
15011,18314
11934,19477
4388,6126
13420,14567
61,6998
20176,324
104,6677
13,14717
13294,19083
61,6997
1398,7
15797,18166
17,324
6677,747
18314,829
111,4348
21391,5280
14010,17
14297,2538
18538,26
1256,65
15036,3983
18046,9777
5168,8789
10568,1461
19526,83
19122,8361
18166,2239
14322,20495
0,15492
18747,83
10350,59
11267,14865
1864,21371
15827,1987
16046,17119
13392,15856
18314,9070
14272,9777
2118,3994
17488,54
10840,83
14865,19249
18911,70
14479,16238
22368,8229
1705,18587
11554,6814
19327,22368
131,14248
10568,11304
16475,94
18587,22421
18453,5280
1,4556
7701,9857
21117,6832
11752,6
17821,83
20589,8931
1158,47
10934,5280
16783,83
4962,61
13,18629
13,19710
131,2326
11546,7397
16851,6831
11354,6795
18915,19626
1969,2118
112,12434
54,7075
107,14539
26,7292
14567,18489
16979,9929
14567,21371
10534,94
10042,7195
10568,19096
11752,18744
11106,96
2296,65
110,7830
1928,22246
10568,5567
11354,17503
11165,17503
17785,61
13518,94
12629,5567
131,13853
14253,17763
17305,19989
18925,5010
131,7067
112,9826
1928,65
19477,77
10568,12395
20860,8194
112,15227
20546,351
83,9518
15361,19744
12222,16591
1353,21019
12744,9437
63,8743
63,8742
11900,9663
3200,6242
1481,77
3836,5475
15011,17305
12026,5244
4558,54
13718,16979
3744,990
1177,17305
10568,4367
1513,5641
17305,22117
20231,6665
14406,26
3432,7397
19710,9014
14711,17503
1630,7
112,14114
4340,84
112,2900
19,2061
17367,41
16046,27
14339,84
14272,5468
12222,5280
14567,20171
112,17050
112,17051
17912,6730
122,15949
19424,73
1705,20897
14126,58
16164,2260
5009,8701
1705,211
12588,17503
17503,489
16028,18609
136,65
10568,20752
108,659
16046,30
16436,59
21971,94
11482,133
83,92
3333,65
131,17345
14880,5280
5170,77
10473,5276
4628,6746
4628,6747
10146,83
17367,297
142,2063
3472,7
20518,9813
5038,94
2900,7270
22429,86
112,7069
10572,5331
51,77
8576,9908
110,59
1,6968
12964,87
37,4576
15940,9777
20834,86
3311,9777
139,91
7701,9627
13858,17706
14272,16015
16969,17503
18747,6574
13269,7514
16854,26
20790,5280
11900,18380
3654,3998
18020,83
17899,63
10387,17503
10437,18747
19122,7602
10,8
246,2811
59,77
1353,895
2118,8239
131,5225
10183,13823
131,20464
2118,61
154,18285
15090,6665
3184,83
18747,6596
10622,20183
14568,16302
14701,7745
16686,18747
15361,2789
8789,8862
111,6441
11709,18314
31,9756
0,8303
16046,9040
51,9777
14396,45
19308,9777
59,9777
5094,83
12260,31
15492,37
15853,4628
123,15492
17,595
129,8879
12222,5735
10568,743
123,20019
10568,17025
2309,486
26,9083
17305,5399
108,13232
6242,6730
4879,8261
125,21274
16453,17503
19478,7741
112,14160
13293,8762
1,11752
1397,18314
10076,8789
108,2818
21019,2118
5280,9291
108,15408
15823,18166
13,16926
101,9437
6,96
6,93
3972,93
37,91
3298,8879
15856,4238
19423,94
117,12745
14537,9250
1,6404
18166,337
11388,20518
2538,5280
1866,77
1322,83
54,9821
17503,18331
107,110
10568,1674
11124,14537
1425,31
17305,1944
17564,77
14865,16172
13393,18747
12073,297
10944,6
132,5
10043,94
14537,3654
11485,58
14567,20615
6171,6665
47,7476
112,17339
122,18390
21494,77
13476,18747
1068,73
10345,22271
12847,131
21478,86
123,6554
17807,18747
22117,40
16046,19352
10328,13501
86,8636
1931,9791
377,6
20552,8762
18747,6860
6402,69
10568,18862
15689,86
16940,7397
14865,2575
13465,7086
17508,2118
20643,59
1514,991
19723,7246
108,862
12555,83
131,14250
10568,21654
11922,18166
18106,8879
10568,21653
108,8473
1126,1875
131,15306
15937,77
18285,8788
1,2061
366,7514
10726,6665
130,76
1581,65
15198,77
6,76
18046,6735
19,5527
11029,2538
16752,59
1,21630
10568,2762
17305,3306
14567,614
10568,7598
1595,83
3654,77
142,4846
10681,133
6802,7397
14649,3629
16854,7183
0,894
31,9167
123,17305
10183,1062
19066,6665
17503,4239
135,20977
18166,3762
16982,6560
10,153
1065,18314
12829,58
17785,73
19122,800
1875,7749
131,18368
133,18688
108,6864
10345,22125
123,4557
11388,7514
19,7908
13500,20935
16244,17305
10568,4998
15361,9304
21930,5295
47,7549
0,45
22028,4628
5375,63
10568,15886
14009,77
16532,6677
19535,6665
1,1408
6665,8324
15975,7701
131,22415
14026,7582
5001,9037
21437,54
83,9231
13,17707
0,14391
1513,17120
10568,14211
14567,14679
11440,14567
16329,6677
18461,31
122,15950
12713,18314
131,324
17234,17807
10674,6677
378,65
17367,51
136,19790
16242,8789
7019,7572
61,9096
61,9097
15856,6896
11781,14567
0,18955
11629,61
14865,16045
136,71
5102,6791
110,297
17,9736
3836,4028
26,5280
1,17393
77,8984
18424,9159
2608,63
2385,83
108,6586
11482,123
123,7421
16496,7292
1,37
14272,2018
131,17356
7,8
14397,8468
7445,94
2834,5331
10410,18166
10568,15221
6677,8545
1157,18166
324,6677
21146,5475
108,20917
20518,4522
15158,20518
17367,2018
102,30
14479,9627
21310,2213
12,3654
10939,6795
15514,20464
15865,4628
1,6970
1215,20176
108,6727
129,6677
14265,17316
17637,18166
20750,7908
1399,21967
108,90
77,9007
13467,7086
2004,7522
11901,47
18524,6677
18314,3504
11562,14865
12222,18131
11840,13518
11085,26
3315,9777
65,9234
16926,77
15856,21977
13,77
21309,2213
