11348,7514,1
1,6,5
10568,7199,0
1,3,2
6731,894,1
11798,11799,3
1,8,2
5010,9538,0
108,21886,0
58,8685,1
18285,20559,0
20518,3500,0
11256,14272,0
1705,21469,3
17305,20344,0
7330,83,18
19,3753,1
1,5268,0
108,14438,0
5280,8047,0
131,6820,1
10042,7979,0
102,7550,0
18314,5172,0
17300,871,1
15856,3800,0
48,9946,0
15361,17367,1
13987,17251,0
138,15659,2
11193,15537,7
5225,9777,1
6088,83,0
19709,6375,0
12643,17182,0
21563,7,0
14272,21757,0
19728,77,1
13501,21699,1
18746,19860,1
142,22378,0
18121,4388,0
16783,65,2
122,1530,0
123,9852,0
17503,7388,0
17503,7386,0
13034,94,2
123,1497,0
123,1499,0
243,6,0
129,14322,2
0,16329,0
112,20480,0
20420,5280,3
10939,7701,0
13041,6,0
111,11731,0
11124,3654,2
13292,13575,0
10040,37,0
17503,19091,0
15537,7883,4
10066,17367,0
10568,20910,4
18551,9291,0
108,10848,1
10242,921,1
21208,9777,0
3903,9582,0
1024,10568,1
612,9384,1
1877,4705,0
18314,7439,0
15633,40,0
17924,4845,0
122,19250,0
142,18760,2
16854,41,3
11085,13,6
19,6404,3
12768,76,0
16979,9661,0
14272,17367,6
77,9105,0
108,11085,2
18131,26,1
6157,664,0
21019,6677,0
20518,3999,0
1517,17516,1
1,9570,2
125,20263,0
17951,4628,0
11485,13654,2
14860,6665,1
131,1855,1
4081,96,0
112,1254,0
17518,19710,0
10568,13308,4
18139,18774,0
107,131,12
4788,65,0
131,19967,0
10773,18730,1
17305,1969,1
1882,21272,0
3306,5527,2
14567,9637,0
12512,4628,0
5892,9291,1
1662,17815,0
662,7397,0
17233,9777,1
27,3,3
12173,1353,0
27,6,1
16752,77,2
123,979,0
86,9472,0
20464,5610,0
10568,19426,0
20420,9437,6
13,65,13
10568,9291,1
11934,1408,0
8685,9727,1
136,17516,1
20518,813,0
13,17721,2
2118,5054,2
15976,87,0
19,5814,0
14771,6832,0
21362,58,1
10183,12461,1
112,51,3
131,7452,2
112,56,0
17110,20418,0
10242,13776,0
131,22052,0
139,5177,0
0,6731,2
10183,5927,1
18,23,1
17721,77,3
131,3972,4
12989,20128,0
3298,8813,1
20523,8261,1
5727,8225,1
340,6677,0
12590,1353,0
13418,17796,0
131,5582,0
13567,14537,1
76,8216,0
13325,19,2
11899,7745,0
47,7075,1
14567,1944,2
13,3972,3
4628,9483,0
17738,3817,0
1750,77,2
6241,6242,1
19799,8799,0
11799,129,3
1,18957,0
1353,17224,0
10410,15797,1
14160,9777,2
18588,54,0
16142,676,0
3094,61,0
18445,3654,1
13433,19,0
131,40,8
13498,83,0
18931,7979,0
15535,7292,2
1928,20464,1
17305,76,3
10345,57,1
14227,7268,0
131,19205,1
22415,6677,0
1132,2118,0
15612,94,0
12911,2247,0
5,9437,8
131,15060,0
21146,83,7
2004,83,1
17305,20365,1
65,676,0
6,6672,0
10568,6731,0
19,20155,0
7598,9627,1
14272,9733,0
5331,9627,2
13729,67,1
13,153,3
13,154,3
58,7445,2
15903,54,0
1,17477,0
154,3456,0
13114,54,0
6802,83,0
18609,4749,1
18075,8254,1
2249,59,3
2968,8307,0
61,9908,4
2103,8712,0
1608,6665,1
15517,20329,2
18747,5010,1
10568,3971,11
11901,19027,0
20518,22180,0
17671,58,0
21018,6677,1
17644,6677,0
131,3565,0
18404,3367,1
20518,8405,0
12901,94,0
140,7942,1
47,5003,0
12283,130,0
17807,21503,0
20333,77,0
13290,207,0
7173,77,2
11906,29,0
17305,5860,0
13323,17737,0
14297,19104,2
108,5038,2
19,8799,0
14272,5223,0
20134,289,0
3453,57,1
1966,19860,0
17818,19710,1
15930,9777,2
58,7908,2
26,5010,2
1517,20464,1
11713,6677,1
112,3016,0
12381,13500,0
13,19005,0
18314,2931,0
10812,131,1
19,7082,1
19,7083,0
3632,94,2
21699,289,1
16944,1969,0
246,8862,0
2428,58,0
27,98,1
59,7173,2
11221,1814,0
59,6885,3
139,20365,2
6828,94,1
20518,2806,0
6791,83,6
13575,16238,0
11353,26,0
12222,21469,3
131,5170,4
13,6400,0
11240,19,2
2103,26,0
139,8518,0
29,7245,3
55,67,3
18468,22415,1
16847,7939,0
8813,9437,4
8230,834,0
1408,2544,3
11249,65,1
108,14573,0
5,999,5
1928,26,3
26,57,1
18838,6677,0
47,9582,1
11060,1517,0
6665,9091,1
26,58,17
11680,7266,1
14567,18527,0
12745,63,1
54,7681,0
1007,22323,1
16188,54,0
17053,2963,0
1098,54,0
14748,1958,1
1928,58,7
10,17503,2
5038,65,2
10568,10638,3
16982,19,1
10568,1416,0
139,4576,0
13379,18314,0
131,16800,3
18814,6795,0
17232,17818,2
21384,40,0
10717,17367,0
14640,16496,0
14905,37,0
2018,7292,2
131,2018,6
13673,7745,4
154,2260,3
14272,4340,0
130,16729,1
13496,83,0
13607,3800,0
5782,8879,0
112,4930,0
112,4931,0
112,4932,0
15198,21117,1
13271,18314,0
20947,5280,0
10042,5010,3
12226,15232,2
13567,5170,1
13575,1705,2
11485,6999,1
1608,47,0
14674,1533,3
13400,665,0
11799,6677,3
14567,2558,0
11554,131,2
16402,26,1
16554,19,2
19104,5280,5
17,8425,0
17,8426,0
10345,11165,0
12492,131,0
44,7444,2
15232,6043,0
35,6677,3
11520,131,3
11222,2118,0
11187,11584,0
1,99,0
19205,22415,1
11551,289,0
13531,22421,1
6735,9777,1
1882,8,0
1328,17564,1
125,5860,0
15659,77,1
11877,21451,0
12911,2260,2
6677,6741,0
130,4711,2
15517,2326,1
20518,7317,0
10242,48,0
131,69,1
1083,92,0
123,895,0
13610,83,0
16979,20201,0
13,131,24
13,136,10
6677,7561,0
17738,7397,0
5683,7701,0
101,17154,0
14184,1724,2
65,7292,4
10939,6795,1
8025,8813,1
20930,65,0
14084,1513,0
289,7725,0
2249,77,2
17972,65,0
16730,94,0
15509,77,6
21138,9379,0
15677,2661,0
12744,6677,1
6665,9281,1
2947,37,1
10726,3,0
10568,9627,5
10605,15204,0
5769,8080,0
13309,6547,0
19478,2811,2
108,9172,0
11770,17807,1
18314,91,0
17443,6791,0
13,19790,3
108,6885,0
12673,14272,0
26,5038,2
17366,83,0
10495,9142,1
1180,9777,0
13838,20518,0
21725,61,0
5264,9820,0
20979,7064,1
2744,5331,0
21019,76,0
21019,77,0
4914,83,1
17503,6727,2
1018,2056,0
108,41,2
14200,94,0
21514,2214,1
6346,77,3
17305,22420,0
130,13728,0
86,9906,0
18345,2846,4
15592,19061,0
10183,5244,0
14567,81,0
1126,83,10
11004,835,0
142,4340,2
21005,63,0
17503,20683,0
12031,13,0
17064,83,0
11798,6677,3
14449,18246,0
20449,9643,0
2006,6157,0
58,698,0
11240,30,2
22349,4998,2
11482,3,0
11781,19212,0
10568,12460,1
1353,18314,1
17503,489,0
6789,83,2
11320,17340,1
112,1297,0
19104,3971,3
11437,3051,0
20250,4986,0
136,15011,2
13858,5070,2
48,5961,0
18075,5475,2
10715,153,0
215,86,0
18747,19,2
8701,94,5
0,21117,0
12352,14885,0
12847,26,3
15733,9430,0
1254,21808,0
10232,5331,0
14018,14748,3
19,3453,1
18609,7842,1
16456,58,0
18166,8875,0
11178,7979,1
16090,86,0
13506,16116,0
10350,7188,0
125,7369,0
16703,16850,1
17912,19,2
14253,77,0
11875,16979,0
1126,7330,3
5,63,6
5,66,2
14250,9366,1
10680,133,0
1620,8587,0
107,3777,1
12222,3971,8
4879,7572,0
16979,8363,0
16979,8362,0
16979,8364,0
15856,4433,0
3043,4727,0
14272,6,1
16866,5280,1
17233,8468,1
1,4528,0
17305,2383,0
112,136,0
10042,26,7
10042,25,1
11877,6550,0
131,7145,0
26,5937,0
15642,6795,0
138,5639,0
130,3386,0
11936,31,0
1096,13327,0
13562,27,0
17340,83,2
108,73,4
15509,6832,3
150,22415,0
15517,6514,1
13038,6,0
3311,7690,1
10482,15159,0
1166,77,2
11752,971,0
18577,8701,2
14322,18106,3
15420,17503,5
10543,58,1
14272,14769,0
14958,19,2
3768,47,0
1379,9291,0
0,8747,0
10042,11357,0
18204,83,0
230,488,0
19156,57,0
108,6341,0
14227,17989,0
12394,6643,0
1550,9777,1
1024,17534,1
19334,77,0
19860,5280,0
112,7439,2
18106,77,1
125,5842,0
10048,94,0
18314,7624,2
12542,2018,2
21592,94,0
10325,9777,0
7962,88,0
2965,3836,0
2412,58,0
20518,7156,0
14674,21889,1
14567,6241,2
10568,6516,2
13089,20518,0
22219,3438,0
10350,4877,1
1004,87,0
14567,6242,8
17305,21186,1
11915,77,0
297,77,4
8023,9291,0
123,20083,1
15732,4781,0
1396,219,0
20518,7379,0
20518,7378,0
1353,485,0
10759,5264,0
14018,1958,2
13539,26,0
1233,54,0
18314,1969,1
111,9254,0
15866,4628,0
17573,19104,1
0,9654,0
15107,16705,0
21450,7931,0
3869,86,0
14537,7452,2
13181,17060,1
12542,6677,2
18314,5080,0
20642,21053,0
13490,7701,0
12222,933,4
11900,6677,2
4150,83,0
17060,19422,1
13531,9291,1
1,12409,0
1353,17905,0
566,6192,2
20011,22378,0
65,6689,1
291,8928,0
5670,83,0
19176,6,0
15931,17433,0
11520,76,1
11620,5264,0
131,136,11
17707,8448,0
10908,94,0
18345,2018,0
16575,7364,1
13501,18986,1
10373,10781,1
17503,20910,1
3095,61,0
16489,2932,1
5,8813,4
14272,2861,0
108,17888,1
19477,2118,1
2192,86,0
2385,7330,1
1200,14553,1
108,67,7
11304,4628,2
108,68,2
7397,8076,0
16021,17503,0
10622,17340,1
18314,3486,0
2118,9908,2
18214,21385,0
12557,83,1
16151,6390,0
14537,9777,1
0,1664,0
47,54,2
1084,6157,1
17763,58,2
14567,2326,0
18314,2686,0
18121,20515,0
16839,77,0
19,19478,3
1,503,0
6885,77,4
110,9149,0
14865,8653,0
16738,87,0
22298,3,0
108,14537,1
12952,19,1
12222,94,2
71,7245,3
18166,9674,1
5010,58,5
131,21868,0
14941,63,1
14567,3744,2
5756,83,0
6795,8789,3
19422,73,1
7330,7733,2
17169,5280,0
4072,7330,1
12222,15537,11
10568,15537,12
26,4868,0
8036,8685,1
1533,6791,3
6055,9218,1
1823,21138,0
108,15358,0
17367,20879,0
11447,6677,2
11680,22415,2
14649,3629,0
26,9113,0
15736,1705,3
18746,21360,0
20952,7364,0
6348,9291,0
19860,7733,2
13319,289,0
10582,5280,0
10042,17763,2
17503,17657,1
13,4269,0
14069,6677,0
76,96,2
2811,3367,1
3298,6677,3
22011,9181,0
40,5860,0
21999,6961,0
10568,12939,0
14029,47,1
108,5330,0
19710,2260,3
121,86,2
12902,94,0
12949,54,0
44,8196,1
5180,6665,0
17472,7105,0
1229,13706,1
1870,6643,0
105,19,3
17503,18882,0
17503,18331,0
14567,6468,0
10042,11116,0
20572,20594,0
19,6560,9
112,17611,0
10568,14479,0
18746,18930,1
142,19641,0
14184,20638,1
1513,20129,0
12788,84,0
154,4546,0
2932,376,0
14018,58,1
5113,54,0
14272,17201,0
19989,9730,0
131,7830,4
13,7188,0
11752,16046,2
121,76,2
1,58,7
17564,18368,1
1,55,2
6346,649,1
21111,7745,3
12040,13989,1
14227,2516,1
26,4798,1
14537,71,2
14962,1705,0
13623,83,1
15092,16151,0
13691,933,0
5225,73,1
14865,6422,0
83,994,0
4827,77,0
17864,9777,0
12475,94,0
10568,7220,0
14272,7483,0
108,12025,1
1394,34,2
17232,1768,0
6585,6677,0
3880,83,1
19993,6832,2
59,9544,1
34,77,11
11596,3971,1
13,4453,0
141,9999,0
13506,76,2
12519,17807,3
108,11646,0
10042,5727,1
15306,19063,1
10568,18496,0
12,13696,1
10568,6793,3
14771,2118,0
12745,6677,4
10345,12094,0
15136,8984,0
18760,84,2
1705,6627,1
16190,17367,0
129,5280,1
130,86,4
108,112,11
13506,19477,3
3298,999,2
16461,3,0
13988,15191,0
3906,47,0
12174,17352,0
22466,94,0
112,19806,0
2637,3453,1
566,94,3
15232,7745,2
16031,9106,0
0,12022,0
18828,3209,0
22378,324,1
3080,9271,3
107,77,6
14674,7875,1
22179,2333,1
8150,94,1
13,9007,3
61,6790,1
4628,5969,0
0,142,3
18449,4628,0
10042,15420,1
14170,18746,0
17216,5408,0
15965,58,3
18234,84,1
19434,61,0
13,6353,0
11688,14567,0
3432,83,1
20477,72,0
3487,94,0
133,21154,0
3971,7292,1
110,13,11
110,12,8
16410,9777,2
4072,83,3
13420,14567,1
16839,58,0
1396,21195,0
19993,65,5
1057,14567,1
3455,5638,0
131,21112,0
10568,12395,0
22378,5280,4
108,659,0
11752,83,4
88,999,1
1615,7397,1
6402,65,1
16854,9451,0
2870,3971,2
18916,5280,0
11304,11718,1
6,77,2
6,76,3
108,7064,1
6,78,0
5476,83,2
20515,3428,0
12377,2118,0
133,19208,0
1581,3654,1
26,7797,0
8846,94,1
0,8751,0
142,6927,0
7444,94,5
5,7745,6
5641,6615,0
11956,142,0
19,2811,7
0,22264,0
58,743,3
10042,19908,0
26,9172,0
125,5536,2
77,9544,1
18540,20518,0
22330,810,0
14272,22378,2
22378,29,2
13480,20762,0
10042,15965,1
14304,1705,4
20848,8685,1
14604,6,0
4501,61,0
130,16789,0
6,891,0
131,7105,0
18524,8879,1
26,8552,0
10568,4628,5
10568,9218,1
1525,18464,1
15336,21699,0
1588,18314,0
16940,83,0
105,37,1
110,77,13
108,18404,1
14677,20518,0
41,65,5
18881,2846,3
1276,20762,1
16530,6157,0
17924,3983,0
14365,4628,0
20594,7397,1
12144,9643,1
1353,21019,0
16926,34,3
26,5536,0
2478,6677,2
1396,20921,0
11301,2516,0
17807,7505,0
12168,94,1
4072,5217,2
1,76,4
16815,2218,0
1396,21523,0
14860,86,1
20515,8704,0
12621,18,0
18595,54,0
21362,8789,1
12479,17503,1
14865,3941,0
1408,9304,1
13623,61,1
112,15940,3
17807,7510,0
123,2769,0
5217,5476,2
6560,9673,1
21312,77,0
15965,3753,0
14865,15847,0
13702,61,0
5280,9627,0
1096,13720,1
12911,59,2
11240,13034,1
14865,22215,0
14865,22216,0
14865,22212,0
15509,18715,1
14189,3983,0
10345,14771,1
13681,37,0
21446,3983,0
15024,3080,1
57,94,1
21478,3800,2
19104,3217,2
6268,94,1
18239,84,0
12460,9627,1
12280,16229,2
10350,12911,1
10345,2811,0
1396,18314,0
47,9730,1
2846,6797,0
11193,3971,4
18746,19593,0
1311,4727,0
10274,1674,0
13393,14865,0
21490,5038,3
13265,40,0
21457,94,2
108,4749,2
8036,94,1
16982,7330,1
1786,19860,0
15931,73,0
17924,3907,1
14198,19104,1
12774,15147,0
0,17073,0
12037,139,1
11304,7979,0
570,7245,2
21222,83,1
0,127,1
18314,19477,2
14567,21774,1
17807,4198,0
15843,17503,0
1,12915,0
10,17807,1
17836,3800,2
16046,19,4
13715,15035,0
20518,21937,0
29,76,1
21478,7963,2
131,5641,1
15492,6,2
108,29,11
16807,5280,0
3217,3971,3
19237,4477,0
15278,73,0
11124,1855,1
15232,2846,3
110,71,6
11124,40,3
7397,974,0
15504,5677,0
18246,3,1
13654,14125,0
19328,4202,0
16567,19,1
21469,8023,0
11530,14567,0
20518,3136,0
10183,1877,0
5280,8491,0
22314,5280,0
3743,54,1
15306,22378,1
12967,47,0
18263,86,0
5010,9789,0
65,6885,3
1408,16469,2
11916,12829,1
14396,65,0
18856,87,0
11036,7979,1
10568,17047,7
2070,6157,0
1705,9985,1
12025,6586,1
15350,87,0
14184,16229,3
108,3017,0
16851,6831,0
10183,16496,2
14656,5485,0
19104,2538,2
5009,94,3
5042,5280,0
102,14490,1
5177,61,4
10568,6055,1
5280,754,0
5280,753,0
5280,752,0
14539,17356,1
18940,37,0
3901,676,1
15361,18069,0
11520,84,2
18575,5177,1
1,21490,2
19122,5474,0
10042,13654,2
14272,22319,0
10856,12911,0
14449,8544,2
6677,999,5
112,20876,0
83,8933,0
14567,7979,1
14367,4628,0
1200,5009,2
3077,83,0
10568,19148,0
6410,77,0
21887,3376,0
11124,7452,2
10568,18020,3
15517,21063,2
123,17894,0
12621,9643,2
76,7624,1
17516,26,0
2846,6303,0
5335,83,0
8468,9777,8
17305,6790,0
12280,13420,1
18723,86,0
102,17305,0
13332,8491,0
14711,14865,0
18166,6187,0
108,9583,0
58,8194,2
20615,3744,1
13329,14908,0
12990,131,1
130,15856,3
16496,5280,2
2018,297,2
18131,7323,0
16651,18314,0
105,108,1
11752,21146,3
13420,7364,0
15574,3169,0
11482,17305,0
8288,9437,5
14524,9777,0
15965,65,3
20420,788,0
131,5782,1
29,3683,0
13468,7018,2
1,10,8
16866,21457,1
15599,40,1
21282,83,0
1,19,23
10568,743,4
15688,6677,0
16985,9777,0
77,9366,1
102,51,2
15011,15361,0
37,7439,1
19104,6403,0
4628,9570,2
19,7218,1
352,5641,0
1326,5280,0
13094,94,0
105,3453,2
30,7745,3
118,58,2
18577,94,5
11900,21111,1
10,58,6
14480,5265,0
15538,8684,0
4841,9674,0
4359,8813,0
19508,5725,0
14567,17000,1
17047,20910,2
12911,77,3
100,13673,1
1394,77,3
122,54,0
112,7455,0
3466,40,0
17573,6600,1
11028,17503,1
1064,11266,1
145,26,1
6083,83,0
1,954,0
1,955,1
17164,19710,0
1408,8859,0
14395,2260,1
5177,77,1
13567,5654,1
1394,14009,2
15232,9437,1
18331,18828,0
1705,9570,4
15797,20563,2
17763,1928,2
7183,9777,1
13949,17503,0
37,87,2
17,324,0
5168,8789,0
19526,83,0
11193,5502,1
4787,5,3
12,13567,1
15827,1987,0
663,7397,0
11165,17503,0
18911,70,0
21111,88,2
13506,9730,2
131,14248,0
1973,3017,0
17836,17839,2
9008,94,2
1222,18121,0
13,19710,7
131,2326,2
19509,87,0
10042,7195,0
12750,9777,1
22458,94,2
17888,29,1
2249,7200,1
3800,7961,1
3800,7963,2
16423,6864,2
130,4238,2
63,8743,0
63,8742,0
11038,7979,0
16952,17917,0
10042,18356,0
4340,84,2
112,17052,0
112,17051,0
13,8178,0
12153,324,1
2516,9831,0
2516,9830,0
15537,20910,3
14845,5708,0
21971,94,1
112,20616,0
83,92,3
22360,40,0
20477,31,0
10568,3448,0
11877,20661,0
5054,5177,3
17738,4149,0
18368,58,1
15736,3971,1
130,17577,0
110,59,3
921,9777,1
15277,29,0
131,17356,3
17164,5010,2
5267,9777,1
26,6205,0
13269,7514,2
5280,8125,0
11900,18380,1
5177,9908,4
21146,5475,2
150,7201,0
10756,6,0
31,9756,0
20943,7549,0
21394,7549,1
0,8303,0
19,3102,2
1,7908,2
59,9777,2
13395,18828,0
39,6942,0
17924,21394,1
10568,17025,5
59,8824,0
10045,3,0
125,17111,0
5280,9291,4
13,16926,5
35,3971,1
17367,18746,0
3016,77,0
117,12745,2
3142,83,0
133,22280,0
1322,83,0
6665,9566,0
1533,16783,2
17305,20196,0
1237,18314,0
132,5,4
14272,22330,0
29,4146,0
12847,131,1
138,9027,1
3465,8506,0
13673,2846,1
111,5536,0
1,19118,0
14294,6547,0
22013,8879,1
108,8473,0
131,15306,4
14316,19328,0
15198,77,1
14013,22062,0
10345,1608,1
17305,3306,2
1196,142,0
12701,142,0
6759,8874,0
10345,18730,2
12222,830,2
11447,5,2
10345,22126,0
10345,22125,0
131,19569,0
123,4557,0
11388,7514,2
1416,15166,0
10568,4998,3
11028,1125,1
0,45,1
20828,7572,0
14449,19744,1
108,5177,0
63,9379,0
18385,7278,0
17784,3800,0
17216,22317,0
4652,9730,1
3971,9938,3
11629,61,0
4310,8789,1
3836,4028,0
26,5280,5
17246,77,0
15304,17569,0
1,37,3
4478,8789,0
2585,8288,0
1,30,7
7,8,0
6677,8545,2
14860,47,0
108,20917,0
20518,4522,0
11911,77,0
10664,5331,1
102,30,2
2566,2846,0
130,14591,0
15865,4628,0
13,3315,1
14265,17316,0
77,9007,2
11304,21972,1
13467,7086,0
130,13242,0
11562,14865,0
1396,4085,0
16926,77,4
10,30,8
14272,8845,0
10,35,1
12207,131,0
14026,20084,0
123,16469,0
10345,3199,0
3367,676,1
14654,31,0
16084,17,0
14126,20981,1
6308,94,0
15535,83,1
12423,9779,0
6404,6560,1
17935,19509,0
10568,13007,0
17503,2811,0
18121,6479,0
1705,830,2
6410,6677,0
130,5536,1
19352,83,0
6802,7397,0
1971,54,1
14567,4198,0
17196,18553,0
20518,7514,3
1133,19728,0
17067,17721,1
17503,7364,1
3972,84,1
17367,836,0
22386,5641,0
13732,17196,0
11304,20752,3
1,6504,0
14227,2333,1
154,19,6
17377,21144,0
131,15466,0
18314,36,0
10328,17963,0
14567,20365,1
5972,9219,0
47,5623,0
10568,9061,0
17305,3533,0
131,207,0
6832,9777,1
12479,6795,1
10568,409,0
14126,348,1
11339,2260,3
10826,8789,0
2283,8426,0
14272,16015,0
10159,47,1
14865,19,3
2117,54,0
15858,77,1
1662,3189,0
18246,73,1
12596,289,0
108,6864,2
14272,55,3
10531,83,0
14272,51,6
1,12952,3
1408,18376,0
13624,5280,0
6677,8288,7
16045,8789,0
13381,16850,0
14553,5009,1
11850,4151,0
15668,1875,0
13987,37,0
6665,7624,1
2428,8789,0
13988,17807,0
15744,8762,0
112,18588,1
20518,3179,0
4067,6,0
11896,12638,0
13638,6795,0
12222,19,5
17503,21972,2
2493,4449,0
11761,22378,0
18604,8633,0
10568,7501,0
3,6600,0
2846,3916,0
2811,7979,1
13014,7727,1
5518,6242,1
17325,6157,0
17815,83,0
469,6795,0
16100,54,0
1353,2722,0
1353,2720,0
11105,18314,0
3303,9777,1
29,6841,0
18739,7979,0
17,483,0
111,40,1
17821,7397,0
17,484,0
17,485,0
17349,83,0
14272,801,0
19860,20615,1
1645,18314,0
11255,7979,0
16544,40,0
18539,7514,3
18411,65,0
16469,7246,2
13531,18587,0
11866,8701,1
11850,15659,1
108,2637,1
131,16926,3
131,15327,0
16174,84,0
14702,26,1
11547,7397,0
1396,17746,0
10345,14272,0
10,6677,4
48,6665,1
566,8701,1
145,16866,2
21028,26,0
19,246,2
11770,83,1
11799,20420,3
1533,5555,0
11439,2118,0
21141,70,0
123,9062,0
13673,5,5
2834,2870,0
83,8653,1
12519,17503,4
12587,29,0
6727,743,1
1408,7246,3
11085,17232,4
58,65,17
1019,142,0
10042,1928,4
20518,22179,0
108,20979,1
5223,8790,0
16059,17667,0
12,17367,4
12,7445,1
18532,743,0
20518,21855,0
18238,84,0
118,94,3
112,7141,0
19087,22349,0
16926,58,2
112,1660,0
10,19,7
10183,26,5
1119,1705,0
13,6504,0
14626,18121,0
15856,18539,2
15420,4628,3
7701,8491,0
10568,14524,0
17795,4628,0
6084,83,0
131,17803,0
83,910,0
21930,6689,1
3281,94,0
31,6687,0
12660,9008,2
15609,17503,1
19,2957,2
65,9619,0
18285,8788,0
18170,6157,0
13381,5408,0
7802,86,1
16866,58,1
13506,18314,3
117,21111,1
17096,2846,0
11193,13531,1
4879,7719,3
15248,2326,0
20660,692,0
7105,7989,0
14567,9730,5
5782,65,2
142,22159,0
138,3972,0
0,15986,0
59,7490,0
1096,131,2
10042,13573,0
16142,5320,0
14865,527,0
48,57,1
47,6735,2
20812,7745,1
18828,20537,0
6698,7173,2
19993,3530,1
1514,58,0
14272,148,1
14304,83,1
12792,19947,2
12792,19946,2
10325,130,0
10325,131,0
14184,6559,0
21018,8545,1
17339,7245,2
3654,6832,2
18166,1850,0
83,9265,0
15676,16423,0
18246,19,0
7160,7397,0
19860,4914,1
11524,18828,0
108,17060,0
108,17061,0
1396,20266,0
13715,2411,0
17503,18747,2
17503,18746,4
2238,27,0
61,7733,0
1,3351,0
1242,87,0
2846,8288,3
31,6513,0
11106,76,4
14865,18747,4
14567,4652,1
12144,12153,1
14006,14272,0
12162,20231,1
30,7444,3
13136,3836,0
5468,8790,0
15856,6510,0
19404,9777,2
4065,65,2
6560,9610,1
1353,17305,1
17447,26,2
14880,5280,1
9437,999,6
5331,5445,0
41,7183,4
21394,47,2
707,7399,0
131,9271,4
16046,17503,2
13,5629,0
15204,18175,0
12222,30,6
14880,3971,2
13531,5001,1
14567,5527,3
4787,5667,1
15011,2118,0
18828,19603,0
5267,8468,1
15420,18746,2
16979,22474,0
11762,6677,0
18663,20928,0
131,810,0
18314,2429,0
3693,3971,0
19790,5654,1
18539,4238,2
18285,20854,0
1525,94,4
17305,7421,0
14567,19728,3
12535,15136,1
133,19063,0
16509,18604,1
19832,20518,0
11150,18815,0
17807,21238,0
10568,13217,1
14839,77,0
47,5341,0
13607,61,0
140,20365,2
20093,22349,2
10568,30,4
1,20902,0
1517,3453,2
15675,665,0
17503,18020,3
10568,7883,6
108,486,0
19,5010,4
14771,86,2
7942,83,0
11530,16591,0
5331,5502,1
1084,5138,1
1387,26,0
6677,9,1
5314,6,0
153,7292,4
110,12990,1
17007,9668,0
63,9437,6
10568,933,4
14108,94,0
17630,5331,0
17288,9777,0
11209,4727,0
17139,21955,0
14251,20190,0
14674,6791,2
112,16676,0
16979,4658,0
16800,20023,0
18828,9829,0
13506,14567,2
26,4447,0
19412,9777,0
139,5536,0
21037,7979,0
211,5280,1
12745,8288,3
107,8224,1
10,5280,7
16703,31,1
112,2992,0
112,2993,0
11664,77,0
12222,7018,2
8254,9419,1
1180,7749,1
12222,7017,2
17305,18372,0
26,4198,0
17305,3854,0
154,19728,2
13308,17503,3
16590,82,0
10568,20988,0
16933,58,1
10568,7719,1
16025,72,0
7330,978,0
17924,48,0
17924,47,2
16764,77,0
10042,12847,4
83,974,1
14098,84,0
83,976,0
2839,5280,0
13100,19122,0
19,22378,2
10183,16082,0
125,17367,2
13490,17503,0
14272,2018,1
16518,94,1
2219,6242,1
14184,19316,1
19408,2118,0
131,6912,2
1533,7501,0
112,6343,0
7701,7918,0
5,9341,2
14227,2808,0
112,12945,0
12140,5280,0
10042,17503,2
19,2932,3
13,15136,5
18424,5331,1
1581,64,0
1581,65,2
1273,6677,1
15111,8685,0
17430,4388,0
13673,5280,1
13962,9908,1
10839,92,0
3477,9857,0
16762,6241,0
5,94,1
18828,19478,0
18577,5009,2
20883,5331,0
14678,18746,0
11029,2538,0
19541,20518,0
2846,8514,2
18698,2765,0
12,3654,3
15930,37,1
142,7802,2
21222,7330,1
1662,17739,0
6820,94,1
12202,19,0
15,6204,0
4576,87,1
19337,3,0
13950,1615,0
13512,18314,0
14272,8270,0
12423,15232,0
18314,6349,0
10373,12973,0
10936,20518,0
13518,8846,1
15783,6,0
10042,11905,0
17924,4844,0
5057,9265,0
111,3,1
1479,86,0
1,12222,6
81,94,0
17116,4969,0
2544,9730,3
18911,3295,0
18237,84,0
21144,3177,1
101,63,1
112,3453,3
131,5536,2
4831,9291,0
84,9254,2
13,3729,1
12701,54,0
17077,488,0
10568,7018,3
10568,130,3
10568,7017,3
11370,94,0
10011,83,0
19670,83,0
16854,1928,2
14456,8813,2
17339,9777,2
14272,7232,0
1068,112,0
15535,3417,0
139,19,2
620,7918,0
154,458,0
3,98,1
40,41,6
16866,5,1
17352,18166,0
1254,48,0
21472,7733,0
16218,6,0
1254,47,1
14362,9777,0
3972,8813,2
16710,19308,0
14865,19860,2
153,58,5
16567,2811,2
102,14272,3
5,8288,5
5190,72,0
26,8023,0
18314,411,0
14567,2963,3
54,7075,1
14808,27,0
12466,2118,0
1158,21752,2
19175,7749,1
5752,94,1
21013,27,0
15709,73,2
144,2804,0
11900,2018,1
1,16229,2
3322,5280,0
22206,47,2
11711,18314,0
17573,94,5
19019,1988,2
20762,83,1
10568,18175,0
10568,18177,0
7643,77,1
0,29,2
108,3102,0
19946,3800,2
1408,19723,2
26,5735,1
10622,83,1
14302,22378,0
13465,15504,0
10781,2870,1
15668,7397,1
15204,7719,1
10042,21027,0
10651,6677,2
136,19974,0
14272,5782,1
12704,1674,0
10997,20518,0
20518,4239,0
5054,61,2
13689,83,1
20365,7942,1
131,3080,2
17216,8265,0
12140,20518,0
1597,77,2
2230,94,1
15842,20518,0
18020,19,1
16138,18746,0
18,243,0
17503,3836,0
10568,13955,1
18424,4998,1
86,9281,2
17305,18314,13
22397,83,0
5001,7329,0
1030,14567,0
5177,6,4
14711,16854,0
14272,2254,0
1396,19394,0
12643,77,1
12552,77,0
10568,8566,0
18046,6735,1
29,6127,1
14272,7554,0
14272,7559,0
21523,27,0
11680,13,3
116,14272,1
21752,47,3
18529,7701,0
16866,94,3
16142,3753,1
142,18781,0
15535,29,0
17325,19860,0
22283,6372,0
20190,2516,0
1408,2598,2
12751,15856,0
6677,8813,11
1533,83,6
20201,834,0
13574,9777,0
14958,16046,2
2762,88,0
14272,2781,0
20518,2053,0
22378,6677,6
11877,12467,0
65,743,1
14184,19993,0
10568,22378,3
2497,86,0
8288,999,5
11494,63,0
108,18386,2
3667,94,1
1,3362,2
11304,21469,3
139,19405,0
12222,5280,10
3836,83,1
14674,1875,1
10568,4879,3
17807,20128,0
22364,40,0
17225,6614,0
17859,22457,0
10011,6157,0
15091,76,0
10042,14711,0
14013,521,0
18,5536,1
18501,21138,0
11304,12222,4
14126,58,0
11306,13955,0
1,16142,3
14322,8879,3
10876,58,0
15090,6665,1
20420,8025,2
65,8685,6
18746,3827,0
108,349,0
13159,83,1
12535,9007,1
16393,17305,1
14702,6999,2
0,894,1
12040,17503,1
17367,29,4
20420,8288,3
17543,94,0
12222,5001,3
112,15599,1
0,14391,0
664,83,0
17047,7017,2
10568,18424,3
10568,153,2
14243,18314,0
10252,20568,1
13862,84,0
13811,987,0
14069,63,0
131,724,0
15337,5280,0
134,9437,1
130,779,4
12992,83,0
15152,92,1
65,6820,2
11408,13855,0
10715,12819,0
16731,94,0
3,78,0
3,73,1
18562,20594,1
16534,18314,0
5335,7397,0
19,77,3
10568,17534,1
12519,17975,3
3453,6820,0
17305,20666,0
153,71,1
3472,7,0
12222,13468,7
20518,2428,0
15509,21117,2
15541,16567,1
16541,8878,1
17975,2564,0
17305,4775,0
1705,5001,5
1353,2034,0
108,14449,1
1705,9037,2
19237,3179,0
12855,2516,0
13468,14304,3
16151,9235,0
5138,6157,1
108,913,1
19,5727,2
133,67,0
20931,77,0
1057,2963,1
108,9566,0
29,67,3
13703,61,0
18598,7583,0
94,959,0
108,5641,0
11901,47,3
1490,20752,0
1073,13654,0
15736,17503,3
5280,7745,6
10568,1527,0
11934,2118,0
14332,3800,0
21514,77,1
2811,2963,4
13671,2118,1
17859,3530,2
1159,22206,0
14400,2493,0
14442,8895,0
12939,83,0
1396,9443,0
153,5782,2
83,9496,0
18604,83,0
108,11905,0
12073,16402,1
0,4444,0
14184,7979,0
13574,17611,0
18828,8377,0
10568,3478,0
18287,20535,0
14748,58,2
649,77,1
111,17404,0
17139,7397,0
110,6790,1
6808,7397,0
1,16046,5
13,6560,1
13654,94,1
40,4287,0
14567,2201,3
133,21491,0
18746,5786,0
17025,6017,2
16151,2393,0
10991,59,0
21972,6548,1
5177,93,3
20013,47,0
22378,3971,4
17065,19465,1
125,12843,2
13506,96,1
12843,17367,1
10898,5368,0
16142,6560,1
7583,77,1
17503,6795,14
17503,6793,3
1447,22316,0
14272,3275,0
2037,7199,0
20472,65,0
11178,18746,1
19,37,2
158,92,0
1,11076,0
3,3195,0
3,3196,0
13718,19212,0
13795,77,0
17305,19064,0
21019,7397,0
12542,324,1
59,6698,2
10568,6403,0
6677,8878,2
6677,8879,8
37,5536,2
13510,16979,0
5280,8979,0
15107,2118,0
2103,94,0
4570,6157,0
20518,20752,1
13965,20206,0
18166,4433,1
15107,19,0
11642,142,1
10755,6,0
15805,3530,1
5280,6607,0
108,14272,5
1353,2262,0
22401,94,0
14953,2788,0
16089,18747,1
6677,7634,0
6677,7636,0
107,20329,2
20518,22326,0
12479,6242,1
14304,26,1
16982,83,1
15509,7245,2
2006,83,0
12519,21165,0
18106,2478,2
123,9963,1
3362,5001,0
16985,1928,1
2158,94,0
13435,77,0
3973,9304,0
10553,488,0
4628,9145,2
6157,9265,0
15439,26,1
11877,4629,0
17503,17687,0
1396,5536,0
11210,4628,0
15930,73,1
6677,9005,0
12222,7883,6
6084,7397,0
18881,5,0
10409,20518,0
19478,2963,2
18550,9460,0
10238,7,0
11253,19,1
715,9027,0
12423,1605,0
12792,17837,2
12792,17836,2
12792,17839,2
12792,17838,2
21362,2932,2
131,8219,1
315,6157,0
18746,8789,5
131,7245,10
14172,2853,0
11554,77,2
10210,17707,1
1273,2846,0
481,77,0
19710,4372,2
11718,835,0
11524,17503,0
1444,20013,0
10781,3971,2
102,15856,0
13032,72,0
12305,133,0
133,5555,0
12676,20917,0
12252,8813,0
21752,6540,1
15292,6437,0
4728,5280,0
17455,18314,0
10568,9570,3
22270,6516,0
17707,83,2
10638,7018,1
151,15292,1
51,6677,1
10638,7017,1
112,7245,5
10042,743,1
3,52,1
1126,6791,3
112,14537,2
6677,9643,2
21926,6795,0
13,13275,0
14456,6677,1
1396,6504,0
10290,31,0
19,55,2
1,21675,0
11004,6795,1
1674,8261,3
20420,999,4
51,5280,2
131,21063,2
10691,130,0
13316,4628,0
19066,6665,0
12518,20879,0
14174,8789,0
6665,8324,0
17862,20932,0
21889,7397,0
108,18750,0
13181,73,1
22126,9764,0
130,15011,0
12542,17807,0
2018,6677,2
12552,18314,0
20931,58,2
131,15011,3
131,15017,0
13691,17503,0
10831,17573,1
10244,94,0
17503,7883,5
12559,16142,1
17316,7979,0
13654,9142,0
14755,77,0
2229,84,0
131,19019,1
21360,6677,0
20121,77,0
21866,54,0
111,263,0
4910,63,0
111,265,0
11085,12952,1
5419,9777,0
14880,2870,1
10568,9329,0
133,4448,0
13365,139,0
18246,5001,0
10239,3577,0
19,20638,1
15090,86,1
37,91,0
18828,4494,0
18562,83,0
13977,20518,0
130,4081,0
133,2676,0
21565,98,0
13607,8468,0
3093,61,0
131,7749,0
11339,59,2
15209,84,0
355,6,0
131,9379,0
12635,18314,0
1510,40,0
17503,19860,3
14680,17305,0
11078,17516,0
1396,6081,0
10534,11752,0
10543,20931,1
1408,5527,1
1705,20221,2
11193,11718,0
26,8882,0
12434,40,1
2846,5782,0
11701,17047,1
20981,2205,0
136,34,5
18234,76,1
26,5085,0
142,76,6
2260,77,5
12389,6180,0
12559,19,2
20662,2846,0
21636,84,0
3729,71,1
12588,17503,0
10526,131,0
17367,4576,0
18314,2947,0
1,20191,0
14227,17569,0
13607,2118,0
13,17564,3
15136,59,3
15136,58,5
14227,3800,0
11085,65,4
11680,131,2
14396,5280,1
16194,5331,0
17164,58,2
11410,2118,0
15535,65,4
16518,5752,1
11907,17,0
14865,7979,1
13593,7928,0
19860,4570,0
20951,26,0
10929,19156,0
3654,9777,2
10345,16936,0
18075,83,9
6082,7397,0
1615,83,0
3376,8468,1
12479,130,0
1353,16490,0
18287,5863,0
13830,52,1
2846,8926,0
16046,17807,2
5365,8657,0
11028,8653,0
12153,12746,2
131,14539,2
1,1705,6
131,14537,6
15034,65,0
125,8159,0
12746,6677,3
133,19527,1
4232,5,1
112,17367,6
18464,94,1
7652,83,1
10568,18587,0
118,19806,0
18013,83,0
11866,94,3
54,7614,0
4557,54,0
17503,5001,5
19,4377,1
47,692,1
15930,54,1
12226,18345,2
15744,488,0
21078,29,0
16021,6885,2
11070,16151,0
14272,8216,0
22283,8223,0
19723,7246,2
86,90,2
743,9627,1
260,94,2
139,17866,0
10568,2930,0
15191,7979,0
12519,2260,0
11554,13,2
0,12170,0
4238,7514,3
130,13149,0
6628,77,0
10042,3284,0
1513,2132,0
13420,19,2
5070,83,2
16402,58,2
7324,9220,0
18579,65,0
102,108,8
16142,94,1
17326,5744,0
18,79,0
15914,3043,0
16677,289,0
14227,17917,0
13,15535,3
1166,13574,0
17005,9083,0
10812,71,1
131,9147,0
14567,17300,1
14272,15262,0
1944,5527,1
4577,54,0
14567,6493,1
17785,2118,0
11877,21774,0
1071,20518,0
1,830,2
1353,20191,0
17503,20752,4
6677,9662,0
13325,14958,1
13079,6157,0
10279,14126,2
21224,6136,2
112,20299,0
12389,70,0
107,22080,0
21747,9037,0
19,30,9
10568,8261,2
153,30,5
16229,6560,1
12153,4301,0
3452,9291,0
133,3334,0
3,37,2
5868,739,0
16919,18746,0
10095,15645,0
14272,20148,0
18634,20017,1
1517,7658,1
131,1416,2
16496,26,4
10,11752,2
22013,6677,2
15601,22296,0
14010,17,0
131,17763,2
17491,18609,0
0,84,4
19175,58,1
112,12066,0
26,2811,0
13964,47,0
10568,5825,0
10572,5331,0
107,34,4
1525,4641,0
17837,3800,2
12989,131,0
10648,18550,0
66,6677,1
16488,4628,0
10206,19,1
20145,83,0
107,14539,1
17367,17785,1
15342,8658,0
11339,77,2
11441,399,1
11437,17503,0
16175,84,0
19710,20853,0
125,15350,0
6896,9990,0
10242,9777,1
5536,94,0
17305,5527,1
1765,4628,0
21930,65,4
12947,9437,0
13365,61,0
3191,3457,0
5536,6462,1
3783,8813,2
12792,3800,6
13654,58,4
15797,22109,0
14567,6550,0
14865,5001,1
12144,18314,0
12829,16933,1
2260,59,5
19918,20708,0
7657,94,0
6369,77,0
10,6404,2
131,9310,2
18752,6677,0
132,13673,2
154,4372,1
16864,65,0
17557,7330,1
13186,63,0
4969,8859,0
18122,20515,0
6136,9777,2
20190,7768,0
14171,18746,0
15136,77,3
18828,20254,0
11085,41,6
4340,76,2
4969,83,2
16007,18986,0
2846,999,2
3057,7,0
14227,8306,0
19790,77,6
108,21754,0
1126,3670,0
17807,933,0
19993,94,2
7160,83,0
10321,2118,0
14272,9510,0
15361,17785,2
11240,44,1
12546,130,0
100,14735,0
112,20333,1
131,13696,2
19478,20958,1
19710,59,5
10345,21886,0
7218,9610,1
1771,4628,0
1,1724,2
4388,6126,0
6677,9437,10
30,65,5
3736,83,0
15797,18166,3
111,8433,0
21391,5280,0
77,8685,1
15036,3983,0
18046,9777,1
14865,17503,7
17503,21469,3
20548,5394,2
135,5931,0
18747,83,2
1487,77,0
12144,6677,2
13947,8685,0
107,297,3
14272,20680,0
14272,1813,0
3451,9291,0
1226,20548,1
11752,6,2
17352,2724,0
20848,65,1
1513,8685,0
1126,5094,1
1969,2118,0
612,9627,1
16783,16985,2
17672,65,0
14272,693,0
11679,4628,0
15537,17047,3
11106,96,1
10568,21408,0
13989,6516,0
17785,61,1
11875,9684,0
131,17516,2
4368,94,0
100,999,0
11320,83,1
7439,9777,3
17859,2018,3
112,15227,0
1408,3372,0
14160,40,2
3972,7245,3
12744,9437,1
17503,18815,0
77,9970,1
15232,3644,0
17367,41,2
133,15519,0
10351,19,0
15232,18345,2
5009,8701,2
19,7444,3
11124,14009,4
11645,16979,0
15386,86,0
10568,20752,4
131,1328,2
12542,77,1
3333,65,0
10042,11987,0
5641,77,1
17807,83,5
112,7069,0
112,7068,0
11223,125,0
17975,5094,0
14596,19352,0
3971,6677,2
107,16800,3
11416,9145,0
18166,19237,0
16541,3653,1
19018,70,0
13,8227,0
131,18867,0
4377,7082,1
19,58,7
10,5,3
10816,20190,0
20752,21598,0
8789,8862,2
111,6441,0
3568,58,0
2367,4628,0
15535,2018,4
1,21630,0
123,20019,0
7330,92,1
4879,8261,4
18345,20516,2
19478,7741,0
1,5292,0
13,22415,4
1,11752,7
1533,21935,0
21019,2118,0
108,19709,0
21200,4658,0
1877,2870,0
10042,20261,0
13903,31,0
1,6404,2
11388,20518,1
13066,17861,0
108,3367,2
10042,17447,2
10568,1674,3
11124,14537,3
17564,77,3
13718,21200,0
10568,15420,2
1126,16783,3
1674,20523,1
136,5170,2
18754,20563,2
133,52,1
6082,83,0
21478,86,1
86,8636,0
12073,58,1
0,22133,0
4663,94,0
54,9582,1
12555,83,0
107,13,5
13,14395,2
15937,77,1
19,20365,2
12280,20518,0
10042,17058,0
130,76,4
13988,17503,0
14567,21362,6
16982,6560,1
10130,10495,0
12829,58,2
131,18368,1
1126,1276,3
12161,9777,0
15361,9304,0
47,7549,1
22028,4628,0
10568,15886,0
12280,19,4
21437,54,0
1513,17120,0
14184,19,7
11752,21362,1
7019,7572,0
16979,9929,0
19423,73,0
154,4877,1
110,297,3
136,77,9
1126,8524,0
108,6586,3
133,13681,0
10568,15221,0
18378,8789,0
31,9167,0
14304,18020,2
108,90,2
20945,76,0
11879,6677,0
11085,26,2
3315,9777,0
14727,20518,0
27,6462,2
12,19790,4
112,7541,0
15856,8293,0
17007,3217,1
13,15601,0
1416,77,2
45,76,1
2260,6524,0
21974,6795,1
16876,7330,0
30,55,2
12,131,12
131,20038,0
12992,7397,0
13965,3191,0
10183,9857,0
16081,8685,0
2846,3298,1
5239,94,0
12006,94,0
12503,139,0
17952,8789,0
13,18875,0
3376,9777,1
108,7727,1
131,6643,0
1276,6791,2
11718,5280,0
4000,6242,0
13654,8194,2
73,7444,2
10568,13313,0
5280,5892,1
11221,20992,0
15405,2118,0
13,16800,3
5093,9738,0
16850,31,1
20285,30,1
1766,4628,0
10350,77,2
15083,15609,1
3749,5280,0
121,130,2
18828,21118,0
16021,19710,1
15330,83,0
13506,2118,1
16471,5728,0
12847,58,3
10042,12375,0
10042,12374,0
129,35,1
11187,17,1
1367,14272,0
10568,10664,1
233,488,0
3190,6157,1
8468,9039,0
4787,8813,3
131,7445,1
17785,47,1
13,58,16
13,59,8
5763,83,0
125,721,0
13689,7330,1
14272,5394,1
110,3654,3
16511,17000,1
3042,4727,0
14851,5331,0
136,17564,3
112,12292,0
19122,2872,0
1513,4400,0
13,17866,0
10568,5346,0
40,5093,0
17503,18830,0
10568,9115,1
16410,40,2
16410,41,2
7470,94,0
112,40,9
112,41,4
1533,8254,2
10410,4433,1
18,33,0
16590,7330,0
10898,131,1
11106,6,2
14227,22179,1
1166,1866,2
7310,83,0
108,12161,0
17170,77,0
142,20896,0
26,4705,0
14953,1705,0
324,5,2
1705,17975,2
20812,5280,1
13,7266,2
14865,2957,1
18930,7979,1
14394,19,0
18236,84,0
130,18730,0
18576,86,0
1,18965,0
15509,6,1
14227,19308,0
108,21896,0
6698,77,2
13393,17807,0
15709,7444,2
14604,41,0
1525,7444,2
15856,17637,0
17503,6547,0
10345,21474,0
17503,6548,1
10345,21473,0
17305,68,1
17059,61,0
21239,21371,0
13,14748,1
12528,26,0
10,12222,7
11752,16996,0
11348,779,1
15,8254,0
18562,7397,1
19845,26,0
54,6462,0
15733,83,1
10568,10781,2
16340,17,1
3367,9777,0
11347,12127,0
12557,17807,2
19405,37,1
14885,7961,1
14885,7963,2
11621,17305,0
15668,7330,0
10307,10568,0
2944,799,0
16979,8230,0
54,944,0
12120,14007,0
13,4179,1
16489,77,0
19058,94,0
108,19412,0
4487,77,0
23,8,0
20329,3248,0
6176,94,0
108,5536,0
17067,9027,1
20568,94,1
14865,1639,0
18314,18962,0
10227,11221,0
4787,7745,1
21971,3667,1
1928,9083,1
10568,13468,7
2995,6547,0
8110,86,0
3755,47,0
15537,3971,7
21370,65,0
19993,6600,1
12643,7583,1
14454,18828,0
14865,2015,0
18106,6677,3
1119,17047,0
15883,6,0
83,9419,2
136,58,2
15856,6438,0
10568,21364,0
17934,5641,0
4896,87,0
17367,9777,4
1276,7330,3
19291,9777,0
18314,7150,0
16594,3800,0
14272,17198,0
131,8992,0
1,7643,0
18609,57,3
11877,14728,0
12991,17503,0
14,17,0
12280,17503,1
16854,58,4
19,6418,0
12982,1396,0
1126,9419,1
10965,5280,0
20518,7664,0
485,61,0
1,20750,2
22206,9677,0
3,6385,0
12741,2118,0
10650,14272,0
131,21986,0
2118,9970,0
6136,8468,2
131,1866,2
18314,18797,0
15890,5268,0
6205,65,0
109,72,1
11338,12389,0
108,11554,0
131,13567,4
11249,77,2
13919,3376,0
13269,15856,1
378,65,0
17838,3800,2
17990,4433,0
16575,17503,1
21200,94,0
26,41,5
10350,19,3
1456,18746,0
12588,1457,0
12479,3744,1
17763,7245,2
14865,20709,0
18515,37,0
4727,6574,0
14865,20706,0
2004,5464,0
16764,7188,0
18135,22378,0
1705,6793,2
1705,6795,2
5038,94,1
17305,19989,0
19540,6,0
131,15535,2
18385,19622,0
17516,94,0
13,77,33
13,71,7
131,19790,7
136,6485,0
12745,7745,2
13,9310,2
0,6183,0
1700,19459,0
10568,21629,0
1513,4179,0
14,7,0
12362,659,0
15193,7979,0
77,9932,0
138,8941,0
138,8940,0
8075,83,1
15537,1705,6
21224,9777,2
22206,4845,1
112,20578,0
20190,83,2
19571,4628,0
108,11840,0
13804,14026,0
12966,3983,0
8849,94,0
15542,20518,0
17617,61,0
7330,9521,0
131,18445,1
1126,1533,4
19177,21111,0
17316,20588,0
1662,20986,0
7245,77,10
17657,6795,1
13,6885,4
17861,3682,0
17861,3683,0
13506,140,1
12729,14567,0
18539,20518,1
13167,18828,0
17736,2118,0
17807,21239,0
21556,48,0
14567,2544,6
15011,77,3
13858,18075,1
2766,5280,0
17315,17503,0
19821,70,0
15537,5280,4
17503,20221,2
13862,26,0
15856,7803,0
10422,40,0
108,13729,1
20190,7330,2
131,71,10
131,77,40
14272,6589,0
0,19527,1
5744,7798,0
12952,955,1
10238,20267,0
3311,8468,1
12746,20420,2
14227,7622,0
122,3,1
11874,1215,0
18314,2,0
10345,48,2
15509,3972,3
102,5038,2
10568,22209,0
17305,3618,0
108,3418,1
1705,9857,1
5280,8890,1
108,3417,0
5280,8896,0
5672,94,0
10568,15465,0
14465,18590,0
14272,7457,0
11485,94,1
10568,6727,3
20093,5331,1
10042,4798,1
14872,73,0
11193,9938,3
14933,9777,0
10491,13,0
5091,7979,0
15286,17305,0
19578,5280,0
6,8396,0
139,16808,0
21463,4601,0
131,14322,1
18261,86,0
11312,7733,0
26,3122,0
13325,20813,1
1958,20129,0
14674,8254,2
131,18322,1
18314,18940,0
15707,6157,0
118,15965,3
6677,9341,3
112,13820,0
11713,22,0
10736,47,0
17807,6409,0
17866,3,0
17866,6,0
5536,77,1
5536,76,1
20516,2846,2
13035,5280,0
12519,20221,2
18314,21186,1
4705,9857,0
131,17474,0
1416,6677,1
1724,19,2
4784,8789,0
108,228,0
20585,743,0
18746,5727,0
14674,6157,1
1393,5280,0
1971,5530,1
12479,14567,2
18715,77,2
20420,8813,4
13308,4628,3
1157,20518,0
108,57,2
108,55,4
14778,16151,0
10568,612,2
16851,31,0
14015,17503,0
4729,5280,0
13619,5280,0
10568,15695,1
10831,94,1
4462,9669,1
2598,6242,2
131,570,2
10207,108,1
14567,3362,1
11108,133,0
17267,6,0
5184,54,0
112,7583,0
55,73,1
55,70,0
21726,61,0
10447,21284,0
112,1517,4
14159,18,0
11601,289,0
109,17,1
15574,17503,1
11249,12,1
19122,4310,0
19916,19953,0
108,7245,3
1458,18828,0
20615,83,1
13706,14272,1
20420,63,2
1928,65,5
13098,16567,0
131,15517,5
13308,1705,3
13,19,6
10345,6665,4
18746,21449,0
11124,7245,4
18609,913,1
93,9908,2
10864,20420,1
17948,8789,0
10042,15312,0
10174,289,0
11150,5280,0
10568,9159,1
135,76,1
15659,17721,2
22458,6192,2
15361,73,1
112,4929,0
18769,19,0
2598,7745,0
16142,19,7
19,8196,1
131,4179,1
131,18468,1
1705,743,2
3306,6,0
14272,4080,0
13962,15945,1
3626,8514,0
22207,9777,0
16866,8890,1
22004,4628,0
19465,7397,0
1126,6789,2
2214,77,2
40,4813,1
3971,9317,0
12423,4787,0
61,96,0
137,6791,0
61,93,3
11554,126,0
14304,17503,6
1513,16456,0
14567,6678,0
1674,5331,1
11085,17339,0
13540,86,0
133,6081,0
18469,2118,0
19404,40,2
19404,41,2
14272,3531,0
10543,131,0
1,83,3
15024,9271,1
59,695,0
10345,20030,0
20896,22206,0
13854,18314,0
8685,94,2
21146,4969,1
14865,19512,0
3,6731,1
10817,14865,0
4384,6,0
10345,10773,1
1655,17861,0
5603,5744,0
3080,77,3
14272,3824,0
13617,58,1
17707,18075,1
10159,12162,1
13593,5629,0
17503,4628,8
13691,19,0
14567,9852,0
132,9437,3
4562,9341,1
18131,5280,2
10820,76,0
10,3372,2
1714,6665,0
11441,77,2
1,17119,0
19161,77,0
13531,1705,5
4871,59,2
9669,9691,0
2846,30,1
11908,17,0
4528,458,0
37,5894,0
131,3530,3
13317,14865,0
17711,18529,0
2947,40,2
10568,9384,1
1517,67,1
6095,7745,0
1705,22421,2
7245,9777,5
15965,8,0
11192,112,0
145,1525,1
10548,14567,0
3190,3880,1
1620,19516,0
18314,86,2
3585,94,0
5577,94,0
40,9777,13
21244,21463,1
19268,692,0
13531,5280,2
5177,9963,0
8685,933,2
1,2811,2
13,1928,3
1209,16979,0
110,131,16
14128,6560,1
131,297,5
12222,9115,1
65,94,9
15331,5280,0
10042,17164,2
440,7776,0
11520,40,1
15226,65,0
41,9777,7
15771,7397,0
2118,5726,0
14334,8944,0
16808,18314,0
11718,17503,1
11866,7444,2
14864,17807,0
2412,9538,0
20615,21774,1
16979,20588,0
112,90,1
15136,7445,1
937,9891,0
10547,6242,0
15615,7745,0
7,83,0
108,15940,2
10568,3217,2
112,14272,5
17077,8762,0
13567,14971,0
16398,488,0
4072,5476,2
7330,795,0
1353,7092,0
2201,871,1
1910,6665,0
14567,3340,0
15100,6942,0
15327,20969,0
20900,94,1
14449,6790,0
108,5318,0
13593,9516,0
15634,65,0
13,2260,5
131,21143,0
131,21144,1
2740,3800,0
20518,20563,0
17305,4412,0
12162,47,3
19316,5010,1
20931,6522,0
11100,8545,1
10568,6999,1
1614,83,0
14771,6665,3
13623,1875,1
20190,3483,0
12,71,4
108,7749,0
15965,691,0
19790,7245,3
40,7439,2
112,19357,0
10568,10605,0
5038,58,2
23,5536,1
10042,4610,0
7246,9643,1
13704,61,0
19672,61,0
10207,18386,1
17569,4773,0
5280,6754,0
1767,4628,0
22117,9777,2
12153,77,0
3632,7444,1
17007,17503,1
100,117,0
10,7883,2
3669,5280,0
20518,9258,0
10336,86,0
13,34,8
54,5530,2
21036,7979,0
103,65,0
18314,22339,0
134,6043,0
131,2629,0
34,6346,1
133,20193,0
10568,5502,3
14297,2538,2
112,17744,0
112,17745,0
112,17742,0
112,17743,0
112,17741,0
12621,7246,2
19710,6885,4
10,22378,4
21244,94,3
22092,2516,0
10408,20518,0
3978,94,0
84,8437,0
17120,5280,0
13104,2516,0
29,3453,3
41,58,6
108,20333,1
12827,94,0
17305,5398,0
10568,20285,2
65,6572,0
21974,2516,0
20256,20722,0
17975,3612,0
133,9249,0
3530,65,3
108,16576,0
16179,8789,0
131,1700,0
2811,94,0
18424,9159,1
10107,54,0
34,65,3
112,15930,1
1,21146,2
18204,7397,0
13,17356,1
13468,17503,5
12037,54,0
18730,47,0
10321,13,0
6677,8684,0
4628,8789,3
16926,18965,0
10279,20981,1
10373,10568,1
22359,40,0
108,3453,8
15856,7514,6
12283,96,0
13,17232,4
110,11124,6
12434,14490,0
13176,63,0
17351,83,1
11123,14567,0
131,34,9
11187,12209,0
10568,6017,2
17989,7108,0
6795,7095,0
112,9777,19
3972,5,1
145,58,2
19405,54,0
1281,5280,0
11520,3972,2
14748,1513,1
11441,59,1
11916,19223,0
16229,18,0
131,18106,2
19,20813,2
10016,83,0
4871,77,2
15537,9938,3
21738,77,0
2811,8844,0
2278,35,0
13,4198,1
133,14403,0
16704,6,0
7443,94,0
20518,8728,0
17367,5536,2
112,14453,0
10568,12155,2
1180,58,3
1581,324,0
108,22283,0
102,18609,1
108,18609,5
12040,7954,0
1416,8813,1
2876,440,0
12037,13506,2
6586,6864,2
11240,17807,0
1864,2957,1
133,7960,0
12629,7719,1
1353,5119,0
324,3530,0
31,3629,0
17323,54,0
15081,8789,0
111,9049,0
3314,77,0
18781,73,0
13,9271,2
14463,19860,0
111,14681,0
11348,1516,0
16176,84,0
2852,7979,0
21752,4845,1
16568,94,0
11304,1705,5
11874,54,0
17557,7397,0
12557,17220,0
10042,15439,1
2976,3800,0
54,70,0
54,73,2
108,15827,0
12222,6727,2
11701,1705,1
13506,2544,2
7382,8789,0
129,20420,5
13955,9938,1
1768,4628,0
122,8081,0
11929,26,0
108,1416,0
29,9777,5
10568,3273,0
15704,18577,1
21020,65,0
20523,7719,0
11602,71,0
11100,6677,1
340,7745,0
5735,6795,1
21463,94,3
3450,9291,0
16541,18524,1
10568,7598,2
2103,77,0
1371,17503,0
20190,6,0
3328,54,0
10568,14656,0
20518,3103,0
14484,31,0
19993,77,3
5475,83,3
13500,31,0
11106,21726,0
10042,16969,0
11106,21725,0
10583,5280,0
14272,7772,0
246,2932,1
3102,94,1
20615,4727,0
1253,1353,0
14567,8862,1
17534,488,0
108,16032,0
6445,6735,2
11036,8789,1
17861,6863,0
15306,6,1
6,61,2
12,13,7
57,9777,0
17065,83,1
570,77,2
3367,3901,3
10568,211,1
112,1550,1
13103,14490,0
112,21939,0
139,6988,0
17859,7193,0
11104,112,0
40,7410,0
10339,3983,0
5010,65,1
14567,19790,0
19,2805,0
14272,21682,0
17225,61,0
14272,21685,0
40,98,0
17117,4628,0
126,920,0
13501,3110,0
76,9254,2
2070,83,1
108,17505,1
108,19744,1
15280,7391,0
16530,2118,0
1533,6789,2
1007,15937,1
15096,18121,0
108,9310,0
18322,6820,1
100,132,1
17837,17838,2
131,18715,1
6,886,0
14674,7181,0
20744,29,0
18484,48,0
10568,14013,1
76,86,4
17516,71,1
17503,9037,2
151,94,2
17305,9070,1
10568,19339,0
1360,3,0
10568,19058,1
17,21556,1
17305,5405,0
1273,22378,1
12660,18577,2
77,9999,0
17950,8789,0
12037,18314,1
630,7444,0
17785,6790,1
14272,4844,0
14674,3880,2
15306,16089,0
41,77,3
12389,4881,0
10361,94,0
4711,779,2
518,7572,0
138,15148,0
14272,3311,1
16554,44,1
1,15492,3
17503,8789,5
18746,4310,1
7999,94,0
10042,11382,0
118,65,3
10864,9437,1
20231,47,1
10568,779,3
14799,8789,0
1,44,3
10906,72,0
16046,16142,2
19424,73,0
6677,8514,2
19706,61,0
670,84,0
15492,76,2
8254,83,4
112,15958,0
21449,7979,0
10568,15736,3
102,21490,3
86,9091,1
12153,3783,2
130,18226,0
21362,8862,2
14456,3972,1
125,16424,0
11554,1353,0
11004,17503,2
10899,83,0
1396,222,0
10622,20183,0
6017,6516,2
1276,83,5
14885,3800,3
15659,3654,0
14297,5280,2
799,8468,1
10568,5060,0
15306,71,1
10568,11701,2
150,20518,0
37,52,2
11841,6677,2
4896,7960,0
10560,6677,0
7934,87,0
4701,6130,0
5093,6423,0
17738,7943,0
19993,3654,2
3257,54,0
130,90,1
14865,17150,0
16015,18500,0
153,3971,3
11781,16979,0
12222,14304,5
12220,18528,0
13,15182,0
21244,8040,1
20420,6677,9
18976,29,0
5071,58,0
13,9037,2
71,77,8
21019,26,0
6554,9963,1
0,133,1
26,7445,1
16680,3827,0
1049,15332,0
10568,20897,1
18881,8514,1
2018,65,3
136,14009,4
54,56,1
15,920,0
21727,61,0
10532,5641,0
82,83,0
11554,3983,0
10495,17503,2
1353,20017,1
10568,20093,3
1353,20018,0
15204,8261,1
17859,8657,0
16752,20643,2
11602,58,0
2249,4871,2
14567,871,4
127,130,1
13878,17367,0
7397,9265,0
10432,17807,0
20813,3102,1
10079,111,0
10568,13827,0
17503,9570,4
19,19710,2
14252,17,0
15232,8814,0
12222,17025,3
19376,7,0
1007,77,2
11347,836,1
1353,18634,1
14567,3308,0
14567,3306,1
15806,8657,0
12,77,7
125,5373,0
16729,17503,0
12629,4879,2
2768,5280,0
14102,84,0
131,21105,0
14227,18828,1
1,22378,3
3800,5735,0
6122,6791,0
58,6643,0
7979,8789,4
18131,2870,0
13,7830,4
6418,7997,0
5054,9908,3
18314,3306,1
8288,9341,2
1772,4628,0
13468,1705,5
14442,19104,0
22309,86,0
6402,77,1
3638,65,0
12,34,4
10568,234,0
2193,86,0
131,17975,0
10345,3800,0
12222,16046,4
20937,77,0
14865,15071,0
21462,94,0
14701,29,0
11004,15574,1
3829,7979,0
6665,896,0
17557,83,1
3432,6791,1
16783,1928,3
19947,3800,2
13040,6,0
142,4475,0
108,7691,0
21186,7549,0
131,14449,2
14322,6677,5
14227,20563,1
14567,21910,0
2132,5280,0
110,7245,4
5784,6677,1
10042,58,11
15232,18380,0
123,22266,0
18744,20190,0
13,1750,2
10,15084,0
6793,7883,2
14537,3047,0
13831,6665,0
22458,566,2
3879,83,0
19710,9014,1
14788,7330,0
20475,94,0
11991,65,0
16496,5927,1
15034,5280,0
5762,83,0
5225,7245,3
19515,5641,0
41,94,1
16783,7330,2
112,6908,0
19710,9777,3
13037,6,0
13269,20250,1
11698,16423,0
4562,6677,1
14009,18629,0
144,54,1
18314,21481,1
12222,1705,15
3,6462,1
131,17367,7
15704,94,2
77,9310,2
3,6468,0
1864,871,1
108,20928,0
10584,5280,0
17485,6677,0
17305,19477,2
15332,77,1
133,13830,1
13181,19422,2
61,795,0
17807,7509,0
17807,7508,0
17807,7506,0
14442,65,0
14744,65,0
21360,7745,0
13510,19212,0
12651,18314,0
14351,19675,0
10,65,4
30,5280,4
29,6404,0
17305,21481,1
108,7444,2
138,21313,0
18314,4320,0
18780,83,0
142,9254,2
10470,10568,1
14771,18314,2
54,7530,0
5641,7054,0
19,22296,0
13,5860,1
1705,5280,6
1513,9789,0
13420,8789,0
15809,86,0
1180,13,2
135,86,1
14567,16944,0
1068,54,0
5280,9857,1
19916,7,0
108,16800,1
15397,29,0
14376,2846,0
11900,9663,0
6677,8880,0
19316,3800,0
5070,7330,2
20643,77,2
10568,4799,0
15541,2811,1
131,14272,4
67,68,1
4846,9777,1
138,17067,2
10242,47,0
13623,16059,1
2883,3017,0
2693,77,0
4022,8468,0
16242,8789,0
14395,7,0
12847,17447,2
47,6540,1
29,3418,1
1620,77,0
14674,83,9
0,116,1
13330,14272,0
4845,7549,0
83,9741,0
14567,19,12
11769,4969,0
138,20998,0
131,8179,0
14272,29,11
16021,77,1
16,54,0
20231,9777,0
131,5654,2
6832,77,4
1928,21930,2
11683,51,1
17503,503,0
11124,77,7
11710,18314,0
13,13394,0
12745,5784,1
10848,77,0
1396,6442,0
10,16927,0
13468,15537,4
18314,18730,1
13673,88,2
56,73,1
27,3685,0
18774,63,0
7802,84,2
7181,7397,0
108,665,0
108,16789,0
127,76,2
11554,6677,0
17573,3102,1
108,16783,2
14396,51,2
138,15292,1
12222,17007,3
1705,19058,2
0,1785,0
4278,8743,0
22013,3372,1
2544,2598,3
111,7075,0
14227,21146,1
17202,7104,0
122,18390,0
21459,29,0
20518,7710,0
22362,5093,0
11485,8194,1
26,6999,3
14567,8353,0
14272,9608,0
10568,1483,0
3577,7551,0
110,14272,3
19,8,3
21053,31,0
10678,133,0
19,20750,1
2130,22381,0
11124,131,11
18314,9070,1
14567,15081,0
18828,2516,1
12756,133,0
14250,77,1
11193,12222,5
1158,47,2
131,14647,1
154,21362,2
1328,9271,1
13949,83,0
14660,94,0
12392,12745,0
16393,18314,1
26,7292,2
20952,5010,0
1126,14468,0
110,7830,4
10568,5567,0
10568,21791,1
22378,2511,0
2870,9627,0
11900,7745,1
11900,7747,0
18075,1875,2
12026,5244,0
4558,54,0
10591,6677,0
131,8544,2
130,7251,0
3432,7397,0
8878,8879,1
1285,21463,1
14272,5468,0
14272,5467,0
12222,9291,2
1705,211,2
5429,59,0
13193,3800,0
20518,779,2
10042,7774,0
0,4787,0
12975,9908,0
12436,14272,0
5130,77,0
133,4340,0
17025,17503,2
20834,86,0
15342,18131,0
2581,26,0
16783,3453,1
4628,7775,0
14227,18166,2
10387,17503,1
13418,9145,1
16952,18828,0
739,8386,0
131,5225,2
131,20464,1
2443,4628,0
154,18285,0
58,7749,2
7802,9777,0
19358,20828,0
139,3972,0
19855,37,0
18881,20516,2
12559,14567,1
5094,83,1
12260,31,0
15492,37,1
12222,5735,5
10568,18454,0
19,728,0
112,14160,2
17,3577,0
1397,18314,0
799,9777,1
12222,13575,3
37,90,0
21490,26,1
11520,17367,1
4706,86,0
1866,77,2
11841,129,1
11642,14272,0
14567,20615,2
20845,7183,0
123,6554,2
21362,6493,1
22117,40,3
2517,4628,1
17503,5601,0
12750,21225,0
13092,131,0
20643,59,2
13481,14567,1
14626,6124,0
63,999,3
18106,8879,3
10726,6665,1
109,1215,2
65,933,1
1595,83,0
1006,17164,0
10568,5972,0
21287,77,0
4677,9777,0
116,29,2
11874,9777,0
20728,21556,1
15488,18604,0
14009,77,6
22415,77,3
131,22415,5
83,9230,0
16757,83,0
17234,17807,0
13636,724,0
58,6820,1
10568,11304,5
10306,6677,0
11618,2005,0
111,14356,0
2385,83,1
16653,20518,0
7445,94,1
2834,5331,0
131,3177,1
1396,7802,0
13111,7979,0
14567,4604,0
10345,16276,0
10345,16277,0
6677,8767,0
18287,289,0
17859,8928,0
10651,8813,2
129,6677,7
20750,7908,1
6828,7444,1
14647,20464,1
17007,20420,1
108,6127,1
7514,8542,0
14567,16511,1
3276,65,0
3056,77,0
112,16859,0
14227,586,1
20518,7088,0
14396,29,1
11124,13,4
11304,17503,8
19860,7330,3
11458,77,1
41,4577,0
10568,12449,0
5427,77,0
16418,83,0
17058,20518,0
21245,63,0
13217,21490,0
17305,21368,0
110,34,7
36,5529,0
1062,26,1
19,20958,1
12260,20935,0
14272,22329,0
107,21239,0
2205,3304,0
15964,54,0
11752,12519,2
14322,9,1
11630,14272,1
14545,6,0
405,86,0
130,20518,4
3971,5735,2
15858,2260,1
260,7445,1
14865,21385,0
139,140,2
21999,7514,0
17807,20811,0
13,13617,1
22352,6988,0
20518,57,0
130,15737,0
17503,17975,2
21974,4628,1
3080,6346,1
12222,19104,4
123,4545,0
20518,5131,0
20518,5130,0
14304,8789,1
14272,20247,1
18166,20563,3
12629,8261,1
12155,1705,2
108,13014,1
30,94,4
67,86,1
18314,21738,0
10996,6,0
4969,6791,1
17305,9018,0
17807,21146,3
17503,19637,0
17807,586,1
13066,139,0
25,58,1
18590,26,0
3973,5639,0
10252,94,2
102,29,4
16729,20518,1
18759,3,0
17305,9908,0
13,3369,0
1705,933,3
8848,94,0
142,84,6
14567,629,0
14783,8874,0
21409,4628,0
15668,1615,1
21005,6677,0
11193,1705,4
0,14806,0
14662,2516,0
110,136,6
10350,154,3
13858,7330,3
10,26,5
108,16423,2
483,5744,0
7979,9603,0
12736,17367,0
154,19710,4
65,8957,0
7733,83,2
6600,94,2
26,8874,1
4613,8469,0
20913,6136,0
3372,4232,1
10568,12222,20
10242,142,0
10568,6276,0
12363,16171,0
1517,16800,1
123,13671,0
14018,739,1
13332,16054,0
19,21362,4
21641,5280,0
13574,54,0
6,9595,0
1944,871,1
17505,68,1
15856,779,2
13593,21322,0
13,14009,5
108,4179,0
1559,7912,0
10016,7397,0
17807,4648,0
20762,6157,0
11085,1517,1
2846,7745,4
18424,19087,0
10568,5001,3
21999,2829,0
17305,410,0
17807,20155,0
21773,7445,0
17,20728,1
125,2512,0
2829,5280,0
2838,5280,0
125,37,2
125,36,0
125,19404,0
10,3530,1
10392,39,0
19,20099,0
17305,7624,2
123,13046,0
1215,72,1
17570,20518,0
148,29,1
17119,17503,0
2932,9544,0
65,77,12
11752,19882,0
13468,5502,1
5280,7941,0
5808,7841,0
11562,47,1
7266,77,1
10848,112,1
12380,3629,0
11017,13100,0
1177,18314,1
14272,67,3
14304,9570,2
19405,52,1
14275,17367,0
10470,22378,1
16172,18604,0
10042,11045,0
1285,94,1
12236,17503,1
12169,77,0
14567,2444,0
3,5699,0
12280,14184,2
17231,20518,0
65,9388,0
250,2516,0
20518,20855,0
131,3998,0
15736,6795,2
144,18760,0
12660,57,2
16229,19,4
13381,7833,0
108,3901,1
17503,6627,1
7701,9145,0
77,7885,0
108,17062,0
12222,17047,3
20518,7063,0
15896,4197,0
10568,5435,0
14537,34,2
131,1597,2
10568,6399,0
17305,8247,0
1177,17305,1
15945,61,1
10387,6795,1
10830,94,0
14128,19,1
12226,2846,2
17503,20897,2
17047,7598,1
11348,16120,0
20658,77,0
5001,9037,3
1769,4628,0
133,19077,0
12,13291,0
1689,54,0
17573,5469,0
13506,17305,3
22378,51,4
1705,17503,19
14865,19839,0
14567,154,4
13,8928,0
7330,9254,0
17026,77,0
131,15332,1
14567,2932,6
11876,16979,0
0,11226,0
17794,4628,0
22323,77,1
108,16985,1
21384,94,0
18577,9008,2
2937,4727,0
15214,77,0
12280,14865,2
19728,7666,0
151,17573,1
14537,2157,0
0,74,1
0,76,8
17503,3484,0
18075,21146,3
112,3303,1
112,3654,2
112,3309,0
47,6445,2
47,6446,1
12745,2846,2
17639,7397,0
11901,6446,1
11901,6445,2
26,5834,0
58,59,2
153,5280,4
10681,133,0
14449,40,2
118,151,1
17182,4651,0
22270,5331,0
15232,5,2
27,5536,1
2118,3958,0
4896,52,0
10983,2516,0
14018,1513,1
139,5010,1
17503,7492,1
112,20786,0
17503,21774,0
16,3,0
20250,7514,2
112,1652,0
2544,6242,3
1,11085,3
112,1658,0
123,4971,0
110,14009,6
11757,4727,0
11877,16979,0
10568,21284,0
14084,14703,0
15733,18075,1
10700,84,0
10568,7701,0
6697,77,0
2230,8150,1
14456,7745,0
21889,83,1
10131,7701,0
11643,2516,0
17252,94,0
18746,3088,0
19,19728,3
10966,5280,0
21490,30,3
15856,6511,0
10042,20423,0
14272,21527,0
18131,9291,1
13413,14272,0
131,15657,0
11798,129,3
21138,2493,0
14322,6777,0
10638,3971,1
20518,20632,0
13,19954,0
21478,6665,1
15204,4879,2
122,22095,0
12746,8813,3
10568,1705,18
2762,77,0
15661,6677,0
18992,8874,0
15292,7,0
11850,138,1
1581,77,2
3060,4628,0
10534,9777,0
12986,15517,0
6559,9538,0
18747,19860,3
251,7622,0
16678,63,0
3637,6677,0
21012,27,0
10206,16142,1
10183,13823,1
16116,4877,0
17503,22301,0
16469,19723,2
7690,9777,1
17202,61,0
0,12854,0
8468,9310,0
131,14213,0
3315,77,1
117,6677,2
108,17054,0
10252,16142,1
10042,2432,0
14172,8789,0
15136,20464,0
12974,1559,0
14567,6730,2
14567,2428,0
18368,26,1
11899,6677,0
14184,5010,2
19478,9909,0
18233,84,0
107,15517,3
2415,77,0
10651,9437,2
15055,3971,0
4749,6377,0
15783,17503,0
4065,58,2
1,5431,0
17763,77,2
129,8025,1
5207,72,0
18505,47,0
17818,4198,1
21752,22206,3
13159,14674,1
3473,7,0
14013,5331,1
18314,8015,0
2767,5280,0
12222,26,5
15306,8948,1
125,21274,0
4628,8862,1
14567,5518,1
21311,59,0
10328,19308,0
17232,58,2
18314,829,0
11683,14272,1
14148,27,0
18986,289,1
17025,3971,2
14865,15991,0
132,63,2
5393,7514,0
1750,3972,2
123,13801,0
20901,94,0
15579,1674,0
12975,139,0
3783,6677,2
108,14490,1
1674,4879,2
19860,83,6
4628,501,0
26,933,1
15578,7979,0
18730,9777,0
15184,20518,0
12420,15856,0
15537,5735,2
14885,21478,2
18577,5225,0
131,6041,0
1877,5280,0
10568,7932,0
61,7264,0
125,20320,0
9310,94,0
11252,142,0
26,9727,0
14567,2957,2
12304,14272,0
13501,289,3
10568,9938,4
13420,13949,0
10534,94,0
19938,6,0
12222,16591,0
6677,9779,0
4211,72,0
13718,16979,0
20931,26,1
17067,4151,0
5280,6798,0
14771,96,0
14865,16509,1
26,7183,3
14395,5860,1
20752,5449,0
137,14395,0
4787,6677,2
18505,19695,0
1513,22316,0
1818,8685,0
5217,83,2
0,13,0
0,10,1
5428,77,0
105,2811,1
1,12519,2
17503,9181,0
1157,18828,0
12854,17807,0
19790,7643,1
20518,7827,0
7218,871,0
497,54,0
16146,16979,0
19728,2544,1
17351,17807,1
7270,7549,0
1817,19993,0
123,1969,0
19828,6741,0
11554,1513,0
19459,19956,0
108,1517,6
19063,6523,0
13575,5735,1
112,2982,0
14184,83,1
17503,9450,0
59,7200,1
2837,5280,0
131,3654,4
3743,5530,1
19,2963,4
10328,289,1
19707,61,0
2118,3623,0
17025,6516,2
2118,8638,0
14567,1864,2
12222,17503,15
145,94,3
13324,9985,0
21224,8468,2
3972,6832,2
1416,17367,1
3979,94,0
12155,13308,2
18828,9305,0
112,18363,0
18380,6677,1
108,19847,1
108,19848,0
11347,1396,1
18386,4749,1
14865,16089,1
15537,18020,2
1309,61,0
18930,8789,2
112,22117,2
22433,31,0
1106,31,0
0,14159,0
122,19542,0
15535,30,2
131,17859,3
12519,12557,1
112,6402,0
14072,26,0
1,19532,0
13946,65,0
17737,83,0
10428,26,0
21111,38,0
16543,40,0
6715,9777,0
68,76,1
10568,16483,0
1396,4613,0
11085,16926,3
19710,26,1
15,4162,0
18314,9175,0
1928,94,1
2932,6730,2
0,6396,0
1416,5744,0
19988,5331,0
19,20273,1
17007,5280,2
18166,18754,2
5,88,3
18314,20365,1
11752,14567,2
12822,131,0
134,63,1
2260,8788,0
18604,20490,0
5350,61,0
10568,4711,2
102,7658,1
26,3655,0
399,77,1
1581,59,1
11752,18747,1
15890,17807,0
14524,65,0
15299,2118,0
13159,7397,0
12621,1408,1
16423,6586,2
17262,19,0
20897,6795,1
10,16496,2
17503,9669,1
15896,16979,0
16554,20273,1
12965,3983,0
13271,3504,0
10042,11006,0
139,17784,0
133,6411,0
13,16783,2
19,9610,2
11866,1525,2
130,17505,0
12057,1396,0
12153,6677,5
58,6999,1
21111,5,4
14335,17316,0
11193,7883,3
14322,22378,1
1125,17503,1
77,9271,3
1126,18075,1
1,2963,2
1,7444,3
37,9777,3
13673,21111,3
15332,2973,0
26,4866,0
20145,7397,0
12434,9777,1
15613,6,0
10727,47,1
692,9730,1
12222,18020,5
136,7830,3
18575,2118,2
14537,77,4
20845,660,0
1353,956,0
1353,957,0
2005,83,0
20848,494,0
7652,8653,1
130,19104,0
111,9821,1
17232,77,2
17503,20859,0
15083,17503,1
11678,54,0
10345,12092,0
108,15709,2
15361,5001,0
108,15704,0
20518,21369,0
15152,83,1
3653,6677,1
7522,83,1
94,9802,0
1,1125,0
40,59,3
17945,8789,0
12843,37,1
131,13720,1
14272,6790,1
10568,14702,1
10568,17503,19
5361,77,0
17807,17975,1
6665,86,7
74,76,1
17356,6912,1
1374,65,0
108,2661,0
20009,20518,0
13468,18529,0
20025,83,0
11447,9437,2
2326,8219,1
8040,94,1
16059,61,1
19,9570,1
131,14396,0
1276,13858,2
11458,131,1
13987,18528,0
19352,8594,0
12847,13696,1
8076,83,0
48,7548,0
11155,13319,0
17305,3853,0
130,3623,0
138,151,1
112,29,8
10,153,5
14198,5280,1
19,8225,1
2279,35,0
11915,5280,0
13575,5280,2
40,8544,2
13468,7883,4
131,7774,0
11193,20910,2
14227,440,0
10898,1096,1
3258,73,0
3444,4570,0
11709,18314,0
14865,18134,0
632,6677,0
13039,6,0
2947,9777,3
11106,13379,0
16979,2185,0
13776,3983,0
16532,6677,0
14567,2219,1
14537,7230,0
16416,7,0
15856,9824,0
16413,21138,0
20285,21791,1
1,6906,0
5280,8613,0
3971,7745,1
14304,17738,1
5280,8614,0
15704,3632,1
1593,6677,0
13607,6677,0
16535,18314,1
145,260,1
12654,18314,0
17839,3800,2
12222,3217,4
21728,61,0
13,5001,1
17932,94,0
15136,9007,4
1084,7330,0
1126,18385,1
112,6462,0
107,21063,2
324,63,1
15535,19,3
133,16625,0
11752,3362,3
76,7802,3
14918,98,0
10568,17711,0
1353,13969,0
125,19751,0
108,21490,2
13,19993,2
111,9868,0
10042,17570,0
4965,77,0
13613,6,0
11178,8789,2
14564,77,0
20660,6735,0
22429,86,0
130,9281,1
20083,6554,1
100,4308,0
102,10568,1
130,4533,0
10,17912,1
1215,17,1
12819,26,0
19,2018,1
3,9821,1
22381,83,0
1875,21146,2
20093,4998,2
1118,2005,0
1514,83,0
13,4065,2
10042,9083,1
18894,8743,0
1958,739,1
10,7745,3
0,11106,2
131,13288,0
17859,297,2
14674,7330,1
2260,8859,0
34,6912,1
3311,9777,3
20899,94,0
69,77,1
108,20345,0
17196,8448,0
1875,83,4
21622,9291,0
10350,14567,2
8897,982,0
11124,15306,1
11840,13518,1
16046,1705,3
1226,5394,1
11106,27,1
10855,19,0
20420,7745,1
110,17367,3
17471,19019,1
131,8224,1
19399,21404,0
11554,63,0
2118,842,0
11554,61,0
17947,18746,0
17305,22333,0
108,20845,1
2065,6242,1
11840,94,1
16548,2516,0
112,18753,0
8259,94,0
16349,29,0
10183,494,0
5667,8813,1
4727,9128,0
4727,9127,0
108,17182,0
10002,289,0
131,20329,2
2214,297,1
1705,20752,3
1396,836,1
15543,20190,0
38,999,0
1,11253,1
17047,743,1
10568,13150,0
157,8514,0
19104,94,2
40,77,7
15361,7241,0
19,44,7
15535,8075,1
153,65,6
122,5341,0
1166,131,2
7813,9791,0
11562,14029,1
17731,77,0
18746,6795,3
11768,14227,0
58,7183,3
54,7816,0
5295,65,1
14567,16489,1
17746,3,0
20014,59,0
1,20955,0
10534,58,1
10,4232,2
108,438,0
18314,688,0
4174,9384,0
20877,6157,0
108,7658,2
22421,9985,1
20744,3971,0
10568,18126,0
131,19063,1
10162,14272,0
11485,26,1
19512,77,0
1253,47,0
17,4487,0
18747,27,0
131,15398,0
13892,20752,0
15965,94,2
11642,76,1
1525,8383,0
6082,6157,0
16801,20518,0
29,55,3
29,51,6
16150,3800,0
13989,17503,1
112,20464,2
18214,289,0
10568,11448,0
14096,96,0
16979,4620,0
17503,9142,1
12745,5,5
6192,94,2
17503,9145,1
10909,94,0
112,4813,1
14941,5,1
19744,8789,0
3529,8789,0
20904,2693,0
10568,3465,0
7163,83,0
1353,8415,0
112,2947,2
37,6574,0
11388,15856,1
26,493,0
26,492,0
17516,9777,1
21930,58,2
21469,65,0
6731,8622,0
110,1394,3
1513,15827,0
16541,6677,4
17305,3803,0
16254,86,0
13308,2517,1
132,6677,2
14538,6677,0
1180,15136,2
12,7830,3
16394,94,0
13481,6241,1
15420,6795,3
18609,26,1
20518,3289,0
16535,17305,1
12542,131,2
11713,20420,1
131,15805,1
19860,20190,2
112,1941,0
15003,61,0
20828,21877,0
14865,19249,0
14865,19248,0
17861,9082,0
11085,77,5
7875,83,1
11764,26,0
17305,19076,0
2069,83,0
17503,4462,1
112,1491,0
17815,7397,0
14865,8789,2
2478,8879,2
0,3,2
0,1,3
40,7245,6
40,7241,0
0,9,0
112,12910,0
13531,19058,1
1595,22378,0
18075,92,1
11877,19134,0
17367,7894,0
17367,7892,0
8099,8813,0
19653,9751,0
11240,94,2
3972,77,6
2996,94,0
5331,7322,1
16935,9582,0
11187,16340,1
1,17393,0
1,17396,0
8288,8514,3
107,1201,0
19710,65,3
16979,20141,0
138,21021,0
131,9970,1
22316,58,0
144,9821,1
11596,5280,1
30,58,5
14334,16979,0
2853,7979,0
3102,44,1
18828,5994,0
10568,18711,0
13034,21463,1
108,7842,1
12020,14272,0
108,7841,0
1353,19172,0
2811,3901,1
10437,83,0
14227,3244,0
10350,84,0
19,21490,2
10345,1883,0
5727,58,2
10568,22349,2
1158,22206,2
13,17818,4
12277,139,0
10568,5331,7
14674,3190,2
76,84,8
12153,8813,3
12903,94,0
20518,5059,0
16718,21608,0
108,5225,2
14026,4781,0
14184,8,2
4628,6795,4
18731,6665,0
130,7514,4
10495,12236,1
11798,20420,3
65,8658,0
131,17564,5
468,6795,0
1615,354,0
14524,26,0
12519,14865,1
13611,14567,0
3989,6,0
1408,14567,3
4519,5280,0
13149,16343,0
12466,17305,0
14227,9674,1
4161,5841,0
26,8824,0
20515,6126,0
8685,9567,0
54,9821,1
13396,7979,0
17305,8131,0
15797,18754,2
11630,20247,1
131,9150,0
14272,16448,0
19465,83,1
17067,31,0
1377,16402,0
10568,11193,9
20329,4878,0
12519,1705,4
11752,22269,0
16569,54,0
10727,12162,1
18609,8902,0
14272,20548,1
11916,58,1
18539,18828,0
11085,17818,2
18730,6665,2
10233,10568,0
18020,22421,0
10042,573,0
17367,19790,2
12843,1396,0
11187,16283,0
13539,9777,0
18774,18845,0
18588,9777,1
22378,4523,0
2201,2932,2
10210,83,1
108,18749,0
7330,974,1
22050,2516,0
10898,13088,0
17262,17807,0
37,4576,1
17989,20085,0
13,1597,2
12980,3456,0
10939,17503,1
11018,22378,0
10568,20518,3
3465,7912,0
112,12078,0
3971,5280,8
12750,8468,1
10677,133,0
12847,13654,2
11642,54,0
2118,6,1
19535,48,0
21117,77,3
10279,348,1
10155,18609,0
5671,83,0
138,8527,0
2932,9730,1
15537,22378,3
20122,7912,0
10042,12845,0
41,76,1
133,18658,0
11901,6735,2
12660,18609,1
21908,31,0
12865,6814,0
14272,15087,0
19796,65,0
136,9037,1
102,3453,2
67,90,2
2118,5177,4
2118,5172,0
20900,8701,1
3177,6677,0
1254,17785,1
131,1988,1
14465,77,0
2963,65,0
17738,83,1
1705,58,2
1770,4628,0
1,14184,5
1,14183,0
131,8948,1
17500,5280,0
1880,94,0
138,17721,2
21148,61,0
1,11002,0
14272,3282,0
112,1928,1
20365,6791,0
11085,58,8
16423,2743,0
3372,6677,2
1229,14272,1
20673,47,0
3,6088,0
3,6081,0
1987,21761,0
17503,9861,0
3,3303,0
6,6081,1
10679,133,0
19847,20845,1
4372,9014,1
14272,9509,0
11841,16541,1
7266,8789,0
11554,5264,0
16496,7292,1
14272,2087,0
1,3844,0
13998,19,0
1033,14567,0
16800,77,3
3362,6,2
13671,18575,1
268,83,0
19710,40,3
19710,41,4
138,21001,0
2070,7330,1
1773,20201,0
65,9266,0
15227,6,0
4447,94,0
17305,4481,0
130,20250,1
131,15215,0
14567,2811,3
16929,98,0
17935,5641,0
14865,20752,1
15537,933,3
2765,5280,0
18345,18881,2
15940,29,3
15131,54,0
13791,6241,0
1517,9777,2
10392,15101,0
2538,5280,2
14272,5508,0
14272,5509,0
1,48,0
10726,18314,1
17503,18289,0
16590,17503,0
17785,73,1
2201,6730,2
10183,1062,1
19,9673,1
1,41,3
18314,6665,5
133,18688,0
1064,14865,1
18609,983,0
13607,5160,0
112,12535,0
131,3939,0
13673,66,1
162,65,0
8514,9437,2
52,6,0
112,12,2
14865,18604,1
1371,26,0
10568,20236,0
14865,6596,0
14243,17367,0
5641,61,0
112,7070,0
21146,586,2
112,7072,0
58,9007,2
11423,1882,0
13858,83,4
12423,8597,0
13506,139,2
0,18951,0
15299,17305,0
13715,18749,0
117,5,3
639,86,0
7908,8194,1
12352,19,0
6242,9730,2
5,6677,13
14567,2065,1
13317,20221,0
21005,7745,0
14272,7429,0
13109,7979,0
16703,20518,0
153,26,4
65,9727,1
10183,8874,1
14272,6081,1
10042,778,0
2544,9304,1
1705,17619,0
11440,14567,0
131,6514,1
16022,26,0
17154,2846,0
10534,13,1
18314,21813,0
13,14717,0
111,22117,1
18538,26,0
18314,5372,0
19122,8361,0
13,1570,0
7322,9627,1
130,18225,0
18758,3,0
5641,6157,0
14272,9777,4
17619,18587,0
17821,83,0
11554,6814,0
15383,18314,0
13418,4628,1
18453,5280,0
10042,18286,0
19946,19947,2
21117,6832,2
16783,83,3
4961,61,0
3654,65,2
3907,47,1
112,7850,0
5280,9912,0
108,4348,0
0,18760,2
18166,21304,0
14567,21371,0
14567,21370,0
10640,54,0
2296,65,0
11752,4721,0
21342,83,0
14272,15710,0
13518,94,2
14735,88,0
131,13853,0
483,77,0
10183,10715,0
11266,14865,1
18925,5010,0
1200,94,1
122,27,1
131,7067,0
112,9826,0
26,3487,0
15361,19744,0
10043,94,0
3836,5475,1
11699,16423,0
1513,5641,0
20231,6665,0
5536,87,1
14885,20638,0
12475,86,0
14567,20171,0
17,3972,0
16164,2260,0
14567,6560,1
136,65,4
14362,6,0
5170,71,2
5170,77,3
1000,999,1
10146,83,0
12621,6677,1
13823,26,1
11936,7,0
108,17805,0
18742,7979,0
15940,9777,2
1526,17503,0
15695,17503,2
16854,26,4
14865,15277,0
14370,6691,0
59,71,3
246,2811,1
59,77,18
16265,7,0
13,9916,0
19790,40,3
11193,13217,1
10568,8685,1
2466,4727,0
10042,7509,0
18385,83,1
1,15306,2
1416,65,1
1416,63,0
108,15660,0
11906,14865,0
12168,6268,1
15853,4628,0
19412,47,0
1000,9437,1
129,8879,2
17436,17503,0
5280,687,0
1,11688,0
20516,7474,0
13962,61,2
13293,8762,0
1230,2254,0
1,3823,0
108,2818,0
14272,18380,0
108,19154,0
101,9437,1
14197,14567,0
5782,7292,2
6,93,2
17912,8,1
15856,4238,3
13052,4628,0
19859,9777,0
3417,6820,0
18166,337,0
8857,9627,0
13472,17305,0
107,110,5
12981,3456,0
10944,6,0
1855,9148,0
19839,26,0
112,17339,2
6795,7492,1
11752,21400,0
10328,13501,1
11085,13654,1
2185,652,0
16940,7397,0
21244,21457,1
17721,22415,2
19993,6404,0
10568,21653,0
20762,7397,0
14272,8383,0
10568,883,0
11339,154,1
16752,59,2
10568,2762,0
17503,5735,2
13949,5010,0
14958,17807,1
16854,7183,3
7933,94,0
11934,18314,0
131,14009,5
1119,16551,0
17471,1988,1
11106,84,2
11752,17807,5
17951,18746,0
10568,4680,0
11647,7303,0
108,5488,0
13500,20935,0
21930,5295,1
2018,3530,3
131,13997,0
12273,17503,0
18,21148,0
14084,19884,0
4628,9600,0
12660,94,3
15342,9857,0
14567,14679,0
10042,15695,1
12461,26,1
18461,31,0
136,5225,1
17367,51,3
18524,6677,2
15856,6896,0
125,14358,0
125,14359,0
18252,8658,0
125,14357,0
17,9736,0
2608,63,0
13715,15827,0
16142,44,2
123,7421,0
11348,15856,2
10410,18166,2
324,6677,4
15158,20518,0
10351,15306,0
3298,8879,1
131,3777,1
2762,5280,0
40,4846,1
14272,16482,0
2004,7522,1
15011,40,2
14567,2598,3
