15856,8293,0
10,35,0
112,7541,0
1,8,2
10,30,4
1,6,2
10568,7199,0
13607,5160,0
6731,894,0
11798,11799,3
9310,94,0
7514,8542,0
5280,9291,3
14567,16511,0
13,15601,0
45,76,1
14654,31,0
5010,9538,0
108,21886,0
58,8685,1
12479,3744,1
112,16859,0
14026,20084,0
21974,6795,1
14227,586,1
14126,20981,1
16876,7330,0
11256,14272,0
6308,94,0
1705,21469,1
12,131,6
131,20038,0
17305,20344,0
6404,6560,1
11304,17503,5
16081,8685,0
17935,19509,0
7330,83,12
10568,13007,0
5641,6615,0
12006,94,0
18121,6479,0
11596,5280,1
12503,139,0
19,3753,1
17952,8789,0
1,5268,0
15866,4628,0
13393,17807,0
108,14438,0
13,18875,0
5280,8047,0
19352,83,0
4879,7719,3
1971,54,0
10042,7979,0
5427,77,0
3376,9777,1
1408,19723,1
14567,4198,0
108,7727,1
102,7550,0
17058,20518,0
17196,18553,0
18314,5172,0
11718,5280,0
4000,6242,0
1,6906,0
17067,17721,0
108,19412,0
17503,7364,1
17305,21368,0
13654,8194,1
10568,13313,0
7934,87,0
15,6204,0
5280,5892,1
54,56,1
15856,3800,0
15405,2118,0
13,16800,3
13506,2544,2
48,9946,0
22386,5641,0
15361,17367,1
16850,31,0
76,8216,0
19,20958,1
1766,4628,0
13732,17196,0
14272,22329,0
107,21239,0
59,77,10
5225,9777,0
6088,83,0
3749,5280,0
2205,3304,0
121,130,0
154,19,4
15964,54,0
13330,14272,0
14200,94,0
13468,17503,4
21563,7,0
15330,83,0
14322,9,0
102,108,4
11630,14272,1
10495,9142,0
14545,6,0
14272,21757,0
131,15466,0
16471,5728,0
13501,21699,1
12847,58,1
405,86,0
10042,12375,0
10042,12374,0
18314,36,0
18746,19860,1
130,20518,2
142,22378,0
3971,5735,2
3056,77,0
15858,2260,0
18121,4388,0
16783,65,2
122,1530,0
14865,21385,0
21999,7514,0
11353,26,0
17807,20811,0
14272,7772,0
22352,6988,0
17503,7388,0
10321,13,0
13512,18314,0
233,488,0
17503,7386,0
17503,7883,5
3190,6157,1
8468,9039,0
4787,8813,0
17738,7943,0
10568,9061,0
17305,3533,0
131,207,0
17503,17975,2
21974,4628,1
243,6,0
4628,8789,2
111,8433,0
13,58,8
13,59,2
5763,83,0
112,20480,0
6832,9777,0
14272,5394,1
0,11226,0
20518,5131,0
20518,5130,0
3042,4727,0
14851,5331,0
162,65,0
14304,8789,1
17305,5527,1
20952,5010,0
14126,348,1
11339,2260,3
14272,20247,1
18166,20563,2
121,76,1
136,17564,3
112,12292,0
1513,4400,0
13,17866,0
11124,3654,1
10568,5346,0
40,5093,0
47,7549,1
13292,13575,0
2283,8426,0
6735,9777,0
10159,47,1
14865,19,2
2117,54,0
108,13014,1
16410,40,0
13949,17503,0
19,19478,3
15537,7883,3
12596,289,0
108,6864,0
18314,21738,0
10996,6,0
14272,55,3
13098,16567,0
10066,17367,0
10568,20910,1
14272,51,6
18551,9291,0
17305,9018,0
1,12952,1
112,40,6
112,41,3
18075,8254,1
13624,5280,0
14272,29,9
17807,586,1
13066,139,0
21208,9777,0
25,58,0
6346,77,1
16045,8789,0
3,73,0
10410,4433,1
13381,16850,0
2846,3298,0
18,33,0
3903,9582,0
10252,94,1
10898,131,1
102,29,3
6789,83,2
612,9384,1
15668,1875,0
13987,37,0
6665,7624,1
17305,9908,0
132,9437,2
17639,7397,0
18314,7439,0
14865,8653,0
8848,94,0
15633,40,0
142,84,5
112,20876,0
48,57,1
9669,9691,0
14322,6677,1
21409,4628,0
15668,1615,1
108,12161,0
17170,77,0
142,20896,0
5727,58,1
16854,1928,1
131,5782,1
142,18760,2
5335,7397,0
16854,41,1
14953,1705,0
11085,13,5
14865,18604,1
112,18588,0
5177,9963,0
13,17232,3
110,131,9
5177,77,1
11896,12638,0
14662,2516,0
110,136,3
12768,76,0
16979,9661,0
14865,2957,1
13858,7330,3
18930,7979,0
108,16423,0
11458,77,1
14394,19,0
18236,84,0
7979,9603,0
12222,19,1
17503,21972,2
10350,4877,0
12736,17367,0
154,19710,2
65,8957,0
1,18965,0
108,11085,2
7733,83,1
6600,94,2
26,8874,1
11761,22378,0
10568,7501,0
3,6600,0
6698,77,2
2811,7979,1
13014,7727,1
21019,6677,0
5518,6242,1
18385,19622,0
3,6088,0
41,4577,0
15709,7444,2
14018,739,0
6698,7173,2
11085,12952,1
1525,7444,2
10568,12222,16
17815,83,0
15856,17637,0
1,9570,1
2260,59,5
17503,6547,0
20518,22180,0
19,77,1
10345,21474,0
17503,6548,1
12363,16171,0
10345,21473,0
125,20263,0
131,6820,1
11485,13654,0
10279,20981,1
17305,68,0
14567,4604,0
5762,83,0
14860,6665,0
4081,96,0
10568,6017,2
7657,94,0
1281,5280,0
17059,61,0
108,15358,0
19,2963,4
131,34,7
13,14748,0
3303,9777,1
21641,5280,0
10568,13308,3
18739,7979,0
17,483,0
18139,18774,0
17,484,0
17,485,0
11752,16996,0
11348,779,1
6,9595,0
107,131,10
131,19790,2
1944,871,1
17505,68,1
15856,779,2
12222,14304,3
13593,21322,0
17305,1969,1
15331,5280,0
14272,801,0
19860,20615,1
15733,83,1
14304,17503,5
108,4179,0
1645,18314,0
14567,9637,0
16340,17,0
151,17573,0
20660,6735,0
1559,7912,0
1662,17815,0
13531,18587,0
3367,9777,0
11085,1517,1
2846,7745,3
10568,5001,3
14771,2118,0
108,2637,0
19405,37,0
17233,9777,1
131,16926,2
6,78,0
17305,410,0
17807,20155,0
21773,7445,0
17,20728,0
125,2512,0
14702,26,1
2838,5280,0
107,77,6
20518,7514,0
16979,8230,0
12389,4881,0
12120,14007,0
125,37,2
125,36,0
10345,14272,0
12173,1353,0
40,59,2
27,6,0
125,19404,0
13,4179,1
10,3530,1
10392,39,0
48,6665,1
19,20099,0
17305,7624,1
13,19993,2
23,8,0
17025,17503,2
17570,20518,0
6176,94,0
1615,7397,1
16854,9451,0
13,65,7
10568,9291,1
7444,94,4
20568,94,1
17119,17503,0
2932,9544,0
65,77,8
11934,1408,0
18314,18962,0
3972,84,0
14604,6,0
5756,83,0
21971,3667,1
8685,9727,1
10568,13468,6
11799,20420,3
2995,6547,0
10568,7017,1
13468,5502,0
136,17516,1
5808,7841,0
1533,5555,0
11439,2118,0
20518,813,0
1597,77,2
1,16046,2
13,17721,2
2118,5054,2
3755,47,0
13673,5,5
26,8552,0
7266,77,1
14865,3941,0
21370,65,0
19993,6600,1
19,5814,0
10848,112,1
12519,17503,3
12643,7583,0
15509,18715,0
14454,18828,0
12587,29,0
6795,8789,3
1177,18314,1
10183,12461,0
14272,67,3
18106,6677,3
14304,9570,2
6665,896,0
1119,17047,0
112,51,2
13040,6,0
15883,6,0
1408,7246,2
83,9419,1
136,58,2
58,65,11
17110,20418,0
16172,18604,0
10242,13776,0
15856,6438,0
131,22052,0
10042,1928,1
12701,54,0
139,5177,0
12236,17503,1
12169,77,0
17934,5641,0
14567,2444,0
1705,5001,4
4896,87,0
18,23,1
17367,9777,3
26,3487,0
5223,8790,0
12280,14184,0
16059,17667,0
1276,7330,2
138,8941,0
3298,8813,1
21636,84,0
18314,7150,0
18731,6665,0
14748,1513,1
16594,3800,0
14272,17198,0
65,9388,0
20518,20855,0
131,3998,0
1,7643,0
18532,743,0
11520,84,1
144,18760,0
5093,9738,0
12590,1353,0
15350,87,0
13418,17796,0
36,5529,0
12280,17503,0
20190,7768,0
131,5582,0
12660,57,2
0,8751,0
13567,14537,1
13987,17251,0
13325,19,2
11899,7745,0
47,7075,0
19087,22349,0
14567,1944,1
13,3972,3
4628,9483,0
18246,19,0
112,1660,0
10,19,6
1928,21930,2
18774,18845,0
17503,503,0
108,14272,5
1750,77,2
6241,6242,1
10965,5280,0
7701,9145,0
13673,88,1
15420,4628,1
11799,129,3
4340,76,2
19860,4914,1
17305,5860,0
10410,15797,0
18404,3367,0
20518,7063,0
10568,14524,0
16142,676,0
15896,4197,0
17795,4628,0
6084,83,0
21224,9777,2
485,61,0
14537,34,2
131,1597,2
18445,3654,1
13433,19,0
22206,9677,0
30,7745,2
131,40,8
17305,8247,0
3,6385,0
18931,7979,0
1177,17305,1
3432,7397,0
10387,6795,1
10650,14272,0
14128,19,1
12226,2846,2
131,21986,0
118,58,2
1823,21138,0
111,265,0
1928,20464,0
112,20578,0
17047,7598,0
3281,94,0
31,6687,0
15278,73,0
11348,16120,0
12660,9008,2
10345,57,1
18314,18797,0
15890,5268,0
14227,7268,0
131,19205,1
131,17564,5
1,6504,0
1132,2118,0
15612,94,0
12911,2247,0
19,2957,2
108,18404,0
14865,15847,0
20931,77,0
12222,17503,11
5,9437,5
65,9619,0
18577,94,4
20658,77,0
131,13567,2
18170,6157,0
13381,5408,0
7802,86,1
21146,83,3
5001,9037,2
1769,4628,0
13269,15856,0
133,19077,0
378,65,0
12,13291,0
17990,4433,0
17305,20365,1
65,676,0
117,21111,0
26,41,3
10350,19,1
6,6672,0
1456,18746,0
10568,6731,0
13506,17305,0
1396,4085,0
22378,51,4
1705,17503,13
14865,19839,0
14272,9733,0
17096,2846,0
17763,7245,2
13,8928,0
5331,9627,2
14865,20709,0
18515,37,0
4727,6574,0
4914,83,1
13,154,2
58,7445,0
15903,54,0
7330,9254,0
10,58,3
20660,692,0
7105,7989,0
14567,9730,5
17026,77,0
17339,9777,2
1,17477,0
11447,6677,1
14567,2932,3
108,665,0
1096,131,2
10042,13573,0
16142,5320,0
15535,7292,2
1705,6793,1
19993,94,2
22323,77,1
14865,527,0
5038,94,1
10568,12155,1
2968,8307,0
61,9908,2
14567,629,0
47,6735,2
20812,7745,0
21384,94,0
19540,6,0
18577,9008,2
18828,20537,0
2103,8712,0
1608,6665,1
15517,20329,2
18747,5010,1
10816,20190,0
10568,3971,9
11901,19027,0
17516,94,0
19993,3530,1
17671,58,0
21018,6677,0
13,77,24
13,71,2
17644,6677,0
1514,58,0
136,6485,0
19728,7666,0
14304,83,1
131,9379,0
131,3565,0
1581,324,0
13,9310,2
0,6183,0
20518,8405,0
21146,4969,1
12901,94,0
14184,6559,0
1700,19459,0
12283,130,0
10568,21629,0
1513,4179,0
14,7,0
0,74,0
13365,139,0
0,76,5
11017,13100,0
17503,3484,0
15193,7979,0
77,9932,0
17339,7245,2
15542,20518,0
18166,1850,0
17807,21503,0
83,9265,0
138,8940,0
15676,16423,0
20333,77,0
10605,15204,0
13290,207,0
1242,87,0
7173,77,2
108,17062,0
11524,18828,0
108,17060,0
108,17061,0
112,3303,1
22206,4845,1
13323,17737,0
14297,19104,2
6677,9643,2
1396,20266,0
47,6445,2
47,6446,1
13035,5280,0
14272,5223,0
17503,18747,2
17503,18746,4
108,11840,0
20134,289,0
11901,6446,1
131,18445,1
13804,14026,0
11901,6445,2
129,35,0
12966,3983,0
61,7733,0
14537,2157,0
1966,19860,0
8849,94,0
17818,19710,0
17617,61,0
15930,9777,1
2846,8288,1
26,5010,2
56,73,1
11106,76,2
1394,77,3
17316,20588,0
14449,40,2
11713,6677,1
112,3016,0
19177,21111,0
1662,20986,0
22270,5331,0
15232,5,2
7245,77,9
260,7445,0
27,5536,1
10568,21284,0
17657,6795,1
12162,20231,1
10345,22125,0
11643,2516,0
18314,2931,0
112,1297,0
10812,131,0
14006,14272,0
15856,6510,0
10983,2516,0
14018,1513,1
13167,18828,0
10534,11752,0
19,7082,1
19,7083,0
17807,21238,0
17807,21239,0
3632,94,1
1353,17305,1
21556,48,0
17503,7492,1
1595,83,0
14567,2544,6
21699,289,1
17447,26,1
17503,21774,0
13858,18075,1
41,7183,1
21394,47,1
16944,1969,0
16,3,0
20250,7514,0
2766,5280,0
112,1652,0
2544,6242,3
16046,17503,1
13,5629,0
15204,18175,0
1,11085,3
112,1658,0
11437,3051,0
14013,5331,1
59,6885,1
110,14009,4
139,20365,1
11520,17367,1
13325,20813,1
11901,47,3
40,41,3
20518,2806,0
15537,5280,3
13575,16238,0
1367,14272,0
12222,21469,1
11877,16979,0
17503,20221,0
6083,83,0
13862,26,0
15856,7803,0
7701,7918,0
13,19005,0
15733,18075,1
4787,5667,0
10700,84,0
10568,7701,0
6697,77,0
14456,7745,0
18828,19603,0
21889,83,1
1118,2005,0
13,6400,0
11240,19,2
5267,8468,1
3311,8468,1
12746,20420,2
16979,22474,0
139,8518,0
14227,7622,0
29,7245,2
122,3,1
55,67,3
11874,1215,0
18468,22415,1
18314,2,0
10345,48,2
15509,3972,3
3693,3971,0
16847,7939,0
10966,5280,0
18539,4238,0
1525,94,3
1705,9857,0
10042,20423,0
5280,8890,1
18539,20518,0
5280,8896,0
8813,9437,3
10568,16483,0
8230,834,0
11524,17503,0
1408,2544,1
10568,15465,0
13413,14272,0
131,15657,0
108,14573,0
12557,83,0
5,999,4
133,19063,0
16509,18604,1
136,19974,0
14322,6777,0
10568,6727,2
17859,8657,0
14941,5,1
18838,6677,0
47,9582,1
10638,3971,1
6665,9091,0
26,58,8
11680,7266,1
20093,5331,1
13034,94,2
14567,18527,0
11150,18815,0
12745,63,1
10042,4798,1
13,19954,0
21478,6665,1
15204,4879,1
10568,13217,1
122,22095,0
47,5341,0
13607,61,0
6560,9610,1
14933,9777,0
1007,22323,1
12746,8813,3
10568,1705,13
2762,77,0
125,721,0
10491,13,0
18992,8874,0
17053,2963,0
5091,7979,0
20093,22349,1
15292,7,0
1098,54,0
10568,30,1
1581,77,0
15286,17305,0
19578,5280,0
6,8396,0
3060,4628,0
142,76,4
14674,7330,1
112,20333,1
10534,9777,0
15675,665,0
6559,9538,0
17503,18020,3
139,16808,0
1928,58,5
10,17503,1
131,14322,1
18261,86,0
251,7622,0
16678,63,0
3637,6677,0
21012,27,0
108,486,0
19,5010,4
11312,7733,0
26,3122,0
139,4576,0
134,9437,0
16731,94,0
14771,86,2
14674,8254,2
131,18322,1
13689,7330,1
18314,18940,0
17503,22301,0
10432,17807,0
15797,18754,1
17232,17818,2
21384,40,0
118,15965,2
5331,5502,0
10717,17367,0
6677,9341,3
112,13820,0
7690,9777,1
9437,999,3
1387,26,0
17202,61,0
5314,6,0
14640,16496,0
0,12854,0
8468,9310,0
8701,94,3
131,14213,0
10736,47,0
13041,6,0
17807,6409,0
15081,8789,0
117,6677,0
2018,7292,2
131,2018,4
5536,77,0
5536,76,0
649,77,1
2065,6242,1
108,17054,0
10252,16142,0
10568,933,3
20813,3102,0
14108,94,0
154,2260,3
14272,4340,0
130,16729,1
17630,5331,0
18314,21186,1
10042,2432,0
11209,4727,0
17139,21955,0
131,9271,4
14567,21362,4
1724,19,2
13607,3800,0
14172,8789,0
14251,20190,0
112,4930,0
112,4931,0
4784,8789,0
2428,58,0
14674,6791,2
20744,3971,0
13271,18314,0
20947,5280,0
14567,2428,0
17315,17503,0
15945,61,0
14674,6157,1
12226,15232,2
12222,17025,3
16567,2811,2
715,9027,0
11899,6677,0
14184,5010,1
13575,1705,2
12479,14567,2
8878,8879,1
16800,20023,0
20420,8813,3
18828,9829,0
107,15517,3
2415,77,0
11348,7514,0
1714,6665,0
19376,7,0
11485,6999,1
59,7173,2
10651,9437,1
15055,3971,0
13308,4628,1
1157,20518,0
108,57,1
108,55,4
1126,6791,1
13400,665,0
1,5431,0
13506,14567,2
17763,77,2
10568,612,1
139,5536,0
5207,72,0
11799,6677,3
18505,47,0
14744,65,0
14567,2558,0
12745,8288,2
17818,4198,1
107,8224,1
21752,22206,3
16402,26,1
13,9271,2
112,2992,0
3577,7551,0
19104,5280,4
14026,4781,0
17,8425,0
21999,6961,0
17,8426,0
10345,11165,0
8254,9419,1
1180,7749,0
13619,5280,0
12492,131,0
2767,5280,0
26,4198,0
44,7444,2
10568,15695,1
10232,5331,0
17305,3854,0
154,19728,1
11520,131,2
1877,2870,0
18588,54,0
125,21274,0
13308,17503,3
10831,94,0
1,99,0
14567,5518,1
4462,9669,1
19205,22415,1
16590,82,0
11551,289,0
10568,20988,0
4729,5280,0
17232,58,2
16933,58,0
15332,77,0
10568,7719,1
10568,9115,1
16025,72,0
11683,14272,1
14148,27,0
1328,17564,1
17924,48,0
125,5860,0
17025,3971,2
14865,15991,0
131,570,2
11877,21451,0
5393,7514,0
16764,77,0
1750,3972,2
10042,12847,2
83,974,1
14098,84,0
83,976,0
10207,108,1
2839,5280,0
15579,1674,0
11108,133,0
12975,139,0
13100,19122,0
5184,54,0
112,7583,0
19,22378,2
55,73,1
55,70,0
21053,31,0
3783,6677,2
125,17367,1
10447,21284,0
112,1517,2
1674,4879,2
19860,83,4
12911,2260,1
14159,18,0
6677,6741,0
2219,6242,1
18609,7842,1
26,933,1
133,3334,0
16854,26,2
15184,20518,0
130,4711,2
15537,5735,2
19408,2118,0
15574,17503,0
15517,2326,1
131,6912,1
20518,7317,0
10242,48,0
112,6343,0
18577,5225,0
19122,4310,0
20548,5394,2
131,6041,0
108,7245,2
16979,20201,0
13,131,15
13,136,7
1458,18828,0
1,11002,0
1877,5280,0
10568,7932,0
112,12945,0
12140,5280,0
6677,7561,0
20615,83,1
17738,7397,0
61,7264,0
10042,17503,1
20190,7330,1
19,2932,2
11085,65,3
14184,1724,2
12222,830,1
13706,14272,1
11252,142,0
13,15136,1
26,9727,0
18424,5331,1
14567,2957,2
1581,64,0
12304,14272,0
13501,289,1
10568,9938,2
12660,18609,1
1273,6677,0
13420,13949,0
289,7725,0
4787,5,1
19938,6,0
1928,65,5
21974,2516,0
13718,16979,0
11124,131,7
20931,26,1
131,15517,3
13308,1705,2
5280,6798,0
112,12535,0
19175,7749,0
13,19,4
10345,6665,2
18746,21449,0
15509,77,4
21138,9379,0
16762,6241,0
15677,2661,0
5,94,0
18609,913,1
12168,6268,1
18577,5009,1
108,10848,1
6665,9281,1
131,77,24
14297,2538,2
10864,20420,0
2947,37,1
14395,5860,0
20752,5449,0
16194,5331,0
10568,9627,2
0,116,1
17948,8789,0
18505,19695,0
16783,3453,1
13988,17807,0
0,13,0
14678,18746,0
5769,8080,0
5428,77,0
0,19527,1
13149,16343,0
1,12519,0
13309,6547,0
10174,289,0
11150,5280,0
10568,9159,0
19478,2811,2
17557,7397,0
12854,17807,0
2846,8514,1
17672,65,0
108,9172,0
11875,16979,0
135,76,1
11770,17807,0
15659,17721,0
20518,7827,0
15930,37,1
18314,91,0
142,7802,2
21222,7330,1
1662,17739,0
112,4929,0
497,54,0
2103,26,0
0,4444,0
12202,19,0
73,7444,2
16146,16979,0
16142,19,3
19728,2544,1
19,8196,1
131,4179,1
12673,14272,0
17351,17807,0
6677,8288,7
26,5038,0
4576,87,1
13506,2118,1
1705,743,2
7270,7549,0
13950,1615,0
1817,19993,0
14272,8270,0
12423,15232,0
18314,6349,0
3626,8514,0
22207,9777,0
16866,8890,1
20845,7183,0
10936,20518,0
2744,5331,0
21019,77,0
15783,6,0
22004,4628,0
1200,94,1
17503,6727,2
10042,11905,0
7310,83,0
1126,6789,1
108,41,2
14272,17367,5
3487,94,0
1479,86,0
1533,8254,2
16801,20518,0
1,12222,2
81,94,0
19459,19956,0
2214,77,0
108,1517,4
17305,22420,0
2544,9730,3
3971,9317,0
130,13728,0
61,96,0
61,93,1
19063,6523,0
18237,84,0
112,2982,0
14184,83,0
17503,9450,0
14567,81,0
2837,5280,0
86,9472,0
1126,83,5
131,3654,2
14567,6678,0
142,4340,2
1674,5331,1
4831,9291,0
11085,17339,0
13540,86,0
133,6081,0
18469,2118,0
19404,40,0
11798,6677,3
10568,7018,2
10568,130,2
20449,9643,0
19707,61,0
14272,3531,0
11370,94,0
2118,3623,0
17025,6516,2
14567,1864,2
59,695,0
145,94,1
13324,9985,0
20896,22206,0
14456,8813,2
17352,2724,0
2006,6157,0
12222,6727,2
3972,6832,2
18020,22421,0
11240,30,2
154,3456,0
11193,12222,4
11482,3,0
11781,19212,0
13317,14865,0
10568,12460,1
8685,94,2
1353,18314,1
18828,9305,0
16703,16850,0
14272,7232,0
17367,19790,1
10715,153,0
18380,6677,1
139,19,2
10345,10773,0
58,7908,1
11347,1396,0
1655,17861,0
620,7918,0
14865,16089,1
108,20845,0
15537,18020,2
3,98,0
5603,5744,0
6828,94,0
6791,83,4
18930,8789,1
20250,4986,0
10691,130,0
3654,9777,0
112,22117,2
14272,3824,0
22433,31,0
13617,58,0
0,14159,0
17707,18075,0
10159,12162,1
1254,48,0
21472,7733,0
1254,47,0
17503,4628,7
122,19542,0
13691,19,0
14567,9852,0
15535,30,2
1513,8685,0
131,17859,3
12519,12557,0
136,15011,1
13858,5070,2
48,5961,0
112,6402,0
18075,5475,1
4562,9341,1
18131,5280,0
215,86,0
112,56,0
14865,19860,2
1,19532,0
13946,65,0
3907,47,0
17737,83,0
153,58,1
14567,19728,2
7245,9777,4
0,21117,0
102,14272,3
5,8288,5
12352,14885,0
5190,72,0
15856,4433,0
1254,21808,0
26,8023,0
14018,14748,1
18314,411,0
16543,40,0
19,3453,0
14660,94,0
6715,9777,0
11441,77,2
13,6560,1
68,76,0
14567,2963,3
1,17119,0
13531,1705,2
12392,12745,0
12621,7246,2
16090,86,0
13506,16116,0
14808,27,0
12466,2118,0
1158,21752,2
16730,94,0
14783,8874,0
17912,19,2
18746,3088,0
18314,9175,0
5752,94,1
2846,30,1
5,63,2
4528,458,0
15709,73,2
5,66,1
1928,94,1
144,2804,0
11900,2018,1
1,16229,1
10680,133,0
3322,5280,0
22206,47,2
11249,65,1
17573,94,2
19988,5331,0
107,3777,1
12222,3971,7
131,3530,3
19,20273,0
17007,5280,1
14674,7875,1
4879,7572,0
20762,83,1
10568,18175,0
5,88,2
18314,20365,1
17711,18529,0
12822,131,0
10568,9384,1
7643,77,0
134,63,0
2260,8788,0
15342,18131,0
1517,67,1
18604,20490,0
0,29,2
10568,4711,2
2018,6677,2
102,7658,1
26,3655,0
399,77,1
3043,4727,0
0,6396,0
14272,6,0
16866,5280,1
14524,65,0
15299,2118,0
15965,8,0
13159,7397,0
12621,1408,1
30,7444,3
1,4528,0
29,9777,4
13562,27,0
26,5735,1
566,8701,1
3190,3880,1
17305,2383,0
13465,15504,0
17262,19,0
18314,86,2
15668,7397,1
10,16496,0
15204,7719,1
10042,21027,0
10042,26,4
17503,9669,1
3585,94,0
5577,94,0
40,9777,8
15896,16979,0
57,94,1
131,7145,0
26,5937,0
14272,7457,0
13271,3504,0
1705,17975,2
5782,7292,0
130,3386,0
14567,6242,8
19268,692,0
14272,5782,1
6346,649,1
1096,13327,0
133,6411,0
13,16783,2
13531,5280,2
11193,1705,2
19,9610,2
8685,933,2
1,2811,2
13,1928,3
11866,1525,2
17340,83,0
20518,4239,0
14128,6560,1
5054,61,2
12222,9115,1
14302,22378,0
12161,9777,0
12153,6677,4
16151,2393,0
20365,7942,0
65,94,5
131,2629,0
13,7266,2
131,3080,1
19176,6,0
10042,17164,1
131,17516,1
11520,40,1
150,22415,0
58,6999,1
21111,5,2
108,73,3
3095,61,0
41,9777,2
15771,7397,0
2118,5726,0
566,6192,0
16808,18314,0
17763,58,1
11718,17503,1
77,9271,2
14322,18106,2
11866,7444,2
14864,17807,0
16138,18746,0
13506,9730,2
1,2963,2
1,7444,3
15420,17503,3
10543,58,1
37,9777,3
14272,14769,0
14958,19,2
18,243,0
13673,21111,2
17503,3836,0
15332,2973,0
20145,7397,0
13638,6795,0
86,9281,1
1,30,4
18204,83,0
324,3530,0
17305,18314,8
15613,6,0
16839,77,0
111,14681,0
10547,6242,0
19156,57,0
112,9826,0
692,9730,1
108,6341,0
12222,18020,4
108,15940,2
10568,3217,2
112,14272,4
14537,77,4
5177,6,3
20845,660,0
1550,9777,0
13567,14971,0
19860,5280,0
2005,83,0
12965,3983,0
111,9821,0
18106,77,1
125,5842,0
4072,5476,1
1396,19394,0
7330,795,0
34,77,8
112,15227,0
2201,871,1
12542,2018,2
21592,94,0
131,14539,1
12552,77,0
14160,40,1
11678,54,0
1910,6665,0
10345,12092,0
108,15709,2
15361,5001,0
7962,88,0
10568,8566,0
108,112,8
20518,21369,0
17861,9082,0
2412,58,0
19237,3179,0
14674,21889,1
12744,9437,1
15152,83,1
14449,6790,0
14674,3880,2
10568,6516,2
77,9105,0
13089,20518,0
18576,86,0
14272,7559,0
21523,27,0
1004,87,0
139,17784,0
17305,21186,1
11680,13,3
11915,77,0
297,77,3
21752,47,3
18529,7701,0
1662,3189,0
12843,37,1
12162,47,3
16866,94,0
131,13720,1
16142,3753,1
1396,219,0
5,7745,4
20518,7378,0
10568,17503,14
20190,2516,0
13673,7745,3
20931,6522,0
12746,6677,3
1353,485,0
6677,8813,7
6665,86,4
1533,83,4
10568,6999,0
17356,6912,1
1374,65,0
20201,834,0
10759,5264,0
18598,7583,0
13574,9777,0
14771,6665,2
108,2661,0
14958,16046,1
2762,88,0
13539,26,0
20190,3483,0
12,71,3
20518,2053,0
1233,54,0
22378,6677,1
20231,6665,0
18314,1969,1
11877,12467,0
12222,13575,2
14184,19993,0
14272,2254,0
10997,20518,0
20025,83,0
16783,1928,3
14449,19744,1
40,7439,2
112,19357,0
17573,19104,1
0,9654,0
23,5536,1
10042,4610,0
5280,8125,0
7246,9643,1
13704,61,0
11447,9437,1
15107,16705,0
12980,3456,0
2326,8219,1
21450,7931,0
77,9970,1
19672,61,0
108,18386,1
3667,94,1
11178,18746,0
1,3362,1
10207,18386,1
15843,17503,0
19,9570,1
15232,6043,0
29,76,1
4896,52,0
17569,4773,0
1276,13858,2
5280,6754,0
1767,4628,0
22117,9777,2
13181,17060,0
12542,6677,2
18314,5080,0
12153,77,0
139,19405,0
20642,21053,0
13987,18528,0
145,1525,1
130,17505,0
10568,4879,3
17807,20128,0
3632,7444,1
154,4877,0
22364,40,0
17007,17503,1
112,17051,0
17225,6614,0
12222,933,3
10,7883,1
11193,3971,2
139,5010,1
41,94,0
3669,5280,0
11900,6677,2
4150,83,0
10042,5010,3
19352,8594,0
12847,13696,1
17859,22457,0
17060,19422,0
108,7691,0
10336,86,0
19799,8799,0
13689,83,1
15091,76,0
13,34,4
13531,9291,1
11155,13319,0
18345,2846,3
14013,521,0
18,5536,1
21036,7979,0
18501,21138,0
130,3623,0
15232,18345,2
13,14009,2
13,9916,0
133,20193,0
14198,5280,1
20011,22378,0
2279,35,0
112,17744,0
112,17745,0
112,17742,0
112,17743,0
112,17741,0
11915,5280,0
291,8928,0
13575,5280,2
15509,6832,2
15090,6665,0
20420,8025,0
13468,7883,4
21463,4601,0
131,7774,0
10,22378,2
21244,94,1
5038,65,1
18746,3827,0
11520,76,1
2516,9831,0
14265,17316,0
108,349,0
13159,83,1
11124,14009,2
16575,17503,1
17120,5280,0
13104,2516,0
131,136,8
18747,19860,3
10568,10638,3
14702,6999,1
7802,9777,0
10908,94,0
11621,17305,0
11709,18314,0
14865,18134,0
108,20333,1
12827,94,0
18345,2018,0
17305,5398,0
16575,7364,1
10568,20285,1
3102,94,0
12040,17503,1
17367,29,3
40,77,5
11876,16979,0
14335,17316,0
13039,6,0
0,14391,0
133,9249,0
2947,9777,2
18131,26,0
13114,54,0
16979,2185,0
14727,20518,0
19710,2260,2
10568,153,2
14272,2861,0
14872,73,0
19477,2118,1
3311,7690,1
10183,8874,1
16179,8789,0
14567,2219,1
1049,15332,0
1200,14553,0
108,67,4
12542,324,1
11304,4628,1
14537,7230,0
10568,10605,0
108,68,1
17007,20420,0
16021,17503,0
131,1700,0
20518,779,1
15856,9824,0
10252,20568,1
18314,3486,0
10107,54,0
6410,6677,0
13811,987,0
2118,9908,2
20285,21791,1
18214,21385,0
110,34,5
15337,5280,0
16116,4877,0
13,17356,1
130,779,4
0,1664,0
47,54,1
5280,8613,0
14304,17738,1
12037,54,0
18730,47,0
14567,2326,0
19,4377,1
15152,92,1
6677,8684,0
18314,2686,0
54,5530,0
13607,6677,0
16926,18965,0
11408,13855,0
16535,18314,1
10715,12819,0
3,78,0
30,94,3
10162,14272,0
17232,1768,0
1,503,0
14243,18314,0
108,16032,0
6885,77,2
16534,18314,0
12222,3217,2
12283,96,0
4067,6,0
110,11124,4
17932,94,0
15930,54,1
16738,87,0
108,14537,1
20913,6136,0
17351,83,0
71,7245,2
1126,18385,1
11123,14567,0
10568,17534,0
107,21063,1
11105,18314,0
18166,9674,0
15535,19,2
5010,58,4
11752,3362,1
76,7802,3
14918,98,0
131,21868,0
10568,17711,0
14941,63,1
1353,13969,0
1353,2720,0
125,19751,0
14567,3744,2
111,9868,0
17305,20666,0
2412,9538,0
12222,13468,5
5130,77,0
15541,16567,1
18814,6795,0
10042,17570,0
16541,8878,1
3972,5,0
17305,4775,0
11106,6,0
7330,7733,1
17169,5280,0
13613,6,0
1353,2034,0
4072,7330,1
108,14449,1
3768,47,0
11441,59,1
10568,15537,8
1,10,6
11916,19223,0
16229,18,0
131,18106,2
8036,8685,1
19,20813,1
1379,9291,0
1533,6791,2
10016,83,0
14564,77,0
18131,2870,0
15537,9938,2
21738,77,0
130,9281,0
2811,8844,0
12855,2516,0
2278,35,0
13,4198,1
133,14403,0
21239,21371,0
11266,14865,1
10568,5435,0
16704,6,0
13332,16054,0
102,10568,0
17367,5536,1
130,4533,0
17861,6863,0
108,913,1
17067,9027,0
4845,7549,0
17367,20879,0
112,14453,0
1215,17,1
138,3972,0
1057,2963,1
19,2018,1
11680,22415,2
5280,8979,0
130,17577,0
1180,58,0
1875,21146,1
19,21362,4
20093,4998,1
19,7444,3
11104,112,0
102,18609,1
108,9566,0
29,67,3
1514,83,0
13,4065,0
108,18609,4
12040,7954,0
6348,9291,0
94,959,0
13319,289,0
108,5641,0
10582,5280,0
10042,17763,1
17503,17657,1
13,4269,0
12037,13506,0
15940,9777,2
14272,21527,0
15736,17503,2
5280,7745,0
10568,1527,0
0,11106,2
1864,2957,1
131,13288,0
133,7960,0
14332,3800,0
1353,5119,0
21514,77,0
26,8824,0
2811,2963,4
17859,3530,2
3311,9777,3
1159,22206,0
20899,94,0
3315,77,0
83,9230,0
3298,6677,2
14567,6241,1
19821,70,0
69,77,0
111,9049,0
12774,15147,0
40,5860,0
107,16800,3
17196,8448,0
1875,83,4
13159,14674,1
14463,19860,0
21622,9291,0
10568,12939,0
12939,83,0
10350,14567,1
1396,9443,0
8897,982,0
11124,15306,1
108,5330,0
16046,1705,1
230,488,0
121,86,1
12902,94,0
153,5782,0
18828,21118,0
83,9496,0
1226,5394,1
44,8196,1
5180,6665,0
10727,47,1
10855,19,0
1229,13706,1
18604,83,0
11070,16151,0
11348,1516,0
16176,84,0
105,19,0
2852,7979,0
108,11905,0
16568,94,0
11304,1705,2
1818,8685,0
11874,54,0
12073,16402,1
10042,11116,0
19,6560,6
13,15182,0
14184,7979,0
13574,17611,0
18828,8377,0
131,8224,1
10568,3478,0
10568,14479,0
12557,17220,0
18746,18930,1
14567,20365,1
10042,15439,0
142,19641,0
2976,3800,0
54,70,0
54,73,2
108,15827,0
54,6462,0
17139,7397,0
17947,18746,0
17861,3682,0
11701,1705,1
12155,13308,1
110,6790,0
7382,8789,0
20516,2846,1
129,20420,3
11840,94,0
12788,84,0
154,4546,0
15890,17807,0
17861,3683,0
3306,5527,1
16548,2516,0
112,18753,0
2932,376,0
14018,58,0
5113,54,0
1768,4628,0
14272,17201,0
122,8081,0
19989,9730,0
131,7830,2
8259,94,0
112,21939,0
14567,2201,1
11752,16046,1
14788,7330,0
1,58,4
10568,3273,0
15704,18577,1
133,21491,0
18746,5786,0
20523,7719,0
17025,6017,2
11602,71,0
21111,7745,3
12040,13989,1
4727,9128,0
4727,9127,0
14227,2516,1
26,4798,1
10002,289,0
5735,6795,1
21463,94,2
21972,6548,1
16541,18524,1
18131,7323,0
20013,47,0
22378,3971,3
131,20329,2
2103,77,0
125,12843,1
1371,17503,0
20190,6,0
1705,20752,2
10,17912,1
16265,7,0
13623,83,1
7583,77,0
5892,9291,1
17503,6795,8
17503,6793,2
1396,836,0
15092,16151,0
14272,3275,0
13,5001,1
10568,14656,0
38,999,0
20518,3103,0
20615,21774,1
13691,933,0
158,92,0
19993,77,2
11458,131,1
14865,6422,0
108,17182,0
1,11253,1
10042,16969,0
13718,19212,0
112,7439,2
10583,5280,0
83,994,0
246,2932,0
2443,4628,0
13795,77,0
4827,77,0
10568,13150,0
157,8514,0
19104,94,1
10568,7220,0
15306,19063,1
21019,7397,0
20615,4727,0
14272,7483,0
1253,1353,0
14567,8862,1
108,12025,0
11877,20661,0
59,6698,2
1394,34,2
19,44,4
12654,18314,0
19859,9777,0
153,65,2
6677,8878,2
6677,8879,4
37,5536,2
6585,6677,0
13510,16979,0
1353,20191,0
11036,8789,0
7813,9791,0
15306,6,1
59,9544,1
15107,2118,0
11596,3971,1
17731,77,0
18746,6795,2
17807,21146,2
2103,94,0
6,61,2
12,13,4
2466,4727,0
54,7816,0
14953,2788,0
57,9777,0
570,77,2
112,4932,0
12073,58,1
18166,4433,1
15107,19,0
141,9999,0
10755,6,0
15805,3530,1
17746,3,0
5280,6607,0
139,6988,0
20014,59,0
40,4846,1
17859,7193,0
10568,2930,0
1,20955,0
108,11646,0
10534,58,1
40,7410,0
10042,5727,1
10339,3983,0
19855,37,0
0,127,0
108,438,0
10568,18496,0
18314,688,0
16089,18747,1
4174,9384,0
12,13696,1
6677,7636,0
5010,65,1
107,20329,2
1,7908,1
14567,19790,0
19,2805,0
108,7658,2
22421,9985,0
17225,61,0
40,98,0
12479,6242,1
11866,8701,1
10437,83,0
126,920,0
16982,83,1
15509,7245,2
2006,83,0
10568,18126,0
131,19063,1
12519,21165,0
12745,6677,3
1353,8415,0
18760,84,2
11485,26,1
4961,61,0
108,17505,1
108,19744,1
19512,77,0
10568,9570,2
2158,94,0
13435,77,0
16530,2118,0
1533,6789,1
19860,20190,1
20828,21877,0
13715,2411,0
15096,18121,0
10553,488,0
131,15398,0
108,9310,0
4628,9145,2
6157,9265,0
18322,6820,1
11877,4629,0
13506,19477,1
17117,4628,0
19653,9751,0
3298,999,1
17503,17687,0
18075,1875,1
2367,4628,0
131,18715,0
10244,94,0
13988,15191,0
2118,842,0
20145,83,0
11210,4628,0
15930,73,1
6677,9005,0
12174,17352,0
22466,94,0
20744,29,0
11642,76,0
112,16676,0
10568,14013,1
76,86,3
12222,7883,5
17516,71,0
17503,9037,1
15668,7330,0
108,15660,0
6,891,0
10307,10568,0
29,55,3
29,51,4
10409,20518,0
566,94,1
15232,7745,2
16031,9106,0
17305,9070,0
3080,9271,1
19478,2963,2
18550,9460,0
112,1941,0
20329,4878,0
11253,19,1
1360,3,0
10568,19058,1
13989,17503,1
112,20464,0
17305,5405,0
10568,11448,0
14096,96,0
136,9037,1
12660,18577,2
12745,5,3
17503,9145,1
10909,94,0
77,9999,0
17950,8789,0
12037,18314,0
112,4813,1
8150,94,0
13,9007,1
61,6790,0
17785,6790,0
131,8219,1
4628,5969,0
0,142,3
14272,7554,0
18449,4628,0
19744,8789,0
18746,8789,4
131,7245,7
41,77,2
14172,2853,0
3529,8789,0
20904,2693,0
10042,15420,1
10568,3465,0
10361,94,0
14170,18746,0
27,3,1
13,2260,4
1273,2846,0
15136,8984,0
19710,4372,0
3653,6677,0
14272,3311,1
16979,4658,0
11718,835,0
11388,15856,0
26,493,0
26,492,0
17516,9777,0
1,15492,1
21930,58,2
17503,8789,5
21469,65,0
6731,8622,0
10568,17025,5
18746,4310,1
1444,20013,0
110,1394,3
19434,61,0
1513,15827,0
10781,3971,0
102,15856,0
17305,3803,0
65,9266,0
13,6353,0
12305,133,0
11688,14567,0
12252,8813,0
20231,47,1
21752,6540,1
3432,83,1
1,44,2
10906,72,0
1,41,1
15292,6437,0
17503,5001,5
94,9802,0
13308,2517,0
6677,8514,2
132,6677,2
4728,5280,0
1765,4628,0
19706,61,0
3971,7292,0
5536,6462,1
16985,1928,1
12,7830,1
110,12,4
15492,76,0
8254,83,4
21146,586,2
4072,83,2
16394,94,0
108,3453,1
112,15958,0
136,7830,1
10568,15736,1
18609,26,0
18106,2478,2
16535,17305,1
12542,131,1
11713,20420,1
131,15805,1
13420,14567,1
16402,58,2
10638,7018,1
18345,20516,1
16839,58,0
151,15292,0
15003,61,0
12153,3783,2
130,18226,0
51,6677,1
1057,14567,1
14865,19248,0
112,7245,4
11085,77,3
131,21112,0
10042,743,1
108,15704,0
21362,8862,1
116,14272,1
14674,1533,3
112,14537,1
14456,3972,1
125,16424,0
11764,26,0
17305,19076,0
22378,5280,3
17503,18882,0
12475,86,0
17503,4462,1
1396,222,0
14456,6677,1
1396,6504,0
17815,7397,0
11752,83,2
14865,8789,1
19,58,5
2478,8879,2
19,55,2
6017,6516,2
1276,83,4
12629,7719,1
1,21675,0
0,3,0
88,999,1
0,1,0
1674,8261,2
4570,6157,0
108,5536,0
8023,9291,0
51,5280,1
20420,9437,3
2870,3971,0
6082,6157,0
13293,8762,0
18916,5280,0
144,54,0
18075,92,1
11304,11718,1
11877,19134,0
17367,7894,0
1353,2262,0
148,29,0
13316,4628,0
19066,6665,0
12518,20879,0
1,11752,3
14297,5280,2
14174,8789,0
799,8468,1
11240,94,2
3972,77,6
6665,8324,0
12377,2118,0
5331,7322,1
16935,9582,0
10568,5060,0
133,19208,0
1,17396,0
15306,71,0
11085,13654,1
8288,8514,3
107,1201,0
21889,7397,0
108,18750,0
13181,73,0
22126,9764,0
142,6927,0
130,15011,0
138,21021,0
15535,29,0
131,9970,1
5239,94,0
11841,6677,1
4896,7960,0
12552,18314,0
20931,58,2
10042,13654,1
10560,6677,0
2853,7979,0
131,15011,2
19,2811,5
58,743,2
131,15017,0
10042,19908,0
11711,18314,0
18828,5994,0
125,5536,2
12037,139,0
13034,21463,1
77,9544,1
4701,6130,0
5093,6423,0
108,7842,1
12020,14272,0
108,7841,0
17316,7979,0
14755,77,0
18540,20518,0
2811,3901,0
15492,6,1
2229,84,0
131,297,5
14272,22378,2
10350,84,0
21360,6677,0
3257,54,0
20121,77,0
21866,54,0
22378,29,2
13480,20762,0
10345,1883,0
14674,7181,0
130,90,0
10568,22349,1
4910,63,0
14304,1705,3
14395,2260,1
3217,3971,2
1158,22206,2
14865,17150,0
13,17818,3
20848,8685,1
10568,5331,5
4787,7745,1
10568,9329,0
11781,16979,0
130,16789,0
14674,3190,2
76,84,6
12153,8813,3
18246,5001,0
10239,3577,0
21244,8040,0
20420,6677,8
131,7105,0
20518,5059,0
18524,8879,1
19,20638,0
16718,21608,0
108,5225,0
112,9777,12
110,71,3
14184,8,2
4628,6795,3
15336,21699,0
15842,20518,0
20762,6157,0
18828,4494,0
5071,58,0
14009,77,5
10568,20093,3
1588,18314,0
10495,12236,1
11798,20420,3
13977,20518,0
130,4081,0
13,9037,2
110,77,12
71,77,5
21019,26,0
1253,47,0
133,2676,0
16864,65,0
20518,20752,0
1615,354,0
21565,98,0
3093,61,0
131,7749,0
11339,59,2
0,133,1
17367,7892,0
12519,14865,1
13611,14567,0
15209,84,0
3989,6,0
10568,20897,0
1019,142,0
2018,65,3
1510,40,0
17503,19860,3
136,14009,3
1408,14567,1
4519,5280,0
14680,17305,0
12466,17305,0
21752,4845,1
17305,18372,0
1689,54,0
4161,5841,0
15,920,0
21727,61,0
82,83,0
22401,94,0
10543,20931,1
12222,26,2
14365,4628,0
8685,9567,0
13472,17305,0
12144,9643,1
26,8882,0
12434,40,0
2846,5782,0
17305,8131,0
16926,34,2
13623,1875,1
1353,20018,0
11701,17047,1
20981,2205,0
2478,6677,2
17807,7506,0
11301,2516,0
107,110,4
1705,933,2
12168,94,1
14567,871,3
127,130,0
13878,17367,0
7397,9265,0
16815,2218,0
15707,6157,0
12389,6180,0
11630,20247,1
1396,21523,0
12559,19,2
10079,111,0
10568,13827,0
20662,2846,0
17503,9570,4
19,19710,1
12621,18,0
14252,17,0
3880,83,1
15232,8814,0
18595,54,0
14537,71,1
21362,8789,0
1007,77,1
15537,3971,6
17367,4576,0
18314,2947,0
112,15940,2
1,20191,0
17807,7510,0
14567,3306,0
14272,2781,0
14227,17569,0
15806,8657,0
12,77,5
14272,16448,0
19,7218,1
13,17564,3
13468,7018,1
1377,16402,0
16729,17503,0
12629,4879,1
2768,5280,0
14102,84,0
14227,3800,0
10568,11193,6
21312,77,0
15965,3753,0
131,21105,0
11680,131,2
14227,18828,1
12519,1705,2
1,22378,2
16398,488,0
11752,22269,0
3800,5735,0
4577,54,0
13919,3376,0
58,6643,0
1,3351,0
14567,20615,2
10727,12162,1
14272,20548,1
11916,58,1
5280,9627,0
4628,8862,0
1096,13720,1
15535,65,3
1705,6627,0
16518,5752,1
11085,17818,2
20009,20518,0
14865,7979,0
12911,59,1
13593,7928,0
17785,2118,0
11240,13034,1
5054,9908,3
13468,18529,0
26,7797,0
10233,10568,0
14865,22215,0
8288,9341,2
10568,22378,3
1772,4628,0
10042,573,0
19860,4570,0
20951,26,0
13468,1705,3
18214,289,0
10929,19156,0
12843,1396,0
22309,86,0
6402,77,1
10345,16936,0
18075,83,6
6082,7397,0
1615,83,0
3638,65,0
12,34,4
3376,8468,1
6084,7397,0
16677,289,0
21446,3983,0
12479,130,0
15024,3080,0
2193,86,0
131,17975,0
11877,6550,0
18287,5863,0
108,18749,0
20937,77,0
3743,54,0
2846,8926,0
0,8747,0
5365,8657,0
6268,94,1
11004,15574,0
12460,9627,1
3829,7979,0
2497,86,0
11223,125,0
22050,2516,0
131,14537,4
10898,13088,0
17557,83,1
125,8159,0
17262,17807,0
37,4576,1
133,19527,1
6677,9662,0
1396,18314,0
3432,6791,1
2598,6242,2
13,1597,2
4232,5,0
17564,18368,1
11875,9684,0
47,9730,1
112,17367,3
18464,94,0
2846,6797,0
10470,22378,1
17503,5601,0
3465,7912,0
7330,978,0
18746,19593,0
13325,14958,1
7652,83,0
12651,18314,0
630,7444,0
13393,14865,0
21186,7549,0
10568,18587,0
3971,5280,4
12750,8468,1
131,14449,2
11866,94,3
54,7614,0
13265,40,0
21457,94,1
14227,20563,1
21362,2932,2
8036,94,1
2132,5280,0
47,692,1
10677,133,0
110,7245,4
5784,6677,1
16982,7330,1
10042,58,8
11642,54,0
1786,19860,0
12222,15537,8
2118,6,1
19535,48,0
14272,4844,0
10279,348,1
18744,20190,0
13,1750,2
10,15084,0
6793,7883,1
5671,83,0
12226,18345,2
14537,3047,0
14198,19104,1
13831,6665,0
14275,17367,0
21078,29,0
138,8527,0
2932,9730,1
10568,21364,0
14272,8216,0
15537,22378,3
10042,11045,0
20122,7912,0
20475,94,0
19723,7246,1
86,90,0
10042,12845,0
11991,65,0
11304,7979,0
19478,20958,1
11901,6735,2
6445,6735,2
139,17866,0
570,7245,2
21908,31,0
21222,83,1
12635,18314,0
15191,7979,0
15034,5280,0
29,3418,0
0,6731,0
12865,6814,0
17267,6,0
18314,19477,0
0,12170,0
14567,21774,1
18484,48,0
4711,779,2
4238,7514,0
130,13149,0
112,6908,0
10042,3284,0
10568,21653,0
19710,9777,1
1513,2132,0
17807,4198,0
17436,17503,0
54,9582,1
16059,61,1
1,12915,0
15965,58,2
13420,19,1
108,8473,0
10,17807,1
2118,5177,3
5070,83,2
2118,5172,0
11698,16423,0
10183,16082,0
16046,19,3
13715,15035,0
107,22080,0
4562,6677,1
1276,20762,1
7324,9220,0
12222,5001,3
12519,17975,2
14009,18629,0
112,2947,1
1254,17785,0
131,14396,0
13379,18314,0
19,30,6
18314,21481,1
12222,1705,10
12903,94,0
131,17367,3
15704,94,1
2963,65,0
18,79,0
77,9310,2
19,37,1
1864,871,1
108,29,6
16807,5280,0
15914,3043,0
17738,83,1
19237,4477,0
1705,58,1
111,5536,0
108,20928,0
10584,5280,0
26,9172,0
1770,4628,0
15232,2846,3
14227,17917,0
1,14184,4
11124,40,3
1166,13574,0
1,14183,0
7397,974,0
133,13830,0
15504,5677,0
10812,71,0
108,7444,2
19328,4202,0
61,795,0
17721,77,2
17807,7509,0
16567,19,1
17500,5280,0
1880,94,0
138,17721,0
21148,61,0
131,3972,3
14250,9366,1
14272,3282,0
14567,17300,0
21469,8023,0
14272,15262,0
1944,5527,0
20518,3136,0
14567,6493,1
26,7183,2
5280,8491,0
11085,58,6
1071,20518,0
22314,5280,0
7330,974,1
5475,83,1
1,830,1
14865,15071,0
2944,799,0
17503,20752,3
16423,2743,0
10345,2811,0
16518,94,1
12967,47,0
14013,22062,0
13510,19212,0
13079,6157,0
1229,14272,1
13623,61,1
10,65,3
10279,14126,2
65,6885,1
21224,6136,2
10042,11006,0
11916,12829,1
12389,70,0
18013,83,0
14396,65,0
10495,17503,1
17305,21481,1
1987,21761,0
17503,9861,0
11036,7979,0
153,30,2
10679,133,0
138,21313,0
19847,20845,0
10568,17047,3
18314,4320,0
10470,10568,1
1705,9985,0
14567,3362,0
12025,6586,0
19,22296,0
14771,18314,2
14184,16229,1
108,3017,0
54,7530,0
10568,11701,2
12153,4301,0
11841,16541,1
14656,5485,0
10042,11382,0
19104,2538,2
3452,9291,0
14272,9509,0
5009,94,3
14674,1875,1
1,3844,0
109,17,1
16541,6677,3
13998,19,0
1705,5280,3
5177,61,3
16800,77,3
19710,40,2
16919,18746,0
13420,8789,0
18368,58,0
13490,7701,0
14272,20148,0
5280,754,0
118,65,2
15809,86,0
5280,753,0
5280,752,0
14539,17356,1
22013,6677,0
10183,16496,0
18940,37,0
18609,57,2
15361,18069,0
340,6677,0
108,3102,0
14567,16944,0
17305,4481,0
18575,5177,0
19122,5474,0
26,6999,3
15601,22296,0
14272,22319,0
10856,12911,0
1133,19728,0
19,8,3
37,5894,0
131,17763,2
14449,8544,2
10991,59,0
11165,17503,0
17491,18609,0
0,84,4
14567,2811,3
19175,58,0
14567,7979,1
13032,72,0
14367,4628,0
1200,5009,1
17935,5641,0
112,12066,0
15397,29,0
10568,19148,0
14015,17503,0
100,117,0
10568,5825,0
14865,20752,1
19316,3800,0
21887,3376,0
1533,7501,0
10568,18020,3
5070,7330,2
15517,21063,1
107,34,4
2765,5280,0
16982,6560,1
15541,2811,1
26,6205,0
131,14272,3
3,37,0
15940,29,2
116,29,2
13791,6241,0
1517,9777,1
12621,9643,2
10392,15101,0
76,7624,0
10648,18550,0
131,9147,0
2538,5280,2
4846,9777,1
14272,5508,0
14272,5509,0
2846,6303,0
10726,18314,0
22117,40,2
16590,17503,0
10568,779,2
17305,6790,0
10568,8261,2
12280,13420,0
18723,86,0
12701,142,0
2693,77,0
20477,72,0
19,6404,3
1083,92,0
102,17305,0
16046,16142,1
18314,6665,3
1126,1276,1
16651,18314,0
16854,58,2
14711,14865,0
108,9583,0
12847,17447,1
47,6540,1
11339,77,2
58,8194,1
20615,3744,1
11441,399,1
7875,83,1
11437,17503,0
12990,131,0
130,15856,1
16175,84,0
19710,20853,0
14272,6589,0
2018,297,2
17,21556,0
14674,83,9
13610,83,0
14272,2087,0
131,3939,0
6896,9990,0
10242,9777,0
13673,66,1
11752,21146,2
13420,7364,0
15574,3169,0
5,9341,2
11482,17305,0
10568,409,0
10095,15645,0
14567,19,11
11769,4969,0
21930,65,2
8514,9437,2
12528,26,0
131,8179,0
112,12,0
15965,65,2
16590,7330,0
20420,788,0
3783,8813,2
16,54,0
13654,58,3
15361,9304,0
29,3683,0
14567,6550,0
14865,5001,1
12144,18314,0
10568,20236,0
13176,63,0
131,18468,1
21282,83,0
1,19,18
10568,743,1
15688,6677,0
16985,9777,0
20231,9777,0
131,5654,1
14865,6596,0
1517,7658,1
14243,17367,0
6832,77,2
13381,7833,0
5641,61,0
77,9366,1
11683,51,1
112,7070,0
102,51,2
112,7072,0
10,6404,2
12222,19104,1
58,9007,1
22270,6516,0
37,7439,1
10,11752,2
131,9310,2
11124,77,6
11710,18314,0
4447,94,0
13,13394,0
13858,83,4
21005,7745,0
18752,6677,0
132,13673,1
12745,5784,1
4628,9570,1
1285,94,1
22378,4523,0
17557,7330,1
15299,17305,0
3,5699,0
10848,77,0
13531,5001,1
1119,1705,0
6136,9777,2
13468,15537,3
18314,18730,0
13862,84,0
1326,5280,0
10042,14711,0
14171,18746,0
15136,77,1
18828,20254,0
11085,41,4
77,7885,0
13094,94,0
4969,83,1
13623,16059,1
639,86,0
15736,6795,1
11642,14272,0
11906,29,0
3057,7,0
22415,77,3
18746,5727,0
14227,8306,0
27,3685,0
18774,63,0
7802,84,2
13,8178,0
11900,21111,1
7181,7397,0
12352,19,0
103,65,0
16982,19,1
17807,933,0
6242,9730,2
101,17154,0
15509,6,1
4841,9674,0
5,6677,6
12660,94,3
4359,8813,0
18314,7624,2
108,16783,1
19508,5725,0
14567,2065,1
135,86,1
138,15292,0
100,13673,0
14865,18747,4
12222,17007,2
112,7455,0
14272,7429,0
10321,2118,0
1705,19058,1
17573,6600,1
9008,94,2
11028,17503,0
13109,7979,0
1064,11266,1
16703,20518,0
14272,9510,0
2544,2598,2
21449,7979,0
8288,9437,5
15306,16089,0
65,9727,1
15420,18746,1
111,7075,0
17164,19710,0
14272,6081,0
1408,8859,0
15361,17785,1
11240,44,1
14227,21146,1
11798,129,3
1674,20523,0
13567,5654,1
1928,9083,0
17202,7104,0
1394,14009,2
100,14735,0
1705,17619,0
18331,18828,0
1705,9570,3
10568,7883,5
131,13696,2
22362,5093,0
19710,59,2
10345,21886,0
7218,9610,1
130,20250,0
10534,13,1
1771,4628,0
1,1724,2
15797,20563,1
14272,9608,0
65,7292,2
12423,4787,0
6677,9437,9
10568,1483,0
13,14717,0
12222,17047,2
30,65,4
1068,54,0
37,87,2
14160,9777,1
111,22117,0
15538,8684,0
18314,829,0
110,14272,1
77,8685,1
18538,26,0
131,16800,3
18730,9777,0
14865,17503,6
18314,5372,0
19122,8361,0
13,1570,0
7322,9627,1
10345,3199,0
135,5931,0
130,18225,0
18747,83,2
1487,77,0
12144,6677,2
13947,8685,0
19993,65,4
18828,19478,0
14272,9777,4
6677,999,4
14865,19249,0
107,297,3
14567,15081,0
10638,7017,1
17619,18587,0
3094,61,0
14272,20680,0
14272,1813,0
15383,18314,0
13418,4628,1
1525,4641,0
19916,7,0
19860,7330,2
3451,9291,0
18828,2516,1
1973,3017,0
10042,18286,0
1226,20548,1
12756,133,0
14250,77,1
21224,8468,2
20848,65,1
1158,47,2
1222,18121,0
16783,83,1
154,458,0
131,2326,2
3654,65,0
131,14647,1
40,8544,2
1969,2118,0
5280,9912,0
1,20750,0
1328,9271,1
16783,16985,1
108,4348,0
19509,87,0
0,18760,2
18166,21304,0
16393,18314,0
14272,693,0
11679,4628,0
14567,21371,0
15537,17047,2
3077,83,0
11752,18747,1
2296,65,0
10568,21408,0
12750,9777,1
10568,18424,1
21342,83,0
14272,15710,0
13989,6516,0
10568,21791,1
17888,29,0
22378,2511,0
14735,88,0
131,13853,0
483,77,0
14376,2846,0
10183,10715,0
112,1254,0
4368,94,0
100,999,0
131,7067,0
65,8685,6
30,55,2
11320,83,0
7439,9777,3
17859,2018,3
11900,7745,1
11900,7747,0
15361,19744,0
3972,7245,3
18747,19,2
1006,17164,0
63,8742,0
26,2811,0
315,6157,0
10591,6677,0
11699,16423,0
1396,5536,0
131,8544,2
130,7251,0
11038,7979,0
19710,9014,0
16952,17917,0
10042,18356,0
8288,999,3
4340,84,2
5536,87,1
15232,3644,0
14885,20638,0
1285,21463,1
14272,5468,0
12222,5280,7
14567,20171,0
133,15519,0
17,3972,0
12222,9291,2
14126,58,0
10183,26,1
5009,8701,1
14567,6560,1
2516,9830,0
10898,1096,1
11645,16979,0
19358,20828,0
136,65,3
10568,20752,2
5429,59,0
84,8437,0
131,1328,2
17472,7105,0
21971,94,1
13193,3800,0
14362,6,0
112,20616,0
10042,7774,0
83,92,2
20952,7364,0
3333,65,0
1,55,2
0,4787,0
10042,11987,0
12621,6677,1
12436,14272,0
11193,20910,1
5054,5177,3
17738,4149,0
22429,86,0
11936,7,0
12559,16142,1
112,7068,0
2118,9970,0
133,4340,0
110,59,1
6136,8468,2
108,17805,0
18742,7979,0
17164,5010,1
10,7745,1
20834,86,0
14596,19352,0
112,1491,0
108,20345,0
2581,26,0
1526,17503,0
5267,9777,1
11416,9145,0
18166,19237,0
14272,5467,0
15695,17503,1
14567,4652,1
112,18363,0
4628,7775,0
17305,22333,0
14227,18166,1
11900,18380,1
14865,15277,0
142,18781,0
19018,70,0
10387,17503,1
131,18867,0
13418,9145,1
4377,7082,1
739,8386,0
131,5225,1
4628,501,0
5177,9908,3
131,20464,1
481,77,0
19790,40,1
11193,13217,1
133,18688,0
3444,4570,0
10568,8685,1
20752,21598,0
58,7183,1
10042,7509,0
139,3972,0
18385,83,1
11124,7245,4
18881,20516,0
111,6441,0
1,15306,1
10756,6,0
31,9756,0
20943,7549,0
21394,7549,1
108,5177,0
0,8303,0
15488,18604,0
14865,16509,1
19,19728,2
15535,2018,3
11906,14865,0
12559,14567,1
10410,18166,1
12744,6677,1
6205,65,0
12222,5735,4
10568,18454,0
5280,687,0
17503,18815,0
59,8824,0
3972,8813,1
19,728,0
1,11688,0
3450,9291,0
108,20917,0
4879,8261,2
17859,297,2
1,5292,0
13962,61,0
10045,3,0
17,3577,0
13,22415,4
20883,5331,0
125,17111,0
1180,15136,0
1230,2254,0
1533,21935,0
40,7245,5
1,3823,0
21019,2118,0
11877,14728,0
2260,77,3
799,9777,1
65,6572,0
21200,4658,0
108,19154,0
101,9437,0
14197,14567,0
35,3971,0
17367,18746,0
6,93,1
40,7241,0
3016,77,0
17912,8,1
37,90,0
21490,26,0
15856,4238,0
13052,4628,0
10048,94,0
10345,16276,0
13903,31,0
1,6404,2
6402,65,1
13066,17861,0
8857,9627,0
20420,8288,2
54,9821,0
6665,9566,0
10042,17447,2
10568,1674,3
11124,14537,2
12981,3456,0
11193,7883,2
17564,77,3
1237,18314,0
112,12910,0
132,5,3
1126,16783,1
14272,22330,0
19839,26,0
16569,54,0
18754,20563,2
29,4146,0
112,17339,2
133,52,0
10568,4998,1
6795,7492,1
5264,9820,0
6082,83,0
12847,131,1
21478,86,1
21362,6493,1
12153,12746,2
11018,22378,0
86,8636,0
5335,83,0
138,9027,0
3465,8506,0
8468,9777,8
1595,22378,0
2185,652,0
13673,2846,1
109,72,0
12750,21225,0
13593,9516,0
0,22133,0
13092,131,0
1,19118,0
20643,59,0
14294,6547,0
13481,14567,0
21244,21457,1
12555,83,0
17721,22415,2
17975,3612,0
18106,8879,2
19993,6404,0
109,1215,1
1396,6442,0
107,13,4
131,15306,2
13,14395,1
15937,77,0
14272,8383,0
19,20365,2
11085,17232,3
10042,17058,0
10568,883,0
6,77,2
14316,19328,0
15198,77,0
11339,154,1
17233,8468,1
10345,1608,1
18378,8789,0
17305,3306,1
65,933,1
17503,5735,2
1958,739,0
5868,739,0
1196,142,0
7933,94,0
2883,3017,0
6759,8874,0
1119,16551,0
10345,18730,0
16929,98,0
5476,83,1
11106,84,2
11752,17807,2
10130,10495,0
12829,58,1
17951,18746,0
11874,9777,0
131,18368,1
10042,15312,0
8099,8813,0
10345,22126,0
12475,94,0
131,19569,0
11249,77,1
3191,3457,0
1353,17905,0
13776,3983,0
0,45,1
2018,3530,3
20828,7572,0
131,13997,0
17352,18166,0
3530,65,3
21362,58,1
111,11731,0
131,22415,5
1157,18828,0
4628,9600,0
21437,54,0
16757,83,0
15342,9857,0
18385,7278,0
14184,19,4
136,5225,1
11752,21362,0
17784,3800,0
17367,51,3
18524,6677,2
58,6820,0
7019,7572,0
10568,11304,2
4652,9730,1
3971,9938,2
15856,6896,0
125,14358,0
125,14359,0
10306,6677,0
11618,2005,0
12144,12153,1
122,27,1
125,14357,0
4310,8789,1
110,297,3
136,77,6
40,4813,1
2608,63,0
13715,15827,0
153,3971,1
15304,17569,0
133,13681,0
1,37,1
4478,8789,0
2585,8288,0
131,17356,3
17367,17785,1
7445,94,0
154,21362,1
19412,47,0
6677,8545,0
324,6677,1
14860,47,0
1064,14865,1
13111,7979,0
16680,3827,0
11911,77,0
15158,20518,0
10351,15306,0
15232,9437,1
16729,20518,1
10345,16277,0
131,3777,1
131,21143,0
130,14591,0
4663,94,0
18287,289,0
17859,8928,0
10651,8813,1
2762,5280,0
129,6677,3
10568,2762,0
14272,16482,0
14304,18020,2
108,90,0
20945,76,0
11304,21972,1
13467,7086,0
11879,6677,0
130,13242,0
11562,14865,0
14647,20464,1
11348,15856,1
11085,26,2
19,20155,0
15011,40,1
18166,18754,1
16926,77,2
14567,2598,2
27,6462,1
