10568,13134
11348,7514
1,6
2586,3
1,8
13593,3204
19404,37
58,8685
11339,11752
31,6792
11189,131
16241,8789
11256,14272
10720,15856
20805,6
17305,20344
17305,20346
12411,18314
7330,83
2900,9777
2118,4964
17752,9783
2712,94
1042,54
15856,929
4885,63
131,1336
7652,9728
19668,19669
12519,14567
21789,7701
20316,20568
154,22415
76,8216
17503,20285
11193,15537
10983,14865
5225,9777
19828,6741
21563,7
5280,9317
5,8099
1,3055
1,3054
14602,14797
5280,536
476,94
122,1530
18707,94
123,9852
26,3176
22368,8792
19566,2118
20420,5280
7718,83
4277,63
131,3016
10779,31
13617,17503
12434,17367
13292,13575
11285,26
1705,8408
17503,19091
2118,3972
17894,18314
142,17084
174,7443
10568,20910
11421,22378
10183,9857
21208,9777
10568,21352
10,1408
14625,83
15537,21119
12520,8196
2834,9627
15,151
13,17516
1160,18246
142,18760
1352,15758
16783,3671
13710,17807
15169,84
4764,63
19,6404
15,16553
150,5823
77,9105
12469,126
1532,2939
19478,26
123,91
123,99
122,4150
21019,6677
14567,17299
1396,37
10345,21076
123,15690
1,9570
21839,61
2118,9963
26,4035
1396,622
10150,17
11485,13654
14860,6665
110,5782
14159,27
10568,13308
18139,18774
13420,18747
107,131
14567,18604
6765,8361
14567,8548
18747,7881
15184,5010
18747,21620
17305,1969
14567,8547
1,20812
3306,5527
10568,1127
12222,8023
18664,8789
14560,20367
176,47
123,12407
13714,3
4000,6241
108,9382
2811,9730
14351,18701
123,979
86,9472
11137,18166
20420,9437
131,7183
13,65
13,64
13,69
17785,51
15492,6409
15517,6912
19890,7330
131,2557
18747,2937
20660,22206
17305,3618
11076,14567
18489,5527
11187,19103
1,17807
112,51
131,7452
112,57
17503,471
17441,94
17426,7067
20196,3803
58,6970
18,23
20904,77
20904,71
14997,17503
12708,15
20814,94
17305,18730
13957,15856
17305,17906
14567,17355
16711,7397
14567,4719
13325,15
6491,8589
1750,77
6241,6242
19799,8799
17232,94
1353,17223
1353,17224
13506,9852
14160,9777
16046,8679
16487,31
12073,131
12629,5567
13498,83
12222,3484
3217,5280
19743,22047
4663,58
123,15991
11688,12952
16872,18747
14351,22056
131,19205
15517,15759
22415,6677
1132,2118
5280,5917
5,9437
21146,83
15361,17340
14395,61
13425,6180
5331,9627
12622,13
17305,7502
18314,4392
13,154
1595,5475
5018,5225
25,8194
3844,94
16533,20255
18609,4749
18747,22049
138,2322
108,11620
10,16046
1533,18075
61,9908
11877,834
10568,3971
19695,7992
10568,19219
153,7598
16100,54
21018,6677
131,16866
6340,8789
4071,77
131,3565
20518,8405
14865,7278
14567,3973
17305,5860
1497,48
13323,17737
1786,6157
14026,22340
1,6017
21911,94
14026,5934
10568,21370
1966,19860
14997,6795
15930,9777
26,5010
123,8839
17843,9788
13574,17807
5331,5445
13,19002
18121,4388
1591,21452
13,19005
17367,7741
10812,131
108,8263
3632,94
10568,602
13013,7727
13420,15501
10848,5680
10780,5577
10754,18604
14797,16046
2118,8544
2118,8015
2118,8548
14865,3571
13,15639
12628,19122
16046,21146
20518,2806
131,5170
5140,7140
13,6400
139,8518
19851,83
55,61
14674,9741
1,11423
22056,47
13,2232
13614,63
8813,9437
11249,65
13793,15
181,20280
15359,61
12952,58
15535,17503
17216,8265
6665,9091
26,58
273,42
12202,21119
13,5170
54,7683
54,7682
1007,22323
16188,54
12168,17650
108,13299
11304,20897
16046,16172
5458,9014
15926,22109
1928,58
4571,83
10568,1411
16982,19
10568,594
133,243
2326,77
21384,41
18747,2957
20935,31
19219,9502
14640,16496
17801,26
17503,18371
2118,5070
649,77
12756,6665
21887,9777
154,2260
14272,4340
19602,20726
1,17866
15361,61
1009,94
131,7436
110,12200
16046,4081
1594,22368
15291,26
16122,5530
13271,18314
16590,18747
14250,19205
10568,19004
1353,14941
11781,1864
15481,21394
13575,1705
19175,6332
19187,8634
4787,86
0,4719
1608,47
1126,6791
19673,94
14567,6421
14567,6420
14567,6422
14860,18314
14059,4628
11799,6677
5073,77
21556,72
19104,5280
1124,15173
15814,5280
125,1396
11520,138
11520,135
11520,131
26,5225
131,20969
18166,9480
20190,7306
16834,8762
11017,19122
15659,77
11824,83
11877,21451
10780,94
1009,7743
5217,5476
6157,9230
1705,19104
12911,2260
6677,6741
12631,7217
18747,4927
61,6221
20518,7317
31,8925
13610,83
13,15128
16979,20201
13,131
13,136
13,137
13984,6677
18747,527
4198,58
11920,18166
5683,7701
12519,8789
65,7292
131,21105
13,4148
247,7
3453,3487
15537,20752
20668,86
1451,7514
2249,77
177,47
15537,830
14371,14567
4140,7015
15509,77
10568,5257
10568,13453
15667,83
15823,18166
10568,9627
18747,5292
21620,975
11106,142
22265,7
10042,12117
7181,83
123,18730
15204,20473
16239,8789
11770,17807
12015,55
12520,83
13,19790
123,6659
108,6885
12801,19122
12673,14272
20752,4628
12142,7330
0,17543
14662,17807
17998,2118
1396,21208
16016,77
10568,3484
14694,547
1121,15
1396,7741
1705,22421
108,41
1138,18604
1398,5040
13308,13988
10927,8634
14567,83
1126,83
142,4340
11028,2518
1468,20752
19308,73
1875,6885
12511,31
2213,77
4067,6
3654,5782
18944,5972
18166,18355
7397,9230
12144,21738
22349,4998
1353,18314
15361,17063
17565,20293
22255,8058
4706,86
103,6402
131,21154
10929,14567
11562,18747
21187,6665
11447,324
17454,6665
18075,5475
14567,8859
22420,73
20673,9730
18747,19
8701,94
26,77
77,81
6472,96
0,21117
17866,5021
18314,7511
68,90
12506,2870
16046,6795
16046,6970
2567,58
17401,17807
6419,7397
10568,827
174,94
131,19435
10350,7188
16703,16850
14253,77
15081,16046
11875,16979
1126,7330
5,63
13,15011
19576,77
11272,11680
16979,8363
11680,19205
18971,4818
11921,18166
16866,5280
19602,5331
12397,16045
13227,1396
151,19104
17305,2383
14651,6107
22283,4185
14865,18747
10042,26
13,26
131,7141
57,94
16398,488
17785,94
11752,17866
93,96
12622,14567
17340,83
22368,6091
20420,21005
6024,72
15517,6514
16729,779
15668,7397
86,9597
16237,8789
131,3405
10482,15159
13365,15361
11028,7652
10543,58
61,659
10568,20726
19,7183
15400,17305
123,3232
14032,6
19789,7330
13673,6677
16046,743
323,6
15078,26
14227,17989
21362,2932
112,21751
1371,17503
12911,13
112,7439
2811,81
15704,8833
16046,18664
125,5844
34,77
21592,94
12222,1468
146,31
1126,7652
7169,8259
10568,16345
19310,83
1,712
112,16901
10568,6516
20190,58
22206,9582
297,77
16470,18538
15732,4781
20518,7378
14508,17565
4454,5331
14567,15933
14748,58
13617,7883
19304,6157
5863,6596
18314,1969
14272,297
11125,3846
14727,5280
20,6654
15858,5100
1396,16714
1396,16715
18754,20518
3869,86
14696,297
1041,54
15801,6340
77,810
21119,7735
21360,7745
14941,18314
12583,94
3266,77
20098,6795
14026,6114
13490,7701
17759,22102
11360,15361
12222,933
17990,18166
14865,2061
1791,19459
83,8510
16298,5475
20294,83
112,15334
243,2963
20171,47
17367,20511
1353,17905
16045,16575
1,2805
65,6689
123,130
17807,5094
5331,5489
15517,18915
17503,19232
11520,76
11841,14322
17807,6265
131,136
21186,7549
77,7830
22210,5331
2018,51
12155,13313
10373,10781
17503,20910
11348,130
12155,17410
54,8113
5350,77
150,6388
12916,6795
14567,16436
19477,2118
2192,86
19781,73
108,67
18166,823
108,68
15291,77
2118,9908
13,13328
12557,83
16518,26
17305,18430
18166,8672
14537,9777
20202,611
13654,17503
0,1664
13393,14567
11824,7397
7335,76
12222,19104
19,19478
12540,14567
6173,7397
6885,77
20845,5432
20495,5782
108,14537
12222,91
18166,9674
18166,9675
14305,86
148,16046
1581,3453
14567,3744
15481,4845
11963,7514
19726,83
6795,8789
20788,9291
20579,20812
12202,6340
112,19451
12222,15537
10568,15537
3810,6677
1533,6791
12519,18747
112,21927
14227,20518
16769,21112
18314,19989
7087,7718
12866,13
17912,37
18747,22200
108,19480
15212,15748
11680,22415
47,9019
15260,9777
18264,86
17712,7514
13159,6157
15021,76
19860,7733
6791,7733
13136,17305
17503,17657
8216,9777
14449,15361
76,9
63,8514
18663,68
1068,15930
3315,77
111,1272
3298,6677
11879,18524
108,4062
103,77
11520,6665
18632,6677
121,86
12991,5280
5180,6665
18391,86
3047,6006
15408,5000
19860,2965
19,6560
3549,37
10568,14479
14865,1514
11874,138
22368,6211
22181,22368
13,16839
12788,84
5113,54
131,7830
0,14567
13,7188
20518,250
19,6340
11752,16046
17807,19669
1,58
21111,7745
14567,5792
17785,3303
13377,5280
1431,14865
3693,5280
18595,70
15492,83
18654,19891
13623,83
10991,14567
17807,2018
10217,83
21138,4060
14865,6422
13377,9857
20518,8803
18587,489
17989,18166
7745,8514
131,26
14865,22271
22378,4340
14362,6
14071,5020
12208,594
13,4453
131,8
16612,20845
10568,18944
131,13410
22102,8220
10568,11719
1237,18314
12519,17807
11418,9535
2118,7447
11543,84
17565,83
1581,9777
10568,6793
21384,9777
10568,6795
1180,26
15613,37
13013,13014
12745,6677
13513,94
18760,84
129,5280
4705,5280
14683,9291
123,13506
13615,6157
3906,47
22466,94
21084,22368
13201,138
131,17428
19536,5264
14026,2634
18958,2118
20171,6242
13155,21752
14449,22420
10785,1517
8150,94
13,9007
0,140
0,142
10353,14865
18747,6209
11899,5280
15091,2118
10568,12897
17216,5408
4518,7330
13980,5280
19434,61
13,6353
11688,14567
14567,804
15852,22368
142,19181
142,19180
17503,3971
110,13
15492,8859
12222,2125
3983,7359
14567,18938
131,15259
13420,14567
19993,65
10568,8628
131,21112
21143,2118
22378,5280
11752,154
15856,17712
14567,16035
1396,14085
11752,83
1170,3314
14680,18314
10373,3971
15214,77
12522,17305
13215,16783
6402,65
26,7292
6402,69
10330,15057
6,77
14641,17807
6,78
15429,16046
1955,7330
1581,3654
14490,68
1,18391
16982,77
3083,7701
1126,18747
18747,58
26,9172
77,9544
6,6404
18540,20518
18938,2118
16046,2963
14272,22378
14026,20356
13523,61
2118,22475
102,61
17564,18915
1272,9777
108,1166
17339,77
138,547
6,891
11689,7
6157,7540
21385,9777
18166,6960
13,18617
10568,4628
1019,13593
17305,9062
0,6005
3183,83
5010,6547
1588,18314
20201,834
22309,6665
135,7802
102,17185
7443,9186
17,8820
19,7942
14677,20518
12506,5331
131,4100
13793,3983
18166,22180
13477,61
2932,7
1396,20922
1396,20923
10,18636
274,54
13,17721
10257,125
12168,94
18314,21478
131,17395
16815,2218
102,73
1724,17707
14860,86
12621,18
15492,61
17975,20752
12479,17503
112,15940
16539,5331
15903,2118
12407,6081
18314,3789
6391,8194
65,9271
3177,8879
12037,17305
18747,21239
2977,4445
17503,835
5076,77
18166,6072
5280,9627
18166,8226
108,15057
12911,59
7701,8478
21076,6665
10183,18538
15519,65
18166,474
14468,8576
10568,11861
13490,17503
13560,2118
10568,5050
18747,19763
3743,54
108,18187
19087,4998
10350,12911
6460,83
17305,4320
14640,26
1517,9382
47,9730
12718,20518
22050,4462
11106,14603
21457,94
108,4749
0,12222
1502,77
154,7
154,6
16982,7330
20587,8931
14701,9999
1786,19860
77,853
4162,4163
14958,21146
17975,94
14026,19315
7842,9777
10972,14567
13159,7181
12588,83
1674,7719
14797,17998
21222,83
14184,14885
18314,19477
0,20352
0,20355
13,8194
11587,17503
3487,94
16046,19
45,86
18314,22117
15492,3
5555,83
14840,17726
17866,22415
108,29
110,77
18246,6
297,3998
16675,5264
322,6
17,18632
17,18633
17,18631
2040,8620
17564,9777
3076,77
16046,20273
1255,341
10568,2116
13,7829
16268,18747
18780,83
11765,94
2085,22368
10568,17047
18314,7502
108,3017
108,3016
17503,6340
10183,16496
5050,5331
3836,83
13574,6790
5009,94
15361,17556
112,1581
10290,18461
13607,87
18629,77
17766,8309
15965,16046
17305,7110
14397,9777
18745,7
11824,6157
20805,77
18575,5177
15543,22368
1662,9741
11033,15
15078,5811
14322,20495
14479,16238
112,20876
16952,8588
16046,6404
16426,3179
105,16046
111,16830
11304,5280
6410,77
16240,8789
18314,9062
123,17894
16372,18609
112,622
1618,5280
12829,2668
13,81
15198,54
11520,1396
13882,22427
5335,83
8468,9777
17305,6241
17305,6790
142,15689
18723,86
18747,5863
10568,19087
4061,58
1581,6402
18,84
18166,6188
123,4576
1395,22368
47,7361
58,8194
13329,14908
130,15856
16496,5280
2018,297
12329,20917
15124,6732
11482,17305
8288,9437
12746,8099
1630,7
15856,5140
15965,65
15124,17503
20647,21138
131,5782
1,10
14859,6665
1,19
10568,743
131,17375
37,7439
18364,20190
13596,2118
19122,7834
2118,3306
14865,4372
1,13506
1270,1396
108,5808
5339,58
14567,21015
22378,3803
4153,6677
6548,6795
18577,94
13,291
10,58
1615,83
10715,26
19503,26
18447,5280
12673,16337
10199,859
14567,17000
12911,77
18265,7
1083,14567
108,7183
14351,3983
145,26
10568,13020
17734,77
10568,13026
16128,2876
10568,16055
12503,19
11193,3484
1,953
17807,3362
5177,77
11677,54
14567,2119
13506,37
10991,6730
1517,3453
154,17305
10622,7
18747,4431
2018,8879
10345,14537
20176,324
16783,9777
12471,126
37,87
14733,15964
1397,17305
17,324
1662,9229
19526,83
18166,2239
0,15492
112,21861
1864,21371
2118,3994
18911,70
108,3204
20491,77
1705,18587
14567,20190
9008,94
5021,7266
4962,61
13,19710
14026,5990
131,2326
112,12434
12933,77
13,18403
16551,21478
148,18
1126,17667
122,12713
3112,77
14654,20537
19477,77
130,4238
63,8743
63,8742
17807,6259
4340,84
12222,5280
112,17050
14186,68
15,8915
14126,58
11713,6677
20752,6795
16046,37
1,43
16046,30
138,16857
21971,94
17503,7501
16711,7568
4628,6746
4628,6747
17367,297
18368,58
142,20632
19162,77
58,6346
26,6205
13269,7514
131,20860
11438,18747
10437,18747
13793,14567
3184,83
20889,65
14568,16302
11546,83
31,9756
20202,33
0,8303
51,9777
14396,45
1,7908
10568,17025
14063,6801
13718,756
18314,7529
16453,17503
17305,8216
13,376
10076,8789
5280,9291
13,16926
3016,77
1322,83
15484,20726
18747,429
14865,16172
12073,297
6171,6665
17564,19790
12847,131
1399,21967
12423,7745
17686,77
14567,1577
14865,2575
13465,7086
54,7882
5276,9008
21186,6665
141,8879
14865,571
12713,1396
108,8473
1126,1875
131,15306
366,7514
17305,3306
13332,2375
14567,18490
1196,142
10568,22270
16927,9437
11447,5
10345,22125
123,4557
19,7908
10568,4998
105,76
11028,1125
0,45
10568,153
14449,19744
2004,83
20155,83
136,19790
11781,14567
13716,8789
5102,6791
26,5280
17367,20346
11482,123
15931,7994
1,30
1,8033
15361,2789
1126,9728
6677,8545
14567,21385
6242,6730
1124,5534
10664,5331
14865,3438
11193,14304
14265,17316
77,9007
13467,7086
22429,86
11562,14865
15152,18075
14733,18609
16926,77
17503,21212
7397,7717
65,9234
15856,8293
18166,9281
13731,22368
12207,131
20917,4183
123,16469
10183,2115
12636,17305
61,7548
17503,7774
14654,31
138,22398
2247,77
6308,94
15535,83
17204,17503
12911,1481
6404,6560
10,20420
10568,13007
83,9889
14069,21005
10393,39
142,6721
20812,6677
1971,54
14567,4198
64,77
7188,84
13862,20518
13328,94
17565,26
17899,6846
3994,8239
16582,6700
15434,20247
8931,9730
12202,1705
1,6504
3906,9910
14227,2333
154,19
18000,22368
11840,3453
1,18747
16902,26
12325,17807
19710,94
1,4727
131,15466
20860,3063
1581,26
1096,110
1980,31
145,16475
6795,835
1170,12418
18,2119
12479,6795
17119,6795
12983,1396
11339,2260
10325,112
17707,6422
14567,21738
10353,22102
10159,47
19122,22178
12409,17866
1662,3189
15327,34
12155,13394
12297,13465
15184,6559
12297,13467
13,16489
14272,51
1,12952
16906,26
12013,6795
6063,94
39,9388
11423,14625
15354,3357
16046,58
6677,8288
17543,70
18870,9751
1126,19938
11824,16783
18609,6885
19744,659
5038,94
10727,18314
10159,12162
13987,37
132,9437
6574,83
20495,22013
123,3623
15744,8762
15932,21810
112,18588
20518,3179
13,5001
2965,83
16046,18769
13522,61
14567,16509
16620,94
112,15534
2493,4449
1928,5681
14537,29
17359,3
13014,7727
12865,13593
18747,3362
11877,15445
15492,17367
111,6927
12222,18587
0,6504
13045,14567
10568,6016
3,6970
26,94
13,6730
14209,18747
14567,17637
11425,83
20660,47
17170,6727
12479,6549
4424,9170
133,16626
18747,9442
16386,2118
10991,1864
12291,76
1353,19063
131,15327
131,18769
19122,2042
51,61
12271,15932
10726,17305
20518,68
16045,16046
14892,22368
17807,8021
15327,9942
247,6242
11124,77
22368,6073
10991,18747
21444,6157
11955,17807
15869,9627
11799,20420
0,68
1,13949
122,20878
1,12545
1,16046
10561,6
17321,54
11439,18293
12519,20190
138,13961
6727,743
15552,17
47,7270
58,65
1019,142
10042,1928
10290,8293
108,20979
5223,8790
10651,8879
12819,5280
14567,6352
14796,26
84,86
15643,20518
1,15535
11418,6795
12202,17503
15632,77
1705,489
1502,2118
112,7141
19087,22349
16926,58
10,19
17503,503
14227,250
13,6500
12209,18631
15856,18539
16927,6677
20682,84
2668,6999
1431,26
54,9921
16382,22368
147,54
112,14114
83,910
18747,7706
15609,17503
1,21570
13574,61
1237,17305
16188,18314
2084,83
16711,83
18285,8788
108,5038
12222,15695
18166,3762
7802,86
16866,58
26,9296
3449,7701
12361,19122
13506,18314
19649,83
20944,3906
14865,16252
11689,2260
108,913
6286,7397
14490,18314
34,9271
15492,19790
14567,9730
5782,65
17,4973
14227,20016
0,15986
3,9095
1096,131
15198,3972
18266,54
11687,9777
47,6735
21005,6677
18604,20190
14304,83
65,69
3791,6560
1353,19477
11380,17866
122,6081
17339,7245
21506,3627
83,9265
108,5450
2846,5280
47,619
16414,21138
13269,7140
1396,20266
1396,20263
15361,4505
19938,83
11925,17503
17503,18747
15730,77
2238,27
13132,16046
17543,54
127,142
2846,8288
19955,26
11106,76
20023,9777
10726,123
14362,14865
15361,8503
134,324
19404,9777
16188,3
15856,19100
1353,17305
15914,2937
15011,6912
16496,16906
14880,5280
0,4340
9437,999
12381,13500
14272,14537
16046,17503
13,5629
11752,13393
12222,37
11901,47
17,4151
10727,76
20420,20495
112,16866
10664,16539
14567,5527
21385,4372
11464,20752
142,8544
15011,2118
14567,7671
5267,8468
123,2118
13616,6157
10568,7388
18663,20928
10665,8589
1987,20858
1525,94
12535,15136
11348,27
108,15572
131,1581
105,13506
17807,17907
136,2557
20988,488
13151,94
10568,13217
14839,77
12865,6677
15656,15945
4528,7
20093,22349
10568,30
136,1928
11770,1864
17419,18166
16996,6
131,14696
17503,18020
14488,14567
11228,17905
8107,86
108,486
14771,86
7942,83
83,8410
83,8413
13593,17084
12535,136
17516,18747
153,7292
19695,6107
110,12990
112,4846
15361,3745
17323,9777
19215,73
11438,16046
10568,933
2878,31
13,19162
1096,19469
0,6081
19728,6677
25,26
14865,9086
5463,7514
12424,15914
18590,77
21281,6
17300,18166
51,84
6458,7652
20284,8789
13591,6157
12564,14567
4628,7701
13506,14567
18020,37
17305,18593
18587,6795
1398,15212
10183,9367
10,5280
16703,31
112,2992
10568,2834
10183,859
20944,47
8254,9419
14908,4940
131,9027
17305,3853
17305,3856
17305,3857
17305,3855
26,4663
18167,6665
17047,6516
13308,17503
1009,16475
13556,7701
16590,83
16590,82
125,13318
1396,9443
15732,4038
10568,7719
13269,8293
19745,76
4702,7397
22368,4811
17924,47
83,975
13100,19122
11874,9111
18952,3
14272,2018
108,3089
131,6912
1533,7501
112,6343
1353,15011
503,8653
14984,19206
12006,131
16845,83
15930,18246
11772,76
16091,54
20180,8688
16172,58
12703,22172
13,15136
18424,5331
15351,6404
1581,64
1581,65
17491,20231
14865,6282
19828,6677
21230,76
19,2061
19,2060
1,3306
10350,17866
4119,83
20883,5331
18166,18746
21186,22206
5331,9362
13,16447
19980,86
10568,11374
22047,61
142,7802
9852,99
1170,83
10568,9716
148,73
6820,94
14567,18246
17807,6504
15856,22109
10727,20231
13512,18314
10936,20518
9265,9519
15856,2038
11087,17503
14272,17367
16188,17305
1479,86
2119,83
14026,7841
10004,22368
2544,9730
16046,91
16927,18524
112,3453
1179,6241
142,2979
17077,488
10568,7018
10568,130
10568,7017
11370,94
19744,61
17339,9777
14676,6404
21138,2493
11439,61
1068,112
21721,3
16584,21752
1705,4628
19091,21533
13743,5280
131,20152
40,41
6791,83
1,894
10015,83
1335,297
14362,9777
12703,16238
36,37
108,18781
14865,19860
153,58
5,8288
20660,4845
61,7274
18747,21064
11804,14567
18747,4111
14567,2963
14567,2964
18747,19401
15535,17367
4006,7
14184,2061
142,21322
14808,27
19175,7749
133,86
133,84
17305,4576
17765,20778
3177,5280
1237,1276
21013,27
15709,73
144,2804
14200,94
1,16229
22206,47
11711,18314
5217,5314
8259,94
0,29
2560,8468
15642,17503
13230,61
26,6820
10568,9362
18604,991
138,13929
10568,489
13465,15504
9479,9777
15204,7719
150,83
16127,8293
10042,21026
10651,6677
5667,9437
1705,20264
17667,61
17807,9086
11106,795
1597,77
17731,6
3258,61
131,5709
11128,112
10042,4795
1525,9008
18,243
15517,22080
18538,493
13,6543
86,9281
10,20190
17305,18314
20093,5331
13843,5217
15481,21752
14567,8931
14567,8933
12373,1396
2118,2632
5177,6
14537,7245
14272,2254
123,3306
14588,18747
12552,77
18747,21296
17483,20795
108,112
12202,6795
108,13409
3310,94
2002,63
3204,61
1,9852
11764,58
10350,6730
12962,22102
11680,13
21752,47
16866,94
17503,1993
10568,7731
14865,19479
131,19993
13252,17
1533,83
112,15605
16940,83
14958,16046
18747,781
5280,9570
22378,6677
12509,2723
65,743
10568,22378
21079,83
2497,86
14506,14984
19824,77
1098,54
11494,63
3667,94
18707,7401
14056,17503
17503,22011
488,8271
108,11715
11028,8653
15259,8657
10568,4879
14009,4124
11600,15273
5060,7883
10568,5478
25,9190
16597,1750
10568,9779
2526,61
11304,12222
12033,86
14322,8879
15759,17395
13795,77
14304,16046
6279,8687
14026,5808
20420,8025
18018,6795
65,8685
13159,83
18371,22368
2682,83
11529,126
19205,2557
0,12647
1514,18747
13058,7979
108,20858
11876,16979
15268,3633
112,15599
15492,7455
5375,63
14601,15930
110,19790
14026,19773
15501,5010
22378,3298
21310,2213
20518,8900
17232,65
17503,4239
14243,18314
10252,20568
10,6677
13811,987
10159,21752
12,17367
134,9437
139,37
130,779
18587,7979
1132,11934
5045,7514
65,6820
3,73
10568,5735
17998,5170
18634,61
18747,7330
10568,17534
21243,22368
17462,22102
1371,58
18314,9635
17305,20666
10568,16624
5782,6677
14865,5863
16541,8878
1273,3298
54,7802
1705,5001
15078,17608
19122,4588
15275,26
3116,77
14026,6721
18166,20712
31,363
20931,77
11562,14029
108,7319
13060,5530
13506,6404
29,68
108,9565
29,67
20536,289
14108,21971
10781,7323
12655,779
1,18246
11553,26
1490,20752
1654,17861
20294,7330
16298,83
15736,17503
5280,7745
10568,1527
13801,18314
11934,2118
21514,77
1718,18314
22378,84
14400,2493
12588,6404
20522,36
15856,4077
10568,20988
123,1408
15361,7167
3351,58
7488,8789
21773,94
131,3064
21102,22368
10568,12629
17305,18088
18314,4964
13513,3632
17763,26
13673,7745
131,5729
10351,3
10568,2870
10,22415
22109,4238
1126,9942
20897,6795
18020,83
14567,2201
18894,63
15535,17807
125,16106
10991,59
12519,20752
1753,7
11933,6730
6,6504
14567,17866
16613,9777
13506,96
20858,2594
11023,11221
3459,8
112,18350
112,18352
17503,6795
1,18803
1,18804
13607,6665
11923,18166
108,13468
1,10388
111,19001
14026,6918
131,1352
18411,18747
17367,7245
17305,19064
4845,9730
21019,7397
15481,22206
10345,3915
12249,86
6677,8878
6677,8879
15914,7706
17503,9086
10042,17543
2103,94
20518,20752
18166,4433
14701,7745
21011,27
16621,18314
16089,18747
108,594
6677,7638
16783,8448
2118,22266
6677,7635
6677,7634
6677,7636
15267,2118
15567,58
12167,19091
12479,6242
4702,8413
16982,83
17453,2115
17564,5001
2158,94
13435,77
6157,9265
2939,7881
11877,4629
2018,22378
13019,83
15930,73
10805,13701
6084,7397
17025,1705
15361,21660
15856,5045
12222,20264
14567,14958
10409,20518
11841,20495
4964,77
14567,247
14567,243
10568,21119
19268,47
16046,1736
17564,7632
131,22378
11918,18166
19602,20447
131,7245
10215,6677
10,10568
19710,4372
13325,19806
14567,5094
13420,17503
108,9788
133,5555
12676,20917
17073,17305
1705,3090
17503,21608
131,20990
20293,83
14184,18747
17707,83
12403,17807
17503,21469
12423,4236
112,7245
12631,14481
11438,17785
2544,6730
3,54
83,9942
13,13275
11354,489
19,55
1166,13
134,5
1,140
1674,8261
131,21063
154,15858
17137,18538
1,6700
11689,15748
1595,20010
859,9581
20518,8580
21889,7397
37,8255
10495,14304
2018,6677
15843,17204
13691,17503
21885,3
17503,7883
20084,7582
11023,94
3716,61
12057,54
21360,6677
20121,77
21866,54
15537,6833
6677,9005
111,265
16046,21094
7103,83
2560,9777
6279,8588
17650,61
15216,20
10991,16436
12696,69
17339,18314
18747,22034
13269,17637
17441,5276
14567,19348
15945,2118
1928,8194
15,9388
58,9570
17367,5225
15209,84
21220,7181
12635,18314
15358,486
14680,17305
10183,9384
10568,15695
15361,3589
12434,41
6677,8431
5475,9430
123,6993
15361,7004
15361,7001
15361,7003
15361,7002
142,76
1705,7701
2260,77
17565,18747
19743,20262
18747,8448
2018,612
10526,131
108,15964
20,20527
112,1954
13,17564
105,14567
112,16783
15136,58
59,9630
11680,131
18635,5280
22013,6404
16194,5331
18747,8634
15537,6016
16979,17438
11410,2118
6242,6852
4818,6510
16164,18747
11249,94
18075,83
15011,19728
16329,5280
3972,61
18166,22179
31,5803
13,22249
19710,77
5210,94
16046,17807
131,14539
131,14537
16952,20518
18609,19883
14865,17565
1,17503
10495,6795
14222,14227
112,17367
19770,7
7652,83
13574,8789
14490,8255
18747,18966
108,897
118,19806
16944,2201
17488,3
47,692
18,9062
131,3453
18557,83
20221,8789
133,8132
8538,94
10495,8653
15856,5021
15744,488
14326,14865
10350,16021
10568,21469
13015,18747
14272,8216
10183,16804
1240,351
12568,63
2130,22381
10654,9777
19860,9265
8867,94
86,90
260,94
18604,18747
11104,112
15800,6340
0,12170
1126,18020
10,11193
138,595
138,594
13,19396
17503,19478
17503,19479
11538,3983
11764,94
17752,6157
102,108
14597,22368
18895,5280
16940,8413
14814,5280
18,79
21191,77
58,9037
20420,3810
108,6220
26,529
10936,14654
1166,13574
17503,933
54,8643
10345,3253
13,6247
14567,6493
17785,2118
14508,20190
14865,15071
17503,20752
18314,4528
13325,14958
19104,65
11447,8288
14567,3204
15204,5567
1106,363
12389,70
10568,8261
10215,788
14567,4097
21239,5527
11193,17047
14253,16926
10851,131
17305,4000
17503,82
10686,11485
1328,18915
3,37
13416,77
14272,20148
11221,15704
16496,26
10,11752
22013,6677
13,14702
18609,19410
6677,755
18745,4528
3,4846
17491,18609
19368,9265
0,86
14814,63
13032,72
1496,61
14567,5856
1585,19407
112,12066
112,12067
15212,1754
15749,7
7020,7514
20726,22459
17571,94
12666,8263
16927,8879
1,17196
18739,8789
1183,16046
13,21239
133,2647
14567,19366
16783,7652
16046,7444
10003,2015
11934,77
19389,3983
11339,77
15361,9323
131,14071
14145,18166
10242,9777
18747,2061
17305,5833
11619,17924
18654,22053
19,74
21930,65
17807,2428
12947,9437
17667,83
58,6246
58,6247
13654,58
11901,20231
2260,59
18235,84
17853,6340
138,7425
12855,14865
10991,13
17503,745
10,6404
5294,65
18178,63
5074,77
12403,18166
18752,6677
1285,94
17557,7330
3,5699
131,15854
15736,6795
18166,9535
15136,77
1,8653
20858,2595
4340,76
59,64
4969,83
4719,9777
14227,8306
11902,18314
19790,77
108,21754
17807,933
17807,931
18911,4881
6157,8640
14955,18166
10321,2118
19790,5170
10340,22109
11876,4230
15361,17785
66,8288
11240,15965
3972,48
150,15520
1,10345
112,20333
21220,7397
16469,3623
6,83
15085,15358
19710,59
19710,58
19206,3487
2147,83
1499,15492
4303,7721
11562,19479
14756,7992
11934,19477
6677,9437
104,6677
17503,9912
1674,5567
15797,18166
18314,829
11688,13506
21391,5280
19789,83
10646,54
10568,1468
10568,1461
14567,2805
13186,9856
19213,9841
18747,83
10350,59
12144,6677
16046,17119
107,297
22368,8229
6,9278
16475,94
7701,9857
14567,4320
14567,4321
11752,6
14567,4328
19677,22368
2219,243
18915,19626
1969,2118
16783,16985
2965,4006
0,5678
0,5679
17785,61
22157,8799
10,20910
11320,83
20860,8194
11535,6
11764,5863
12744,9437
133,21754
1481,77
15,1882
10568,4367
17305,22117
6581,77
14567,14663
14567,14662
19167,26
122,15949
5009,8701
17503,489
10568,20752
13,7245
12542,77
14567,5583
22434,6016
5687,8915
19743,61
17807,83
1256,1374
12627,8932
10773,3901
10638,12911
5710,980
5225,77
11223,125
3311,9777
139,91
1,37
1126,19310
19122,7602
10,8
131,17356
2118,8239
6795,9142
1573,22368
2118,61
18747,6596
21916,4698
15856,376
7330,9174
111,6441
12631,8916
11602,13
14322,18445
15535,2018
14085,15361
1607,7701
123,15492
137,15659
21650,47
10250,18747
2015,58
1,105
2832,363
19989,54
108,20917
4879,8261
19478,7741
1,11752
1533,21935
21019,2118
4372,8295
13882,7168
112,19472
1,6404
18747,19955
10568,1674
1425,31
17564,77
1276,150
13393,18747
14537,3654
11485,58
16569,54
21494,77
20805,9014
21478,86
86,8636
6219,7727
11403,2118
1353,1502
15,19806
130,76
3654,77
13988,17503
18464,3632
14984,3487
1,13325
19066,6665
14567,21362
8194,83
16982,6560
1065,18314
12829,58
133,18688
628,94
1,12588
15361,9304
47,7549
12636,18314
6665,8324
21437,54
14885,18747
7321,94
10568,14211
12713,18314
11872,123
7019,7572
61,9096
61,9097
10627,8548
14865,16045
13490,4303
136,71
110,297
136,77
77,8984
14463,1966
16496,4445
14397,8468
10568,15221
108,1581
1,6970
1215,20176
108,6727
10568,2762
18249,83
108,90
20945,76
18524,6677
18314,3504
12222,18131
11085,26
3315,9777
15856,21977
15361,16763
2428,26
2118,8576
16979,7637
5280,5369
45,76
21974,6795
108,15659
12,131
12,136
11680,7
14373,94
123,2476
4176,6791
108,12351
15343,9431
5075,77
15856,18355
108,17491
108,7727
4303,7701
297,9382
11106,6665
11546,6157
1864,20171
13654,8194
20231,7245
12625,83
17503,9931
131,15011
12155,19602
11635,83
11023,7444
18747,3571
14640,16804
10568,1119
18560,54
10350,77
13,13726
20568,8
10042,16046
18909,94
15360,15361
131,18468
12847,58
14567,16646
12952,16046
14567,15517
108,9395
13425,70
11187,17
11017,18853
16469,2118
11353,26
10568,10663
10568,10664
111,18595
13793,1513
72,8500
1928,26
131,7447
105,2963
10437,3
4007,83
14406,26
13,58
13,59
68,7245
110,3654
10568,4698
13269,4986
16511,17000
17905,9156
131,2018
14851,5331
1342,17663
14567,733
136,17564
14567,735
2811,3901
13,17866
1481,59
19122,3655
6735,9777
17866,77
324,6402
10183,17137
17894,2118
22349,5331
112,40
112,41
1534,47
20148,9777
14911,19410
10410,4433
18,18747
601,71
15494,6
10654,8468
10898,131
11106,6
17828,20121
14227,22179
10568,2977
20331,84
13,6207
18445,94
12120,47
22029,2878
108,12161
17170,77
18121,6479
41,5225
26,4705
3906,9677
19958,2118
16046,20750
324,5
14865,18604
112,7226
21384,7319
20812,5280
13,7266
19821,54
19267,6241
4142,7020
2118,4000
14745,65
20754,7514
1,18965
14227,19308
108,21896
131,8852
108,21895
19162,6400
131,20931
64,8
18314,20862
12697,65
131,59
1525,7443
12172,13556
1525,7444
17305,4048
17807,6261
15856,17637
19175,5010
16669,3
17503,6548
17305,61
111,2813
1,11770
13654,4198
11485,8653
16940,7733
108,15358
16496,65
13858,15361
11422,22378
10159,11901
20518,2133
54,6462
10627,18
10568,10781
14568,7701
16340,17
17305,7245
4198,65
16418,83
17990,7514
1,2260
12073,77
17721,7188
19405,37
12732,136
107,77
13409,13593
14865,3362
2696,37
16979,8230
12120,14007
16489,77
19058,94
23,8
18539,779
18538,21880
1,7095
18747,5001
20518,5059
15057,18609
108,12985
7444,94
20568,94
10966,20791
18314,18962
10727,142
10568,13463
16061,17
112,13805
21971,3667
1928,9083
108,18663
10568,13468
8110,86
2429,61
11713,18752
21370,65
21005,9437
59,7830
13365,27
18106,6677
1119,17047
83,9419
15856,6438
19839,6400
14029,18747
11017,8988
1,12306
16783,17305
16496,16804
3298,8514
17367,9777
1276,7330
17720,77
19291,9777
14012,14865
3693,5510
18801,5280
20674,94
1,7643
11520,84
21746,6
83,8933
18747,8829
18747,8828
13593,2979
22368,8745
19122,6765
1126,9419
140,37
16046,21362
11764,15136
2834,5331
21111,6677
13961,5331
2375,7701
1,20750
17988,7582
3,6385
2118,9970
131,5367
131,5366
18314,18797
10568,18781
12569,63
12829,8194
5683,9936
7337,83
15517,3568
131,13567
11249,77
13269,15856
18747,21634
10146,7397
16575,17503
26,41
14567,4048
10350,13
2963,7095
2015,83
12588,18604
20231,21752
83,9787
5009,9748
14272,1581
10183,17801
13854,18314
7443,9008
20495,6677
16764,7188
17852,8789
15212,7
17047,21119
13617,6795
17787,6
19540,6
131,15535
10495,18604
13,77
13,71
17503,18587
15013,3154
131,19790
15537,1705
14865,6017
22206,4845
11483,2118
22091,7330
13593,595
108,11840
15361,21222
6241,9455
10514,112
17617,61
7330,9520
131,18445
1126,1533
17316,20588
17503,2518
7245,77
17503,2515
13,6885
16372,20765
112,1297
18539,20518
18353,19702
17736,2118
17807,21239
14537,19790
14567,2543
14567,2544
10568,14409
15011,77
15011,71
21063,77
13960,150
136,18337
15537,5280
5197,83
17503,20221
13862,26
15856,7803
19,22013
20171,3744
131,71
131,77
0,19527
150,7330
3311,8468
15011,21143
14508,14865
22102,8634
11945,123
15011,6677
15232,22378
12162,7772
18895,5510
16116,19477
18781,3453
13215,7397
10727,9777
18403,20805
5280,8890
16743,18147
11085,16046
18587,20897
13,5577
5672,94
10568,15465
154,22112
18730,7549
19860,21472
145,21244
10568,6727
13,145
131,20774
4197,8363
14567,19037
18314,9281
12073,13
18020,466
7087,83
15286,17305
6,8396
11752,6791
14449,6127
2870,830
131,14322
18261,86
11304,14711
26,3125
10568,18424
0,7444
112,14413
11348,18539
13325,20813
16731,94
10727,125
10568,5734
18314,18940
18131,5280
8099,9437
34,6820
1396,1588
22104,22368
17807,6409
20518,5130
17866,6
14908,19410
14567,18077
14567,18074
14567,18075
14567,18073
2631,77
10,14567
18781,37
3453,41
118,7302
2568,3571
3108,71
15933,6242
3453,5177
63,6677
15934,26
14674,6157
1393,5280
1971,5530
12479,14567
17066,19510
108,57
15204,20988
16046,8789
16046,16591
19492,9777
16851,31
1125,7652
246,4148
140,54
16418,20285
20518,4142
15856,3447
14819,26
1882,83
0,21904
1,15351
5,8514
150,17271
488,6116
2823,8194
17367,6409
10967,5280
19781,8518
31,8212
10586,26
11108,133
17267,6
5184,54
55,73
55,70
12280,2061
19212,990
138,18147
14677,16232
112,1517
2986,94
22465,94
109,15
21014,27
1,6646
11249,13
18357,83
1583,16854
19122,4310
26,65
16046,9923
1864,9945
4375,84
19304,20229
15940,6409
20615,83
22378,4786
1786,8220
11319,7397
112,21976
1182,14865
16210,7649
112,12701
10568,5120
131,15517
11060,9777
13453,16046
17807,4739
13,19
10345,6665
11124,7245
11437,18604
12207,77
18747,2963
18747,2965
14712,20518
17856,8789
10568,9159
15856,5393
5191,72
11642,17305
11171,20518
108,8918
1962,5567
4376,7701
11046,3
65,9912
8475,8762
13506,2118
10350,9105
14272,4080
1371,7883
1165,61
14567,4717
20402,5264
16369,86
7310,83
4628,8508
112,14396
3972,84
18757,3
1614,17807
61,96
61,93
14304,17503
1124,4700
1705,7444
12146,7
130,13506
10804,77
13540,86
18747,21845
5009,7401
58,94
18747,6
18730,6665
12744,3893
1,83
20896,22206
14272,17785
14560,19316
8685,94
37,4877
16318,94
10568,6835
10568,6833
6730,8931
2939,7706
13988,16046
619,9677
12678,18565
17503,4628
16418,18020
16475,8040
12142,83
6665,8073
6665,8072
18463,18747
19538,5264
1353,5860
1714,6665
14026,9689
15914,17462
2118,22305
17503,2375
14567,7436
17196,6404
0,10726
13531,1705
108,7245
16046,8
1864,2201
15361,19538
17047,3484
15802,8789
13317,14865
7207,9777
6095,7745
15507,17066
1396,9777
10338,16046
7245,9777
21119,6017
83,8509
19122,3595
10549,14567
18314,86
16426,17271
15615,7745
5577,94
40,9777
20580,21745
5530,9919
1055,150
1,2811
16743,17
0,14806
17503,8623
15361,2965
131,297
21019,65
65,94
13,14009
12490,72
12847,4198
17503,9535
108,73
18747,8862
41,9777
108,77
131,17066
16808,18314
14625,18747
16969,17807
17807,4142
13858,7330
15747,15932
1,1861
131,9536
937,9891
3585,94
108,12666
21239,83
108,12660
10568,3217
17077,8762
1353,21188
10183,9234
14155,14865
15361,709
13004,14567
11124,94
14567,3340
13886,16238
15987,94
1396,14639
15327,20969
13,2260
6795,9938
131,21144
15535,20511
14567,1614
21448,9777
11249,34
17807,22397
10773,18747
154,19710
12162,47
16046,6016
16046,6017
16783,17707
15818,16553
1823,6677
2518,6795
13574,22047
14304,19860
10568,6999
17564,9037
77,94
12611,16680
1966,83
14771,6665
13623,1875
108,3047
90,9788
1,11470
12,77
18747,8789
14026,14891
131,19423
10568,830
10568,10605
6002,83
11688,6730
19672,61
13,1928
3262,83
19122,20207
15011,19170
10568,18385
14872,6665
108,12865
22117,9777
13,14253
12153,77
1716,5475
2118,22117
2709,94
11263,58
125,19207
10336,86
18187,4062
16495,7829
13,34
4787,8879
13217,17025
18314,22339
10668,4873
10568,19031
133,20193
10568,5502
16590,19479
110,2018
10568,12929
3117,77
17405,68
151,4162
21244,94
10350,6
17405,67
10568,20530
150,22392
16453,7701
1,14561
1752,7
10568,18587
17305,5399
17305,5398
10568,20285
13410,4198
15610,16046
12509,6649
11832,13332
1119,19104
472,9777
12884,54
3530,65
83,8859
18166,9456
14184,15501
17503,20264
17807,19670
1231,6
14362,18747
21481,84
22013,6560
15492,96
11520,7188
10107,54
34,65
1238,83
10007,9777
112,15930
13232,6727
3971,933
18730,47
10321,13
6677,8684
4628,8789
14272,3803
10373,10568
108,3453
15856,7514
13,17232
108,11240
12434,14490
1,189
17351,83
154,19247
131,34
16046,9570
11187,12209
22378,4424
12221,18528
15455,26
14071,16769
18166,440
4321,6351
112,9777
20726,21352
10183,14783
131,18106
15306,18
18289,5553
13,4198
7443,94
8468,9268
20294,6157
10568,12155
111,19423
13949,17807
21460,6677
1581,324
15611,83
108,22283
47,9946
4022,9777
108,22289
14567,20673
108,18609
1705,2125
18314,21208
12423,6677
10290,3032
12629,7719
122,3
5671,83
31,3629
31,3627
17047,933
1119,17025
11674,14623
3040,94
14490,2696
15748,18403
20176,72
15517,9514
15537,3484
13159,14674
14463,19860
11682,13957
3632,7169
6721,73
627,94
17454,7514
111,14681
10882,2939
15540,26
5331,7872
1376,7701
21752,4845
11304,1705
18143,8789
1849,19710
11874,54
17557,7397
14217,7207
16783,19726
54,70
54,73
14560,17503
14567,21239
154,9014
110,17564
1,14958
21887,8468
17819,21188
131,9514
122,8081
11929,26
376,7266
29,9777
16046,9211
21208,29
11602,77
7652,8254
11100,6677
10495,1125
13,3628
142,17158
16541,18524
10568,16729
698,86
18793,19213
138,4151
20190,6
17298,26
17752,83
3323,84
19993,77
5475,83
13500,31
10568,7371
12179,86
8517,99
133,18658
142,779
3102,94
14567,8862
131,3568
17305,21295
17534,488
108,16032
58,7829
1,8279
15306,6
131,1517
6,61
17340,17707
57,9777
10568,211
14250,17564
13103,14490
19429,6795
112,21939
10568,818
15535,8859
17503,6259
21371,6242
3022,72
18314,1896
2742,71
19,2805
14272,21685
18747,27
108,19744
12975,2118
12470,126
21959,83
21944,96
21461,6677
1098,27
108,18293
1126,8194
16704,18747
19653,9751
19303,6791
3,8548
12865,72
76,84
76,86
13607,14567
17516,71
17503,9037
17516,77
19213,73
18747,2308
14443,70
1,711
1360,3
10568,19058
112,17763
17305,5405
15204,17592
13,18590
10568,9197
10568,20518
12037,18314
11799,20495
17785,6790
15,20813
102,3453
41,77
37,6081
10727,7549
11437,18166
14272,3311
1,15492
17503,8789
3627,5408
18553,4462
21119,6833
5009,7443
22303,7444
127,3905
16426,2859
1126,7566
19248,2570
20231,47
10568,779
122,3303
1,8517
22368,2695
17503,5001
14422,72
6677,8514
6107,8343
13,6820
7652,8448
11249,131
17711,2375
7140,7514
112,15958
1371,6795
15288,61
16530,17
2118,4081
11720,15537
21362,8862
11841,8878
123,13046
21948,83
153,6677
12475,86
10183,94
1124,7979
19160,77
1399,4528
0,21620
1276,83
14865,22200
11338,13425
131,16089
4528,77
76,9731
10434,18747
53,76
123,20083
10568,5060
26,9570
10568,11701
12222,13531
108,18196
10969,31
10568,22434
37,52
11841,6677
12503,8850
7134,8789
17854,8789
10560,6677
19175,94
14567,16920
4701,6130
16646,5527
5280,9832
3257,54
15,16555
15,16554
20898,94
15,16551
20201,4629
14865,17150
154,17517
19146,94
154,17518
20128,2557
12222,14304
10002,14865
2921,8589
21244,8040
20420,6677
14026,5943
18781,54
15361,5264
17503,4067
1,14184
17047,2125
13,9037
7207,8468
18747,2797
16496,2018
1608,9582
7,8718
0,130
0,133
7397,8509
1049,15332
10568,20897
17305,22476
2018,65
20333,77
77,7849
14865,8862
54,56
82,83
11752,8862
10213,125
1614,83
10495,17503
10568,20093
2711,94
18730,20231
14567,871
7397,9265
14773,86
18756,3
19091,9142
17807,601
10079,111
10568,13827
15494,27
1705,18748
14252,17
11124,58
70,9095
1007,77
27,61
108,7749
1233,54
16729,17503
5280,5834
1502,21143
58,6643
7979,8789
20812,9999
14004,22102
595,61
108,14506
10568,2125
53,86
11684,14397
5077,77
131,6402
7444,9449
13,20005
18314,3306
22309,86
6402,77
20298,26
1064,19248
14436,22368
1353,9539
8872,94
2193,86
48,4846
13427,13957
13739,17765
15965,26
131,19469
15748,7
1156,13313
15481,7549
108,17696
18747,22251
17557,83
594,87
19632,26
5553,58
2707,7245
12,810
14567,7942
18166,251
14007,14190
14322,6677
14395,17721
1,3259
3114,77
123,22269
10042,58
4963,61
123,22266
14328,7639
18293,18609
13,1750
3373,83
14537,3047
22109,7514
18,96
18604,3078
19710,9014
121,76
16944,2118
18355,7473
2118,2260
11900,6677
21752,9677
12975,61
5762,83
5225,7245
11439,6790
22368,9574
41,94
16783,7330
18747,8985
15965,58
13136,18747
18314,2822
14009,18629
144,56
144,54
154,18403
18314,21481
12222,1705
3,6462
131,17367
15704,94
3,6468
4940,8657
17503,5060
12933,3654
108,20928
17855,8789
102,68
12829,22368
17485,6677
17305,19477
10459,94
10431,17807
5577,9008
61,795
17807,7507
6242,6912
3,6793
18760,3
5310,54
5310,56
19756,22368
14672,63
10345,2811
153,30
1383,18166
17,18147
17,18148
11193,3217
18123,5375
22343,6
16816,54
17305,21481
26,830
22246,58
16866,26
1,1029
10470,10568
14771,18314
54,7530
11206,18747
10223,18314
18747,7979
10568,6548
10978,7979
10568,11720
1431,18747
15204,6492
14567,9212
10568,13581
17355,6730
17807,6822
10320,94
14567,16944
3568,7830
14567,16764
12202,16046
6665,9946
1125,17807
14567,20987
5280,9857
13506,9730
4657,77
17807,18769
6677,8880
17912,6730
15361,5067
1502,86
67,68
20945,6665
20221,6795
22154,83
1166,19710
4846,9777
15931,61
16711,1786
15361,18246
12675,7330
12701,142
20295,76
16475,17252
10568,4578
10568,4571
19387,84
10213,1396
7,8774
11106,133
1620,77
14674,83
19890,7
13330,14272
4845,7549
17954,9777
83,9741
14567,19
11769,4969
3719,6017
16979,4145
17912,18747
14272,29
1,12909
94,9449
108,20241
5045,7
12620,6242
2708,9777
20231,9777
131,5654
15940,77
6832,77
14322,18524
11683,51
124,83
15501,17503
12557,58
11905,14865
1509,2118
22368,503
3983,7360
11085,17232
3983,7362
3983,7363
16059,17667
18314,18730
18742,20518
13467,15504
7397,8221
27,3685
18774,63
7802,84
7181,7397
108,660
17503,21905
16464,83
127,76
8216,86
1,12409
15382,94
1,11106
20190,6560
41,7829
22013,3372
13317,16046
17503,20098
15456,7
16953,22368
122,18390
10568,7883
11485,8194
1916,2118
3022,31
14567,8353
18747,22271
61,6998
10568,1483
150,16426
1353,1405
61,6997
19996,63
14567,15889
17653,18634
108,983
3906,619
11124,131
13392,15856
18314,9070
10840,83
12933,131
19327,22368
1,4556
20250,779
21246,63
1158,47
10934,5280
13,18629
19860,6157
10568,16866
11546,7397
11354,6795
131,21526
13,18626
154,21362
54,7075
7746,8514
21960,83
14567,18489
14567,18488
10568,19096
10568,5567
18021,72
22378,2511
123,4562
15856,9516
105,61
7979,83
83,9514
20546,351
83,9518
9268,9777
15433,18314
17580,22368
17321,27
14711,17503
20726,5331
15511,18166
16028,18609
4148,58
16436,59
18747,4877
20518,779
131,17345
10473,5276
0,4787
15797,4433
20518,9813
2900,7270
51,77
11593,54
16126,7642
17025,17503
20834,86
13858,17706
11901,21752
13325,16554
16969,17503
18747,6574
14227,18166
3654,3998
150,3179
10387,17503
1353,895
131,5225
18075,4969
131,20464
108,19206
154,18285
7397,8413
16686,18747
19479,6340
16046,9040
6404,7330
12260,31
14243,86
14569,581
14958,6462
2309,486
112,14160
131,19839
1397,18314
2833,9230
3972,93
37,91
3972,96
19423,94
14537,9250
7169,94
109,4162
11769,83
1068,73
17807,18747
14026,6188
1931,9791
377,6
20552,8762
118,21930
131,14250
18106,8879
2065,9730
131,19161
10726,6665
14567,614
1595,83
142,4846
10568,5973
10568,5972
18,6
18314,8255
5280,7292
7727,7841
14272,9170
19205,20128
16244,17305
19,20568
17707,20638
14009,77
19535,6665
1,1408
15975,7701
1159,47
131,22415
131,6249
83,9230
83,9231
18747,528
83,9728
17818,77
16329,6677
0,20328
2018,26
112,20203
17234,17807
4077,7514
10674,6677
1655,7
58,6820
21208,37
10568,11304
17119,8862
0,18955
18166,9459
16046,27
16046,29
13171,15361
10568,11245
7445,94
14927,17866
4571,7397
1157,18166
1,16469
1064,14865
11253,83
17637,18166
20750,7908
19162,69
300,5280
8150,8259
15599,9777
17503,654
21309,2213
16046,9186
11339,18747
10938,5217
12222,65
14567,16511
108,13574
3056,77
125,21587
125,21586
125,21585
31,9815
11304,17503
6912,77
22047,7337
14567,17975
84,9777
108,19410
17305,21368
111,54
18166,5926
5276,94
7169,8150
4046,488
10042,5553
14537,15509
26,9186
15856,813
19181,2056
10727,1396
5331,7573
10145,2041
131,6006
16238,5060
18262,86
14865,2569
12222,19885
659,6790
15964,54
8955,94
11752,12519
11720,2928
19122,8988
14545,6
12559,17807
11543,3983
130,20518
26,2755
17902,22368
14865,21385
151,37
10568,22209
12789,84
16496,4705
21974,4628
10568,5589
17924,2885
5225,8224
54,5530
123,4545
14190,3773
20518,5131
16059,86
14272,20247
18489,19205
1,12553
108,13013
12911,4528
12155,1705
10966,15645
108,13014
15914,8634
10183,21142
10996,6
10666,5331
4969,6791
17305,9018
11674,54
17807,21146
17503,19637
26,5810
1,29
6791,7330
6677,8576
444,6
102,29
12498,1533
16729,20518
18759,3
6210,94
13,3369
130,18166
14184,16046
16081,65
14783,8874
20812,7745
351,7572
18166,19094
11193,1705
110,131
110,136
10350,154
15856,7266
12259,86
10,26
1485,84
12952,14567
13286,16046
65,8957
7733,83
26,8874
7639,9791
16532,17
5,6043
16866,65
16393,5527
18947,77
10568,12222
14322,15011
22368,3235
11193,5280
1335,17395
12154,86
7657,94
19,21362
10513,112
13574,54
13071,70
19084,6345
6,9595
17047,17503
14865,990
108,19086
13593,21322
21237,22421
17410,19219
3902,77
10257,17663
1559,7912
15125,18747
17807,4648
15306,96
15306,94
10568,5001
21840,61
17305,410
17807,20155
125,2512
131,19140
11543,2118
2118,6414
15306,18747
8150,9186
6730,9730
16046,2811
17305,7624
1755,7
154,17866
15856,4818
17503,18227
65,71
20793,4388
1255,13643
14026,7108
5808,7841
22368,2918
14056,1705
10568,12820
10805,595
18246,61
3113,77
14272,67
16933,22368
3143,83
6665,896
16232,7514
10470,84
17305,3504
16046,44
2379,5909
18595,3
297,3654
11764,8194
13186,63
10726,133
13949,14560
2515,6795
17231,20518
20518,20855
131,3998
19710,2778
125,1341
65,6727
321,6
10568,2633
112,15523
10350,11772
6678,9730
18796,94
138,15259
12222,17047
12812,6665
131,1597
13162,6002
18747,21385
11688,6242
17305,8247
11769,21146
11246,9627
112,3654
10387,6795
21385,2907
19860,6802
17503,20897
77,9601
14537,6006
7741,9777
1662,7718
14567,17912
17462,18747
19728,3994
14567,16394
14567,16393
3,898
12506,13332
15518,18166
108,12247
5001,9037
133,19077
1,9416
6820,77
1689,54
14816,94
10295,1353
13506,17305
1705,17503
15456,8198
13,8928
11602,4148
15643,18166
18747,4659
131,15332
11642,17367
18747,19479
18609,4184
16436,18314
14567,2932
6655,8007
11437,14865
18240,84
16035,83
22323,77
21384,94
11922,18166
18166,7622
1218,7514
19787,76
13556,17503
13022,6
123,13671
22368,6060
12280,14865
14449,15930
5716,94
94,980
18539,22109
17711,4067
0,74
0,76
17503,3484
16783,7397
26,9857
13,1849
12641,7
13,15332
112,3309
131,2103
26,5834
13,7443
10327,108
11750,8789
153,5280
14449,41
17182,4651
10147,83
13892,17503
123,7502
123,8630
20518,4794
10988,3629
2544,6242
1,11085
123,4971
13,2698
18166,8709
110,14009
15071,18747
19272,9777
11877,16979
2885,47
10568,7701
11482,133
6677,9779
21889,83
21472,7397
22378,7554
15136,18590
15611,61
10350,17305
16812,7733
17367,4619
17367,4618
1705,18020
20837,5841
1,11339
20754,779
37,3972
5527,6242
22368,25
112,9583
20518,20632
1931,7514
18747,3836
21478,6665
122,22095
17367,20945
10568,1705
14188,22368
15517,2957
16172,26
15880,18314
17305,829
17,20877
107,3998
10350,7671
1581,77
13,1614
12964,87
11221,8833
10534,9777
10183,9575
17,19653
1124,243
17323,54
2557,77
18663,9788
13,13793
16866,2018
1993,6795
47,7476
14567,2762
14567,6730
8833,94
17047,3217
12865,61
11106,61
122,19821
18233,84
107,15517
16116,2118
8792,94
12611,8789
17763,77
2996,94
1065,9777
18505,47
57,7183
17818,4198
21752,22206
13,9271
10720,7514
131,4368
14026,4781
16952,18166
17503,8755
1162,17
19535,6
10568,15055
18432,7330
1352,15320
6404,6700
324,4211
6677,8015
19122,6898
21311,59
13,13882
10100,8879
111,8433
14148,27
10954,1396
132,63
123,13801
15136,18747
18747,21050
108,14490
1674,4879
19860,83
13559,2118
15361,659
5727,6795
10568,5515
18747,6422
14026,19817
4462,5010
13708,18747
18747,19670
112,472
10485,14865
1371,26
17731,34
14567,4000
125,20320
11252,142
1160,15931
3532,6
10568,9938
123,16976
5280,9912
13718,16979
17,3022
14874,17905
10246,16045
20931,26
3627,9793
13338,1615
19162,19839
26,7183
503,8871
1928,7829
18505,19695
0,18
5217,83
10726,16590
12620,14567
0,10
10427,17137
131,18915
1,12519
15667,7397
16128,6279
20242,7526
63,66
4221,54
10766,94
5393,8293
7270,7549
2004,479
13118,77
14409,7719
14449,61
110,19469
13506,5527
123,1969
4028,83
14481,8916
12155,17503
15270,21654
16854,3654
108,1517
19738,26
131,5711
112,2982
139,19781
12173,1353
131,3654
11079,14214
10328,289
10682,133
12162,692
2118,3623
15856,3032
2118,8638
14567,1864
20171,2740
12222,17503
145,94
11040,8852
15377,9777
12910,19781
112,18369
112,18363
112,18362
112,18366
18380,6677
12865,138
5280,8321
16551,17503
6404,83
14865,16089
21523,31
112,22117
19087,5331
22433,31
1106,31
0,14159
17164,26
1179,4000
15535,34
112,6402
11835,5280
21437,3
14701,20579
6340,6795
18747,7826
17737,83
2022,4163
150,20240
20518,7562
1,16839
68,76
6157,9231
12392,16329
18591,6
1396,4613
111,18781
19710,26
15,4163
18314,9175
5834,9291
14865,22282
2557,58
7719,8261
10568,339
11752,14567
134,63
4588,7099
2118,7502
15,7302
4663,7218
26,3655
3,9595
2,20190
17807,19668
13075,7270
131,3406
15,15292
10,16496
2118,2365
131,3408
15856,9292
123,19895
10994,47
13,18368
14567,6241
14567,6242
4702,83
133,6411
19984,83
17692,7330
17721,6
18445,297
6665,7188
17358,58
19058,2125
17503,21633
1864,4321
14335,17316
17359,2118
15358,1987
1125,17503
77,9271
1,2963
16046,83
0,13830
626,94
20145,7397
11354,14304
111,17866
6678,9777
2118,5340
10727,47
5527,8933
8196,83
20180,8309
16055,22209
10568,7598
18575,2118
14537,77
15931,18246
20845,660
2005,83
10251,18747
12947,20420
21998,7
11630,15434
0,223
14958,16229
10345,12091
10345,12093
20518,21369
17305,18797
13271,16535
17861,21897
15152,83
3,87
1,8851
11688,17763
123,5860
112,9619
18822,76
17503,2965
18707,8701
1532,18747
12843,37
3453,517
12786,6665
1371,14865
20609,77
10568,17503
10568,14851
17196,7652
17807,17975
17807,17977
6665,86
74,76
17356,6912
10568,7919
26,7749
26,7741
12395,21654
18207,45
15361,16675
20231,6665
17785,3
11447,9437
18166,7841
15930,9479
14026,8852
22102,938
12137,5527
29,76
5197,7397
12626,22368
13,14497
51,8216
5042,5280
16352,51
1,20903
37,7643
1124,6340
130,3623
22368,2871
15695,20752
1513,16496
16979,2721
2118,3995
11247,86
1,12531
10080,7514
14253,17763
3037,94
14567,6560
1455,19
5078,77
11124,14009
10568,3448
19137,6017
11709,18314
18747,6860
16979,2185
102,18781
14567,2219
15856,7020
108,16372
142,29
10774,18747
2118,4775
19821,9777
13,16252
16531,17
150,7173
18747,8524
15704,3632
16535,18314
145,260
2834,6452
8852,9867
19990,6795
12498,131
18364,8789
133,17063
11105,18314
324,64
133,16625
15856,21019
10645,83
14479,6516
10568,17711
13,19993
1399,7
14508,18747
19122,20524
16591,19
1511,17503
19017,4077
18238,84
18730,2118
12322,17807
17252,21244
10217,18747
111,18760
5009,9008
108,17405
102,10568
18747,243
1215,17
26,8194
22381,83
14783,26
18774,9878
22207,47
1,3351
11752,14508
13393,17503
10042,9083
1958,739
0,11106
13,9380
10568,19602
10246,12397
14217,9777
11642,22378
47,7436
15668,83
69,77
19410,983
1875,83
12562,16979
10350,14567
15490,16046
15128,15361
17395,8224
15408,660
15232,63
12006,5711
63,8288
20420,7745
17367,3654
14537,17367
110,17367
17503,21616
108,6219
131,3283
18004,7992
131,8224
18365,77
112,3424
112,3423
17367,34
3453,9777
7436,871
11840,94
16128,8112
145,19710
581,7750
21938,7514
10568,148
16669,37
21138,4449
18314,19512
20896,47
13294,2866
108,17182
1269,6665
108,17187
15930,4015
15930,4014
10073,111
10866,17866
105,14490
0,13506
2710,94
12865,14567
1928,2668
108,20845
17047,743
3,61
19104,94
12701,4340
10256,9777
3955,7018
14567,3253
297,5019
14013,5331
20190,414
6174,6665
122,5341
4640,94
11423,83
17731,77
18187,57
1126,6340
15327,7053
54,7816
15244,19104
5295,65
2811,48
108,14984
16059,6665
127,18314
22368,4021
123,6274
5050,8590
108,438
21564,98
108,14186
15520,16426
7443,7444
83,8448
14984,3453
133,19980
10568,18125
131,17731
11485,26
19512,77
1253,47
111,275
16386,9200
7548,9777
15535,16046
19806,20813
12479,14865
15965,94
22102,8829
22102,8828
16801,20518
14272,15434
12406,70
12209,17
10736,133
20195,7168
11187,14252
3484,6795
21087,47
1,13420
15351,18747
112,20464
13,21362
1009,16866
131,18629
17503,9142
2201,7436
153,4799
12321,17807
111,11826
17491,19859
112,4813
18166,19017
17503,7470
10568,3465
141,20495
112,2947
2184,22368
14212,16496
26,493
17516,9777
10967,15645
7444,8408
16541,6677
17339,17367
22368,3107
130,2118
14797,61
10568,11030
17653,61
1124,17503
132,999
131,8693
15244,20420
19755,22368
15537,19004
21396,54
13313,18356
12,7830
14567,6800
17454,18314
11539,6500
13,17571
16535,17305
16864,58
15136,41
112,1942
112,1941
14865,19249
14865,19248
11085,77
135,45
17503,3090
19526,7397
4065,58
12685,19122
15535,77
112,1491
17650,6122
2118,2931
10524,18166
6421,76
10568,6143
0,3
0,1
14567,8524
131,16769
15481,47
14891,18166
12853,17503
10042,17807
3972,77
12964,19063
11187,16340
1,17393
8288,8514
17807,6938
19710,65
16979,20141
110,17998
138,21021
22316,58
144,9821
19122,3560
10568,13362
20989,83
14865,16952
63,999
10568,18711
12833,20860
5060,7701
108,7841
13558,2118
112,17374
108,11749
9095,9821
10350,84
10345,1883
10568,9502
10568,22349
1158,22206
112,2991
15361,18318
14183,18747
13,17818
10568,5331
15856,4986
20518,8579
18166,2516
6,93
10568,14013
11901,6380
20202,3191
11187,43
12153,6410
10994,86
11088,22368
108,5225
18731,6665
130,7514
5343,84
13435,15361
13989,16046
122,142
131,19728
131,17564
0,3325
83,9783
20472,5280
18604,3443
17047,18944
15991,18747
12519,14865
4518,83
13506,9963
4519,5280
1124,6795
17232,17763
14227,9675
13472,17305
17305,8131
102,135
131,676
18761,3
16238,21633
17667,6791
10568,3090
4797,9857
14026,9022
16553,18
77,8544
0,9115
10568,3320
21469,5280
138,18906
10568,11193
11752,22269
1834,18747
10727,12162
20860,21055
2044,22368
15965,19104
12559,8789
12509,51
15709,6721
19,27
1,154
12222,13308
142,9488
11187,16283
5010,7168
21738,6677
18588,9777
22378,4523
3,48
20014,77
19726,7652
18166,21182
14449,9777
16309,5280
14097,77
22368,4043
17503,4699
1928,20190
17262,17807
1786,83
13691,14567
16025,72
2274,47
11901,4844
11901,4845
12509,21019
1068,9479
1166,20845
112,12076
112,12075
112,12074
17503,6129
10015,3358
112,12078
19789,6157
4067,6818
3971,5280
47,4844
47,4845
12863,83
17,20176
18747,5215
10217,2965
17604,18747
11642,54
1667,26
2118,6
19535,48
3894,63
15601,77
19821,3
17305,7075
14567,19352
123,7929
123,7923
10495,18371
17667,96
1884,94
3791,3813
148,3
102,86
20845,2818
133,18657
19873,77
11587,1371
11901,6735
12222,20752
19122,22337
140,3
136,9037
20294,3143
15540,16046
47,9677
2118,5177
13549,20518
15492,2118
3177,6677
7652,8194
63,9290
14396,5280
11910,7397
14217,9170
7455,9777
10881,2939
16741,87
11674,9920
8915,9412
1705,5735
15856,17454
1,14676
1,11002
112,1928
15748,22265
16979,3891
15136,65
11085,58
19853,83
19790,61
3372,6677
131,15929
14567,16783
21148,6
20673,47
13531,17503
745,7701
11117,15856
183,63
3,3303
6,6081
4372,9014
13217,148
8109,86
1656,17861
11772,17367
16496,7292
10498,123
15536,17807
133,19352
14997,20752
16800,77
6800,77
15227,6
15748,17818
12703,7701
12829,1928
1583,26
14567,22291
6885,94
17305,4481
26,6999
19,8
4918,77
10568,1477
16927,4787
0,2831
16426,18166
6795,7470
15136,1928
11354,17503
11416,3083
2878,5408
10003,14865
6,6221
14160,77
1517,9777
108,13232
6665,7436
16590,17503
2260,7
2201,6730
123,17305
15537,17503
17692,7397
18314,6665
1126,7979
1009,21592
11338,70
18609,983
112,12535
10568,2920
21143,6665
10568,2928
13,17763
11587,26
138,8995
17367,71
18034,5264
8514,9437
15244,5280
17617,6221
47,6380
131,698
133,5566
110,12
14865,6596
14865,991
15856,779
8254,83
10301,22368
11972,77
14250,20232
6828,94
14865,15914
1009,145
13858,83
17765,19358
1511,20752
14026,4039
14567,4001
13217,17503
16188,2118
14674,9265
10726,15361
639,86
13,2557
17785,9304
1705,8685
12740,19122
10568,14768
5,6677
14567,2065
1068,3
153,26
2598,5280
18187,94
11267,18747
13574,20845
10183,8874
16046,489
15199,54
15306,5170
5280,8023
6820,9777
131,6514
16022,26
122,6462
13,20930
21552,9777
18985,8
20750,22368
19087,20093
18781,3484
15011,18314
10650,6677
122,15953
13,14717
13294,19083
1398,7
10639,18166
6677,747
111,4348
1256,65
19122,8361
0,10623
16492,26
11440,17000
19,20190
11267,14865
14272,9777
17488,54
13156,3983
15383,18314
18587,22421
18453,5280
3743,5530
16436,2698
20589,8931
16783,83
19309,6791
3907,47
3988,54
16046,7908
16635,6309
16046,7907
14567,21371
13440,17807
11752,18744
11752,18747
2296,65
1928,22246
11710,18314
133,18676
131,13853
10183,10715
21352,5331
131,7067
112,9826
12082,94
12933,297
18747,5583
15361,19744
17503,6818
11420,18340
3200,6242
15011,17305
3744,990
4162,8915
10568,14224
112,2900
14339,84
14567,20171
1705,20897
12535,13
19728,2018
11193,20910
136,65
22368,9423
5640,77
5170,77
2668,58
10146,83
142,2063
13823,26
5067,5264
8915,9388
8576,9908
15914,3571
1,6968
14567,21510
15940,9777
15013,18429
7701,9627
22378,9777
15695,17503
16854,26
20790,5280
142,18781
17899,63
11085,34
18747,6805
246,2811
59,77
17565,21634
112,2018
10568,8685
58,7183
11438,83
11619,47
108,15660
19308,9777
16046,4111
17,594
17,595
5280,681
26,9083
131,20001
5227,6028
151,1882
13293,8762
22100,4781
12965,19695
108,2818
108,15408
15269,2939
22282,6
16940,6157
101,9437
6,96
131,6656
1,586
3298,8879
15856,4238
54,9821
107,110
15490,94
17305,1944
18747,7643
19839,26
10568,11674
112,17339
13476,18747
489,6795
10345,22271
142,21726
11741,77
16046,19352
10328,13501
54,7646
15514,20464
10568,18862
15689,86
16940,7397
17508,2118
1514,991
108,862
10568,21654
12563,595
13739,5751
1,2061
12222,16729
19,5527
14865,17807
17503,5735
6802,7397
12280,20190
1119,16551
13,41
135,20977
16046,19975
19122,800
1875,7749
20464,5729
8789,9507
18747,2260
131,13997
5375,5958
21919,6677
17305,3638
14026,7582
13,17707
15342,9857
11440,14567
18461,31
122,15950
131,324
17367,51
15856,6896
125,14358
125,14357
17,9736
2608,63
123,7421
14567,21146
6172,7397
5264,8503
10410,18166
324,6677
16046,17604
15158,20518
17367,2018
14479,9627
10773,3641
14865,15642
17196,8448
4717,6730
2004,7522
