15361,16763
15856,8293
14362,18747
21481,84
154,6
14771,86
10217,2965
10,6677
123,16469
131,3453
2557,77
11642,54
14567,16511
1667,26
18557,83
0,1664
1132,11934
6791,7733
11824,7397
54,5530
125,21585
20805,6
15361,3745
11304,17503
14373,94
7330,83
17323,9777
1451,7514
108,3453
2834,6452
10393,39
10727,125
2900,9777
13811,987
133,18658
18747,7330
133,17063
15,19806
1009,94
1971,54
19728,6677
324,64
108,17491
14305,86
108,7727
8099,9437
13,9007
13,154
11439,6790
14184,14885
1581,3453
12424,15914
15481,4845
0,12170
41,94
17565,26
14508,18747
112,9777
0,20352
102,3453
15800,6340
15078,17608
10568,15537
10568,1119
18289,5553
22429,86
1126,6791
10217,18747
13506,14567
1,6504
5009,9008
102,108
7443,94
63,9290
18000,22368
16940,8413
18505,47
8955,94
11642,17367
14840,17726
18909,94
10,5280
14545,6
13949,17807
19104,5280
5,8099
13506,6404
1,14184
13159,6157
14567,15517
131,9027
19540,6
14602,14797
17902,22368
108,18609
123,9852
11901,47
1,15492
1009,16475
12423,6677
145,16475
17,18631
3743,54
11934,2118
4007,83
13269,8293
13,58
15659,77
11824,83
22378,84
13269,4986
3315,77
131,2018
123,13801
1119,17025
12983,1396
13,7829
17267,6
69,77
55,70
13,17866
627,94
22246,58
1396,9443
19860,83
12,131
13559,2118
108,13013
10568,17047
108,13014
5180,6665
10727,47
14326,14865
61,6221
1376,7701
10996,6
131,6912
5009,94
20518,7317
112,41
21469,5280
11421,22378
11874,54
17557,7397
112,472
26,5810
13015,18747
16979,20201
21208,9777
13,136
18365,77
10568,14479
15748,17818
11824,16783
19744,659
20121,77
54,73
13673,7745
11824,6157
15537,21119
108,20845
3453,9777
1662,9741
11840,94
13,15136
15078,5811
1581,64
17491,20231
21938,7514
17491,18609
108,12161
9008,94
3453,3487
13032,72
131,13997
18894,63
11416,3083
13718,16979
112,57
110,131
15169,84
131,15517
7020,7514
14160,77
19821,54
10073,111
15509,77
16927,8879
150,5823
26,7183
112,622
1124,17503
1532,2939
26,8874
10217,83
131,20931
5217,83
21019,6677
131,20464
16059,6665
123,15690
10042,12117
1525,7444
17305,4048
15856,17637
21019,7397
58,8194
4221,54
15481,22206
20148,9777
108,16032
1,11770
1614,17807
84,9777
108,6885
14674,83
6677,8878
6677,8879
108,15358
1,13506
10242,9777
131,1517
13,4453
131,8
17305,5833
14449,61
107,131
12746,8099
11422,22378
14209,18747
11438,83
11769,4969
16979,4145
17912,18747
14797,17998
14481,8916
7310,83
11764,15136
14567,2805
11901,20231
10301,22368
1479,86
1396,37
14859,6665
1,12531
22368,4021
2708,9777
64,77
20231,9777
7657,94
14865,6596
11543,84
2118,22266
131,5711
112,2982
10927,8634
7443,7444
19576,77
1126,83
131,3654
1009,145
13013,13014
4702,8413
14984,3453
11543,2118
17765,19358
10568,18125
3983,7360
3983,7362
3983,7363
1285,94
17557,7330
5009,7401
10726,17305
3113,77
18747,6
17305,7110
2158,94
16046,2811
13467,15504
11370,94
14567,1864
16872,18747
4719,9777
145,94
123,13506
19790,77
17785,51
12910,19781
7444,94
20231,7245
17339,9777
7652,9728
10805,13701
76,86
21084,22368
131,2557
8216,86
11439,61
14567,17000
18380,6677
14026,7108
20195,7168
11106,6
14865,18747
22368,503
1,13949
15361,17063
10321,2118
1,16046
10568,21119
41,7829
17367,34
6791,83
18187,94
131,21154
20171,6242
11439,18293
112,20464
619,9677
11562,18747
131,22378
13540,86
1,17807
1009,16866
14449,22420
18106,6677
6665,896
21187,6665
1119,17047
112,51
17491,19859
10568,7883
83,9419
1124,243
36,37
21552,9777
18747,4431
0,142
20750,22368
1971,5530
8701,94
131,7245
54,7802
1499,15492
18747,6209
18747,22271
11934,19477
1714,6665
3988,54
2118,22305
17367,9777
37,87
12506,2870
12708,15
14184,16046
84,86
16541,6677
17305,18730
108,1517
3906,619
2118,2632
11520,84
5009,7443
14808,27
18747,83
14797,61
13,6353
19710,26
14272,9777
15852,22368
20231,47
11875,16979
13156,3983
142,19180
18034,5264
15492,8859
22206,47
16475,94
1750,77
102,18781
3983,7359
5227,6028
17711,2375
1158,47
16783,83
13,18629
16927,6677
123,22269
7942,83
8259,94
16535,17305
11781,14567
2560,8468
13506,9852
16046,8679
112,1942
54,7075
7245,9777
112,7245
12631,14481
2375,7701
18021,72
11769,21146
153,6677
133,18676
13465,15504
22157,8799
18747,7706
1124,7979
5577,94
40,9777
131,7141
21143,2118
6157,9265
83,9514
14567,6242
12522,17305
17580,22368
13574,61
4528,77
12222,17503
154,15858
5,9437
76,9731
16704,18747
17340,83
14026,22340
14567,20171
131,297
3972,77
21146,83
3449,7701
14126,58
5009,8701
14567,6560
10568,20752
13506,17305
110,17998
108,18196
14625,18747
131,17345
11841,6677
2668,58
17998,5170
1,2963
3083,7701
5009,9748
61,659
16127,8293
14567,9730
25,8194
15260,9777
0,15986
15400,17305
14032,6
20495,6677
112,17374
19162,77
15361,7167
22378,9777
14272,22378
15078,26
18747,6574
20180,8309
17047,21119
13523,61
2118,22475
10568,22349
5177,6
59,77
131,5225
2560,9777
13,17818
21018,6677
6340,8789
15914,7706
74,76
15856,4986
131,19790
10568,21370
4142,7020
18747,21296
19479,6340
131,19140
13269,17637
12829,22368
17711,4067
13522,61
1124,15173
3143,83
123,15492
17305,9062
17503,4067
18731,6665
1,3055
21448,9777
11764,58
47,619
13,1849
22206,4845
21752,47
1532,18747
12911,77
12843,37
20883,5331
12162,47
123,20083
16783,17707
83,9787
131,18445
131,19993
13882,7168
15209,84
19309,6791
6,93
10327,108
1533,83
15517,2957
83,9728
12506,5331
7169,94
13574,17807
90,9788
22368,9574
22378,6677
11769,83
5010,7168
21478,86
15481,47
15361,7002
86,8636
14506,14984
14567,871
13013,7727
14567,2544
17667,6791
2260,77
9437,999
1396,16715
17565,18747
17807,601
14860,86
11304,14711
18106,8879
2544,6242
19187,8634
112,15940
5197,7397
123,4557
21360,7745
14026,6114
13332,2375
11877,16979
13862,26
108,18781
112,16866
15136,58
10568,11193
12222,933
133,18688
10727,12162
628,94
4061,58
16979,17438
2044,22368
108,14506
22102,8634
14674,9741
18730,6665
18781,3453
1353,17905
22309,86
17818,77
18075,83
14436,22368
18524,6677
14026,5808
20837,5841
181,20280
21244,94
131,14322
13560,2118
13739,17765
13,22249
6665,9091
19710,77
10568,12222
131,136
5210,94
1,37
15361,2789
1126,9728
2834,5331
77,7830
17557,83
10568,1705
10568,20285
108,1581
142,29
1786,83
19566,2118
11901,4844
11901,4845
1,6970
1581,77
112,17367
108,90
150,6388
14449,6127
19477,2118
19781,73
14026,19773
4067,6818
15856,7020
10568,18587
3971,5280
8150,94
47,4844
118,19806
0,7444
21457,94
12863,83
