15361,16763,0
15856,8293,1
16046,9186,0
11348,7514,1
1,6,5
10938,5217,0
123,16469,1
10646,54,0
12636,17305,0
12222,65,0
14567,16511,1
10568,13134,0
5280,5369,0
12509,51,0
112,18369,0
1,8,1
13593,3204,0
108,13574,1
14490,18314,0
19404,37,0
21481,84,0
21974,6795,0
31,6792,0
138,22398,0
125,21585,0
11256,14272,0
6308,94,0
10720,15856,1
12,131,2
12,136,2
17305,20346,0
10,20420,2
11304,17503,5
37,52,0
14373,94,0
7330,83,11
83,9889,0
14069,21005,0
10393,39,0
22047,7337,0
10,6677,1
2900,9777,0
17752,9783,0
20812,6677,0
108,12351,0
5075,77,0
18747,2260,1
2712,94,0
1971,54,1
15856,18355,0
14567,17975,0
108,17491,1
14567,4198,0
108,7727,4
64,77,3
84,9777,2
13,154,3
4303,7701,1
7188,84,1
15856,929,0
4885,63,0
11106,6665,0
108,19410,2
11546,6157,0
13862,20518,0
1864,20171,1
13654,8194,1
20231,7245,1
7652,9728,2
17565,26,0
7169,8150,2
12519,14567,0
4046,488,0
12155,19602,1
14537,15509,0
3994,8239,0
26,9186,0
15856,813,0
19181,2056,0
11023,7444,1
10568,2928,0
18747,3571,0
76,8216,1
10727,1396,0
14640,16804,1
12202,1705,1
10568,1119,2
10350,77,0
139,37,0
5225,9777,2
1,6504,1
131,6006,0
3906,9910,0
26,9172,0
154,19,1
18262,86,0
14865,2569,0
12222,19885,0
20568,8,0
15964,54,0
11840,3453,1
19828,6741,1
1,18747,8
16902,26,0
11720,2928,0
18587,7979,0
18909,94,0
19122,8988,1
1,4727,0
14545,6,0
12847,58,0
14567,16646,1
5280,9317,0
5,8099,1
1581,26,2
1,3054,0
12952,16046,2
18747,4659,0
130,20518,0
26,2755,0
14602,14797,0
17902,22368,0
5280,536,0
13425,70,1
18747,8524,0
122,1530,0
14865,21385,2
18707,94,1
123,9852,1
11017,18853,0
11353,26,0
10568,10663,0
10568,10664,0
26,3176,0
145,16475,2
10568,22209,0
13793,1513,0
72,8500,0
16496,4705,1
10437,3,0
4007,83,0
19566,2118,0
14406,26,0
13,58,8
13,59,4
17924,2885,1
54,5530,1
20420,5280,2
123,4545,0
10568,4698,0
13269,4986,0
7718,83,1
20518,5131,0
16059,86,1
131,2018,1
14851,5331,0
12983,1396,0
10779,31,0
1342,17663,0
14272,20247,0
14567,733,0
112,17374,0
10325,112,0
14567,735,0
17707,6422,0
13,17866,1
14567,21738,0
10353,22102,0
12434,17367,0
57,94,0
11285,26,0
6735,9777,0
20805,6,0
108,13013,2
12911,4528,1
12409,17866,1
10966,15645,0
108,13014,2
3719,6017,0
16979,4145,0
1662,3189,0
15914,8634,0
15361,5264,2
12297,13465,0
15184,6559,0
12297,13467,0
10183,21142,0
10183,17137,1
10996,6,0
10666,5331,0
4969,6791,1
10568,20910,1
14272,51,2
17305,9018,0
1,12952,1
112,41,2
12013,6795,0
6063,94,0
39,9388,0
17565,18747,4
26,5810,0
11423,14625,1
20148,9777,1
15354,3357,0
14911,19410,0
21208,9777,0
10568,21352,1
17543,70,0
12411,18314,0
1126,19938,1
6791,7330,2
11824,16783,2
18,18747,0
19744,659,1
5038,94,0
123,2476,0
1533,18075,1
10654,8468,1
10898,131,0
1,12909,0
102,29,0
10727,18314,0
12498,1533,0
14625,83,2
15537,21119,1
14481,8916,1
10568,2977,0
13987,37,0
132,9437,1
2834,9627,0
6210,94,0
13,3369,0
20331,84,0
14567,7436,1
18747,19,0
123,3623,3
12120,47,0
16081,65,0
2044,22368,0
7310,83,0
108,12161,0
15744,8762,0
15932,21810,0
41,5225,4
13,17516,0
26,4705,1
3906,9677,2
351,7572,0
14865,18604,0
112,18588,0
11193,1705,1
110,131,4
20812,5280,0
10568,22349,2
15169,84,0
2965,83,2
10350,154,1
15856,7266,2
108,11240,0
16046,18769,1
19821,54,0
108,41,3
4142,7020,0
150,5823,0
13522,61,0
14567,16509,0
77,9105,0
1532,2939,0
13286,16046,0
112,15534,0
1,18965,0
7733,83,2
26,8874,0
19162,6400,2
14537,29,2
131,20931,0
64,8,0
16532,17,0
5,6043,0
21019,6677,0
14567,17299,0
10568,3971,0
12865,13593,0
19787,76,0
16393,5527,1
123,15690,0
18747,3362,0
1525,7443,2
15492,17367,1
1525,7444,2
10568,12222,10
15856,17637,0
14322,15011,1
1,9570,1
2260,59,2
21839,61,0
16669,3,0
1,6017,1
2118,9963,0
26,4035,0
12222,18587,2
1396,622,0
10150,17,0
11485,13654,1
1,11770,1
14860,6665,2
12222,91,1
10568,6016,2
13654,4198,0
11485,8653,0
16940,7733,1
108,15358,0
131,34,5
13858,15361,0
17853,6340,0
10568,13308,1
13574,54,0
18139,18774,0
13071,70,0
13420,18747,0
3,6970,0
107,131,0
14567,18604,0
11422,22378,0
14209,18747,0
14567,8548,0
18747,7881,0
10159,11901,2
17047,17503,2
15184,5010,0
18747,21620,0
54,6462,0
14567,8547,0
1,20812,0
17410,19219,0
3902,77,0
16340,17,1
133,16626,0
14560,20367,0
15125,18747,0
10645,83,0
17807,4648,0
16386,2118,0
17462,22102,0
1,2260,1
12073,77,1
17721,7188,0
19405,37,0
21840,61,0
17305,410,0
17807,20155,1
125,2512,0
131,19140,0
131,18769,0
11543,2118,0
13409,13593,0
51,61,1
2118,6414,0
108,9382,1
2696,37,0
12120,14007,0
12271,15932,0
8150,9186,0
6730,9730,2
12173,1353,0
17765,19358,0
10726,17305,0
2811,9730,0
20518,68,0
16045,16046,0
14892,22368,0
16046,2811,0
123,979,0
17305,7624,0
11137,18166,0
1755,7,0
23,8,0
18539,779,0
154,17866,2
15856,4818,0
1,7095,1
18747,5001,0
20420,9437,3
131,7183,0
15481,4845,4
13,64,2
13,69,2
17785,51,1
7444,94,4
20568,94,0
111,54,0
21444,6157,0
11955,17807,0
18314,18962,0
10568,13463,0
15492,6409,1
19890,7330,0
131,2557,2
18747,2937,0
14026,7108,0
14865,6422,1
5808,7841,0
20660,22206,1
13858,83,0
1,13949,1
122,20878,0
2429,61,0
1,16046,12
17305,3618,0
11713,18752,1
10561,6,0
17321,54,0
105,2963,3
14865,5863,2
11076,14567,0
21370,65,0
10805,595,0
21005,9437,1
11439,18293,0
138,13961,0
112,9777,11
3113,77,0
1,17807,6
18106,6677,1
17503,3484,4
6665,896,0
16232,7514,0
1119,17047,1
10042,5553,0
112,51,2
108,19480,0
112,57,0
83,9419,1
15552,17,0
16046,44,0
47,7270,1
58,65,4
15856,6438,0
19839,6400,1
19122,20524,0
10290,8293,0
18595,3,0
14029,18747,1
11017,8988,1
1,12306,0
16783,17305,0
17557,7330,1
16496,16804,2
18,23,0
17367,9777,4
1276,7330,2
16582,6700,0
10726,133,1
14567,6352,0
12708,15,0
20814,94,0
13949,14560,0
4303,7721,0
14796,26,0
84,86,2
17231,20518,0
15643,20518,0
17305,18730,1
18801,5280,0
20674,94,0
21457,94,0
131,3998,0
1,15535,2
17305,17906,0
11520,84,2
16711,7397,0
83,8933,1
18747,8828,0
2560,9777,1
13593,2979,0
58,94,3
1502,2118,0
125,1341,0
14567,4719,0
112,7141,0
65,6727,0
19087,22349,2
16926,58,1
13325,15,2
6491,8589,0
17503,503,0
1750,77,0
15537,1705,3
6241,6242,1
10568,2633,0
13,6500,0
12209,18631,1
11764,15136,1
16927,6677,3
20682,84,0
10350,11772,0
6678,9730,0
17232,94,0
7397,8221,0
1353,17224,0
17305,5860,1
13506,9852,2
14160,9777,1
16046,8679,0
2668,6999,0
16487,31,0
12812,6665,0
21111,6677,0
13961,5331,0
131,1597,0
11688,13506,1
2375,7701,0
1431,26,0
54,9921,0
112,21927,0
18747,21385,1
10217,18747,2
16382,22368,0
13498,83,0
11769,21146,1
12222,3484,3
3217,5280,0
10387,6795,1
19743,22047,1
17503,20897,3
18747,7706,0
22309,6665,1
16953,22368,0
7741,9777,1
11688,12952,1
20171,2740,0
1662,7718,0
131,5367,0
131,5366,0
18314,18797,1
17462,18747,0
7207,8468,1
19728,3994,0
10568,18781,2
12569,63,0
14567,16394,0
1132,2118,1
1,21570,0
14567,16393,1
13574,61,1
1237,17305,1
3,898,0
12506,13332,0
5,9437,3
2084,83,0
16711,83,0
18285,8788,0
19938,83,1
12222,15695,2
131,13567,0
7802,86,1
108,12247,0
26,9296,0
21146,83,2
15361,17340,0
133,19077,0
13,13726,0
18747,21634,1
13506,18314,1
10146,7397,0
19649,83,0
20944,3906,0
26,41,2
14567,4048,0
14395,61,0
659,6790,0
13506,17305,1
2963,7095,1
1705,17503,11
5210,94,0
6286,7397,0
12588,18604,0
13425,6180,0
15730,77,0
8955,94,0
15492,19790,1
17305,7502,1
11602,4148,1
20231,21752,2
1595,5475,1
83,9787,0
108,3089,0
3906,619,2
14272,1581,0
14567,9730,3
3076,77,0
25,8194,0
19710,94,3
3844,94,0
7443,9008,2
11543,3983,0
11642,17367,0
0,15986,0
20495,6677,0
1096,131,0
16764,7188,0
18240,84,0
16035,83,1
17852,8789,0
15212,7,1
18747,22049,0
17047,21119,1
13617,6795,1
17787,6,0
16729,20518,0
47,6735,1
20812,7745,0
21384,94,1
19540,6,0
18166,7622,0
1218,7514,0
19695,7992,0
15209,84,0
13556,17503,0
10568,19219,1
0,6504,1
21018,6677,0
13,77,24
6340,8789,1
13,71,1
17503,18587,3
15013,3154,0
4071,77,0
131,19790,5
12280,14865,0
16464,83,0
65,69,0
131,3565,0
127,76,1
1966,19860,1
14865,7278,0
4518,83,1
11380,17866,0
17711,4067,0
0,74,1
0,76,4
3143,83,1
17339,7245,2
16783,7397,2
16783,83,6
83,9265,1
1,14184,2
108,5450,0
2846,5280,0
1,3055,0
6157,8640,0
4519,5280,0
26,9857,1
47,619,2
14865,6017,0
13,1849,0
22206,4845,4
13323,17737,0
11483,2118,0
13,15332,0
22091,7330,0
13269,7140,1
1396,20266,0
15361,4505,0
14026,22340,0
11925,17503,0
14567,15517,0
108,11840,1
19955,26,0
21911,94,0
14026,5934,0
2238,27,0
17543,54,0
15361,21222,0
13,7443,0
10568,21370,0
10327,108,0
127,142,1
14997,6795,2
11750,8789,0
15930,9777,0
7330,9520,0
26,5010,0
131,18445,0
1126,1533,2
123,8839,0
11106,76,2
14865,18747,8
15361,8503,0
10726,123,0
15856,19100,0
13574,17807,0
5331,5445,0
17503,2518,1
476,94,0
17316,20588,0
10147,83,0
13,19005,0
15914,17462,0
134,324,0
16372,20765,0
17367,7741,1
22368,3235,0
19790,5170,2
13892,17503,0
123,7502,1
123,8630,0
20988,488,0
17843,9788,0
14537,19790,1
1353,17305,1
14567,2543,0
13013,7727,2
14567,2544,3
15914,2937,0
16496,16906,0
15011,77,0
14880,5280,0
10780,5577,1
0,4340,1
10988,3629,0
14272,14537,2
11187,17,2
13743,5280,0
2544,6242,1
13,5629,0
1,11085,0
18587,6795,2
12222,37,1
17503,2515,1
13328,94,0
12628,19122,0
136,18337,0
17,4151,0
15537,5280,1
5197,83,0
18187,94,0
11877,16979,0
18747,6422,1
13862,26,0
15856,7803,0
112,16866,0
10664,16539,1
131,5170,2
14567,5527,4
2885,47,1
21385,4372,1
11464,20752,0
131,71,1
18747,528,0
131,77,17
14567,7671,0
21889,83,0
0,19527,0
123,2118,5
150,7330,2
21472,7397,0
17305,8131,0
15011,21143,0
22102,8634,0
10568,7388,0
18663,20928,0
10665,8589,0
55,61,0
14674,9741,1
1987,20858,0
18781,3453,2
15136,18590,2
10727,9777,0
1525,94,2
13,2232,0
15611,61,0
13614,63,0
13,5577,0
8813,9437,0
12535,15136,1
10350,17305,1
16812,7733,0
17367,4619,0
14865,22282,0
12641,7,0
1705,18020,1
13793,15,0
20837,5841,0
181,20280,0
13075,7270,0
15359,61,0
1,11339,0
19860,21472,0
37,3972,0
1396,20923,0
10568,6727,0
105,13506,2
123,6993,0
1396,21208,0
26,58,9
17807,17907,0
6795,835,1
273,42,0
20093,5331,1
17736,2118,0
111,8433,0
18747,3836,1
4197,8363,0
21478,6665,2
12202,21119,0
17807,21239,0
13,5170,2
122,22095,0
54,7682,0
10568,1705,6
12073,13,1
15517,2957,0
21187,6665,0
10568,602,0
12168,17650,0
16172,26,1
17305,829,0
20093,22349,3
7087,83,1
11304,20897,2
1581,77,6
136,1928,1
15286,17305,0
6,8396,0
16046,16172,1
11752,6791,1
17419,18166,0
16996,6,0
10568,19602,1
15926,22109,0
14449,6127,0
15260,9777,0
17503,18020,1
1928,58,1
10183,9575,0
131,14322,0
13420,15501,0
15801,6340,0
11228,17905,0
2834,5331,0
10568,1411,0
10568,18424,0
0,7444,0
112,14413,0
134,9437,1
1124,243,0
10568,594,0
14771,86,2
133,243,0
2326,77,0
10727,125,0
18314,18940,0
18131,5280,0
7942,83,1
2557,77,2
83,8410,0
83,8413,2
1,43,0
11485,8194,2
2018,8879,1
13593,17084,0
12535,136,1
18747,2957,0
20935,31,0
17516,18747,0
19219,9502,1
14865,19860,0
14640,16496,2
13,13793,0
8701,94,2
19695,6107,0
17503,18371,1
17807,6409,0
112,4846,1
15361,3745,0
2147,83,0
0,9115,0
649,77,0
12756,6665,0
21887,9777,1
17807,601,0
19215,73,0
1993,6795,1
14567,2762,0
1126,19310,1
14567,18077,0
14567,18074,0
14567,18075,1
14567,18073,0
1,17866,3
2631,77,0
15361,61,0
1009,94,3
1,37,1
131,7436,0
110,12200,0
19728,6677,1
10,14567,1
3453,41,3
11642,22378,0
16046,4081,0
14865,9086,0
118,7302,0
14567,6730,6
16122,5530,0
13271,18314,0
12424,15914,0
18590,77,2
15934,26,0
14674,6157,2
11106,61,2
11781,1864,1
1971,5530,1
15481,21394,0
51,84,1
6458,7652,0
12479,14567,0
5,8288,2
17975,20752,0
4787,86,0
1608,47,0
108,57,1
1126,6791,4
8792,94,0
19673,94,0
14567,6421,0
14567,6420,0
14567,6422,0
13506,14567,3
18020,37,0
17305,18593,0
2996,94,0
19492,9777,0
1065,9777,0
1125,7652,1
246,4148,0
140,54,0
57,7183,1
17818,4198,1
16711,7568,0
21752,22206,3
2118,22305,0
10,5280,2
13,9271,1
10720,7514,1
108,4062,1
19104,5280,2
1124,15173,0
12471,126,0
8254,9419,0
131,9027,0
17305,3853,0
1882,83,0
11520,138,0
17305,3855,0
26,4663,1
18167,6665,0
11520,131,0
19535,6,0
26,5225,2
10568,15055,0
18432,7330,0
1,15351,2
5,8514,2
13556,7701,0
6404,6700,0
150,17271,0
18166,9480,0
20190,7306,0
16590,83,1
125,13318,0
1396,9443,0
13,13882,0
17367,6409,1
11017,19122,1
13269,8293,0
14148,27,0
10159,47,2
10954,1396,0
15659,77,0
11824,83,1
11877,21451,0
132,63,1
17924,47,2
123,13801,0
10780,94,1
10586,26,0
11108,133,0
17267,6,0
18747,21064,0
16801,20518,0
15136,18747,1
55,73,0
55,70,0
1009,7743,0
18952,3,0
138,18147,0
14677,16232,0
68,76,0
18747,21050,0
108,14490,1
2986,94,0
1705,19104,1
14272,2018,0
18747,4111,0
13559,2118,0
12631,7217,0
13,17564,5
136,77,4
16927,9437,1
21014,27,0
1,6646,0
13795,77,0
61,6221,1
11249,13,3
131,6912,0
10003,14865,0
20518,7317,0
18357,83,0
14026,19817,0
4462,5010,0
112,6343,0
18747,19670,0
112,472,0
1353,15011,0
503,8653,0
14984,19206,2
16979,20201,0
10485,14865,0
13,131,14
13,136,6
18166,2239,0
1371,26,2
16046,9923,0
18747,527,0
16845,83,0
15940,6409,0
11772,76,0
17731,34,2
14567,4000,0
20615,83,0
5683,7701,0
1159,47,0
125,20320,0
16172,58,2
174,7443,1
13,16839,0
11252,142,0
13,15136,4
20171,3744,0
15351,6404,1
3532,6,0
1581,64,2
1581,65,1
17491,20231,0
10568,9938,0
14865,6282,0
13,4148,2
247,7,0
3453,3487,1
5280,9912,0
19828,6677,1
15537,20752,3
13718,16979,0
2249,77,0
16046,8,1
131,15517,0
22349,5331,1
14371,14567,0
11354,489,1
1,3306,0
13,19,1
15509,77,0
19162,19839,1
26,7183,1
10773,3901,0
15667,83,0
20883,5331,0
18747,2963,2
18747,2965,2
503,8871,0
10568,9627,0
133,84,0
18505,19695,0
11674,54,0
5217,83,0
12620,14567,1
10427,17137,0
14272,22378,1
13,6400,1
11421,22378,0
11106,142,2
10568,9159,0
22265,7,1
10042,12117,0
15667,7397,0
10568,21469,1
17503,21616,0
13,16447,0
19980,86,0
11875,16979,0
10727,12162,1
22047,61,2
11770,17807,1
16128,6279,0
13186,63,0
12520,83,1
63,66,0
4221,54,0
1962,5567,0
10766,94,0
13,19790,4
14567,18246,0
123,6659,0
5393,8293,1
16979,17438,0
108,6885,0
5076,77,0
16046,58,2
12673,14272,0
65,9912,0
13506,2118,1
7270,7549,1
15856,22109,1
12142,7330,1
5,63,4
13512,18314,0
13118,77,0
3298,6677,0
14409,7719,0
14449,61,0
6157,9230,0
1165,61,0
10936,20518,0
17503,19091,1
10568,3484,6
20402,5264,0
12520,8196,1
14694,547,0
12155,17503,1
9265,9519,0
15856,2038,0
15011,6677,1
11087,17503,0
16188,17305,1
1479,86,0
1396,37,0
108,1517,2
18757,3,0
2544,9730,2
1614,17807,1
61,93,1
58,6246,0
13308,13988,0
14304,17503,3
131,5711,0
1124,4700,0
16046,91,1
16511,17000,1
1705,7444,0
112,2982,0
10927,8634,0
14567,83,6
16927,18524,1
112,3453,2
1126,83,13
131,3654,2
142,4340,2
1468,20752,2
10804,77,0
13540,86,0
142,2979,0
5009,7401,0
14997,17503,2
10682,133,0
10568,130,0
18747,6,4
18730,6665,2
12744,3893,0
11370,94,0
2118,3623,2
1,83,7
15856,3032,0
2118,8638,0
14567,1864,3
16872,18747,0
7397,9230,0
5683,9936,0
12222,17503,12
145,94,4
11040,8852,0
15377,9777,0
12910,19781,0
14567,21239,1
19744,61,1
17339,9777,3
12222,13308,1
14676,6404,1
8685,94,1
112,18363,0
112,18362,0
11439,61,0
112,18366,0
13215,7397,1
18380,6677,0
12865,138,0
11106,6,1
16584,21752,0
15361,17063,0
17565,20293,1
19091,21533,0
63,6677,1
19309,6791,0
6730,8931,0
10568,2870,1
16979,8363,0
131,20152,0
10183,18538,1
6828,94,0
6791,83,6
131,21154,0
21523,31,0
2939,7706,0
112,22117,1
13988,16046,0
10929,14567,0
619,9677,2
11562,18747,2
18759,3,0
17503,4628,1
15535,34,1
16475,8040,0
18075,5475,1
6402,77,1
36,37,0
12142,83,1
14701,20579,0
6340,6795,1
6665,8073,0
26,77,6
18463,18747,0
18747,7826,0
1126,9942,1
17737,83,0
153,58,0
19538,5264,1
1353,5860,1
0,21117,0
1714,6665,0
14026,9689,0
17866,5021,0
150,20240,0
20660,4845,1
61,7274,0
17503,2375,0
18445,94,0
17196,6404,1
12506,2870,0
16046,6970,1
0,10726,1
17401,17807,0
11804,14567,0
6157,9231,0
14184,16046,1
14567,2963,2
14567,2964,0
18747,19401,0
15535,17367,2
4006,7,0
13531,1705,2
10568,827,0
174,94,1
131,19435,0
1396,4613,0
14808,27,0
10350,7188,0
19710,26,4
17807,4739,0
15361,19538,1
21938,7514,0
17765,20778,0
1126,7330,3
14567,18489,0
12801,19122,0
21013,27,0
15709,73,1
144,2804,0
14200,94,0
1,16229,1
22206,47,3
11711,18314,0
19576,77,0
17367,4618,0
2557,58,1
2965,4006,0
15802,8789,0
13317,14865,0
4706,86,0
7207,9777,2
134,63,1
4588,7099,0
2118,7502,1
2560,8468,1
15,7302,0
4663,7218,0
13230,61,0
7245,9777,4
26,6820,2
14567,2201,1
131,1581,3
21119,6017,0
83,8509,0
138,13929,0
29,9777,2
17305,2383,0
13465,15504,0
131,3406,0
18314,86,4
15668,7397,0
131,3405,0
15204,7719,0
150,83,2
16127,8293,0
10042,26,0
131,3408,0
15615,7745,0
5577,94,2
40,9777,0
131,7141,0
12952,58,1
16398,488,0
15856,9292,0
123,19895,0
10994,47,0
13,18368,1
11752,17866,1
14567,6241,1
14567,6242,6
1705,20264,2
4702,83,1
133,6411,0
19984,83,0
6419,7397,0
12622,14567,0
5530,9919,0
17692,7330,0
131,6249,0
1055,150,0
13,1928,2
6665,7188,1
13710,17807,0
17503,8623,0
17340,83,1
131,297,1
20420,21005,1
11106,795,1
21019,65,0
65,94,4
13,14009,1
6024,72,0
1864,4321,1
14651,6107,0
17731,6,0
14335,17316,0
17359,2118,0
41,9777,4
6665,9091,0
16237,8789,0
20897,6795,2
18166,823,0
10482,15159,0
11100,6677,0
131,17066,0
15358,1987,0
1125,17503,1
14625,18747,1
77,9271,1
16969,17807,0
11028,7652,1
1269,6665,0
1,2963,4
10543,58,0
16046,83,2
61,659,1
10568,20726,1
626,94,0
20145,7397,0
11354,14304,1
13,6543,0
86,9281,0
15400,17305,0
123,3232,0
14032,6,0
19789,7330,1
17305,18314,9
1,1861,0
12259,86,0
13673,6677,0
131,9536,0
937,9891,0
2118,5340,0
10727,47,1
5527,8933,1
8196,83,1
15078,26,0
20180,8309,0
16055,22209,0
15481,21752,3
11028,1125,1
14567,8933,2
17077,8762,0
19,6340,0
112,21751,0
2118,2632,0
5177,6,1
15481,7549,2
20845,660,1
10183,9234,0
14155,14865,0
12911,13,1
112,7439,0
14272,2254,0
125,5844,0
13004,14567,0
11124,94,0
12947,20420,1
10568,13217,3
0,223,0
15643,18166,0
14958,16229,1
12552,77,0
18747,21296,0
17483,20795,0
1126,7652,3
22368,8792,0
7169,8259,2
20518,21369,0
17305,18797,1
1396,14639,0
108,13409,0
1,712,0
112,16901,0
2118,4000,0
5667,9437,0
10568,6516,0
3310,94,0
13,2260,2
3,87,1
1,8851,0
131,21144,0
15535,20511,1
1,9852,1
21448,9777,0
11764,58,1
10410,4433,0
10350,6730,1
17557,83,1
297,77,1
18707,8701,1
11249,34,3
1532,18747,0
12843,37,0
12952,14567,1
12162,47,1
16866,94,1
12786,6665,0
16470,18538,0
17503,1993,1
16046,6017,1
6460,83,0
10568,7731,0
1371,14865,0
20609,77,0
10568,17503,15
2518,6795,1
131,19993,1
13574,22047,1
6665,86,6
74,76,1
1533,83,3
10568,6999,0
17564,9037,2
14508,17565,1
112,15605,0
12611,16680,0
10568,7919,0
14567,15933,1
26,7749,0
1966,83,1
14771,6665,2
14958,16046,1
13617,7883,0
90,9788,1
1,11470,0
5280,9570,1
12,77,2
131,8852,0
22378,6677,0
18747,8789,0
12509,2723,0
65,743,0
14508,18747,1
14026,14891,0
10568,22378,0
15204,20988,0
14567,14663,0
21079,83,0
17047,3484,2
14567,14662,0
2497,86,0
14506,14984,1
17785,3,2
131,20001,0
11688,6730,1
11447,9437,0
20726,5331,1
11494,63,0
21138,4060,0
1396,16714,0
1396,16715,0
3869,86,0
14026,8852,0
3262,83,0
1041,54,0
19122,20207,0
18707,7401,0
12509,21019,0
15011,19170,0
10568,18385,0
10495,6795,1
14872,6665,0
29,76,1
17358,58,0
108,12865,0
14056,17503,1
5197,7397,0
22117,9777,1
105,16046,2
21360,7745,0
488,8271,0
14941,18314,0
12583,94,0
17807,9086,0
108,11715,0
13014,7727,2
13,14497,0
51,8216,2
11028,8653,0
3836,83,1
1716,5475,0
13490,7701,1
17759,22102,0
11360,15361,0
12222,933,0
11263,58,0
13377,9857,1
14865,2061,1
13617,17503,1
125,19207,0
83,8510,0
1,20903,0
18187,4062,1
10345,21076,0
16495,7829,0
131,59,2
16620,94,0
18000,22368,0
2870,830,1
13,34,3
16298,5475,1
20294,83,2
10568,9779,0
112,15334,0
1124,6340,1
2526,61,0
20171,47,0
11304,12222,4
17367,20511,1
14567,21385,0
1353,17905,0
10668,4873,0
15695,20752,2
22050,4462,0
12033,86,0
14322,8879,1
16590,19479,1
10568,12929,0
3117,77,0
11877,15445,0
123,130,2
16979,2721,0
2118,3995,0
14304,16046,0
12172,13556,0
14026,5808,0
1,12531,0
10080,7514,0
21244,94,0
65,8685,1
11520,76,1
18947,77,0
17305,4048,0
131,136,4
0,12647,0
19137,6017,0
12847,4198,0
1,14561,0
1752,7,0
11709,18314,0
21186,7549,0
77,7830,0
22210,5331,0
17305,5398,0
13058,7979,0
10568,20285,1
13410,4198,0
10568,20752,5
12155,13313,0
108,20858,0
11876,16979,0
12509,6649,0
112,15599,1
47,4844,1
12155,17410,0
54,8113,0
15492,7455,0
2118,22475,0
20647,21138,0
16979,2185,0
5350,77,0
108,77,3
12884,54,0
3530,65,0
83,8859,1
14601,15930,0
18166,9456,0
14567,16436,0
19477,2118,1
14184,15501,0
102,18781,3
17,19653,0
19781,73,0
17503,20264,2
14026,19773,0
15856,7020,1
108,16372,1
142,29,1
10774,18747,0
108,68,3
20518,8900,0
14362,18747,2
10252,20568,0
15291,77,1
11520,7188,2
10107,54,0
142,6721,0
13,16252,0
13811,987,0
10159,21752,2
13,13328,0
16808,18314,0
12557,83,0
5276,94,1
150,7173,0
14537,9777,2
20202,611,0
13654,17503,0
0,1664,0
17305,61,0
1132,11934,1
13393,14567,0
18730,47,1
5045,7514,1
10321,13,0
11824,7397,1
6677,8684,0
7335,76,0
4628,8789,1
12222,19104,2
65,6820,3
12540,14567,0
145,260,1
5640,77,0
108,3453,7
2834,6452,0
15856,7514,8
8852,9867,0
13,5001,2
12498,131,0
20845,5432,0
108,14537,0
18314,9175,0
18634,61,1
20316,20568,0
18747,7330,2
133,17063,0
10568,17534,0
11105,18314,0
16046,9570,1
13045,14567,0
11187,12209,1
133,16625,0
15856,21019,0
8099,9437,1
22378,4424,0
12221,18528,0
10568,17711,0
148,16046,0
1371,58,1
1581,3453,2
13,19993,1
17305,20666,0
10568,16624,0
5782,6677,0
19726,83,2
4321,6351,0
16541,8878,1
20726,21352,2
6677,8879,4
54,7802,0
20788,9291,0
15078,17608,0
1511,17503,1
12202,6340,1
18238,84,0
18730,2118,0
10568,15537,8
3810,6677,0
131,18106,0
15535,83,3
1533,6791,2
18289,5553,0
22429,86,0
15275,26,0
14227,20518,0
13,4198,1
3116,77,0
18314,19989,0
7087,7718,1
5009,9008,2
7443,94,5
14026,6721,0
102,10568,1
17912,37,0
18166,20712,0
31,363,0
18747,243,1
18747,22200,1
1215,17,1
15212,15748,1
8468,9268,1
11562,14029,1
20294,6157,0
26,8194,2
19,7183,0
13060,5530,0
13949,17807,1
1581,324,1
15611,83,0
17712,7514,1
13506,6404,1
13159,6157,1
4022,9777,0
22207,47,0
1,3351,0
108,18609,5
34,6820,0
13393,17503,0
10042,17543,0
77,853,0
1,18246,1
11901,47,6
1490,20752,0
10,20190,1
12423,6677,0
20294,7330,1
10290,3032,0
1126,6340,0
142,20632,0
16298,83,1
131,8,0
0,11106,3
13801,18314,0
11934,2118,2
6,61,4
12629,7719,0
21514,77,0
63,8514,2
15747,15932,0
1718,18314,0
1068,15930,1
31,3629,0
17323,54,0
15013,18429,0
14217,9777,1
3315,77,0
1119,17025,1
13,19162,3
11674,14623,0
3040,94,0
47,7436,0
15668,83,0
12588,6404,1
12865,61,0
69,77,2
19410,983,2
15537,3484,3
15856,4077,1
13159,14674,1
14463,19860,0
6721,73,1
627,94,0
11520,6665,1
10350,14567,1
17454,7514,1
10568,20988,0
121,86,0
15540,26,0
5180,6665,0
22378,9777,2
15408,660,1
15232,63,0
21773,94,0
18391,86,0
1376,7701,0
63,8288,2
15408,5000,0
21752,4845,4
10966,20791,0
11304,1705,3
18143,8789,0
1849,19710,0
110,17367,1
11874,54,0
17557,7397,0
108,12666,0
108,6219,1
14217,7207,1
18004,7992,0
18747,6574,0
18365,77,0
10568,14479,0
17305,18088,0
16783,19726,2
17763,26,0
54,73,0
13673,7745,0
11425,83,0
14560,17503,0
17323,9777,0
16854,26,0
154,9014,0
110,17564,3
1,14958,3
21887,8468,1
17367,34,2
3453,9777,3
17819,21188,0
14305,86,0
11840,94,0
16128,8112,0
145,19710,2
14908,19410,0
142,18781,0
5113,54,0
10568,148,1
14026,19315,0
376,7266,1
8259,94,2
13,7188,0
20518,250,0
17807,19668,0
18894,63,0
21138,4449,0
15535,17807,2
18314,19512,0
20896,47,0
102,86,0
11602,77,1
20845,2818,1
7652,8254,0
14567,5792,0
17785,3303,1
10495,1125,1
12519,20752,0
13377,5280,1
1753,7,0
108,17187,0
142,17158,0
3693,5280,0
10073,111,0
14567,17866,0
10568,7598,0
18793,19213,0
138,4151,0
20858,2595,0
20190,6,0
10866,17866,0
11023,11221,0
3459,8,0
105,14490,0
10991,14567,1
4424,9170,0
112,18352,0
17503,6795,16
123,4562,0
10217,83,2
15930,9479,1
17752,83,0
13607,6665,0
5475,83,3
108,13468,0
1,10388,0
12865,14567,0
108,20845,3
20518,8803,0
131,1352,0
17339,18314,0
8517,99,0
18411,18747,0
133,18658,0
10242,9777,0
2118,61,3
19104,94,1
12701,4340,1
4845,9730,1
21019,7397,0
14567,3253,0
15481,22206,3
112,2018,0
108,16032,0
18944,5972,1
6174,6665,0
6677,8878,1
22378,4340,0
15361,709,0
15306,6,0
14362,6,1
15914,7706,0
17503,9086,0
131,1517,1
11423,83,1
17731,77,2
12208,594,0
13,4453,0
2103,94,0
34,77,4
17340,17707,1
2015,58,0
54,7816,0
16783,8448,1
15244,19104,1
5295,65,0
2811,48,0
10183,9857,0
10568,18944,2
108,14984,3
21564,98,0
18166,4433,0
21011,27,0
19429,6795,0
108,594,0
10568,818,0
15535,8859,1
16059,6665,1
127,18314,0
22368,4021,0
5050,8590,0
3022,72,0
11543,84,0
108,438,0
2118,22266,0
17565,83,2
16089,18747,0
108,14186,1
10568,6793,0
2742,71,0
15520,16426,1
19,2805,1
10568,6795,4
7443,7444,2
1180,26,0
18747,27,0
14567,19037,0
12222,1468,2
83,8448,2
21384,9777,1
15613,37,0
13013,13014,2
4702,8413,2
14984,3453,2
10568,18125,0
131,17731,2
12745,6677,0
3108,71,0
11485,26,1
19479,6340,1
19512,77,0
17564,5001,2
1667,26,0
2158,94,0
15933,6242,1
7337,83,0
11619,47,1
1098,27,0
6157,9265,1
2939,7881,0
11877,4629,0
17137,18538,1
123,13506,2
13019,83,0
19653,9751,0
19303,6791,0
1451,7514,0
3,61,2
12479,14865,0
15987,94,0
15930,73,0
10805,13701,0
22466,94,0
22102,8829,0
22102,8828,0
3,8548,0
20518,8579,0
76,84,2
76,86,4
21084,22368,0
6084,7397,0
17025,1705,1
18747,8985,0
15361,21660,0
15856,5045,1
10736,133,0
12222,20264,2
19213,73,0
10409,20518,0
10568,16345,0
140,3,0
19536,5264,0
14567,243,1
10568,21119,2
14026,2634,0
19268,47,0
22309,86,1
19310,83,1
15351,18747,1
20171,6242,1
112,20464,0
13,21362,1
13155,21752,0
131,22378,0
21384,41,2
1009,16866,1
131,18629,2
14449,22420,0
17503,9142,2
8216,9777,2
2201,7436,1
10568,9197,0
111,11826,0
17491,19859,0
10568,20897,3
12037,18314,1
8150,94,2
13,9007,0
17785,6790,0
0,142,3
102,3453,2
131,7245,2
10215,6677,0
41,77,3
37,6081,0
17503,7470,1
10,10568,2
10568,3465,0
11899,5280,0
112,2947,0
2002,63,0
2184,22368,0
14212,16496,0
14567,5094,0
4518,7330,1
17503,8789,2
18911,70,0
19434,61,0
20518,5130,0
16541,6677,1
18553,4462,0
123,5860,0
17339,17367,2
5009,7443,2
22368,3107,0
11587,17503,0
130,2118,2
14797,61,0
108,9788,1
14567,1614,1
127,3905,0
17653,61,1
11688,14567,4
1126,7566,0
1124,17503,1
15852,22368,0
20231,47,3
10568,779,0
132,999,2
1,8517,0
153,7292,1
15244,20420,1
142,19181,0
142,19180,0
21396,54,0
11602,13,2
13313,18356,0
6107,8343,0
131,20990,0
110,13,3
15492,8859,0
20293,83,1
2832,363,0
11249,131,3
3983,7359,0
1126,8194,2
5227,6028,0
17711,2375,0
7140,7514,1
14567,18938,0
112,15958,0
14184,18747,2
17707,83,2
22246,58,0
16535,17305,0
13217,17025,1
112,1941,0
19993,65,0
17,3022,0
14865,19249,0
12423,4236,0
112,7245,2
11085,77,1
12631,14481,1
15492,2118,2
11438,17785,0
123,13046,0
2544,6730,2
83,9942,1
21143,2118,0
153,6677,0
12475,86,0
10183,94,0
19017,4077,0
17503,3090,1
19526,7397,0
13,13275,0
21752,47,7
4065,58,0
14567,16035,1
112,1491,0
17650,6122,0
11752,83,4
19160,77,0
14680,18314,1
1276,83,2
14860,18314,2
134,5,2
0,3,0
0,1,1
14865,22200,1
12522,17305,0
11338,13425,1
14567,8524,0
16590,18747,1
10773,18747,0
7652,8194,2
4528,77,1
15481,47,4
144,54,0
10330,15057,0
16386,9200,0
76,9731,0
16704,18747,0
14641,17807,0
108,12985,0
1595,20010,0
10434,18747,0
3972,77,0
11933,6730,0
123,20083,0
11187,16340,1
26,9570,1
15732,4781,0
1581,3654,2
8288,8514,2
21889,7397,0
16533,20255,0
19710,65,3
1,18391,0
12222,13531,2
16979,20141,0
110,17998,0
138,21021,0
108,18196,0
3,6462,0
22316,58,0
10495,14304,1
1009,16475,2
11841,6677,0
2118,4964,0
15343,9431,0
2018,6677,2
16783,17707,1
10568,13362,0
3083,7701,0
17854,8789,0
10560,6677,0
1126,18747,2
18747,58,1
10983,14865,0
15291,26,1
20989,83,0
14567,16920,0
11600,15273,0
13691,17503,0
77,9544,0
4701,6130,0
21885,3,0
108,7841,1
13558,2118,0
18540,20518,0
2811,3901,0
16046,2963,2
3906,47,2
11023,94,1
3716,61,0
15965,94,1
21360,6677,0
3257,54,0
14026,20356,0
20518,4142,0
21866,54,0
5009,9748,0
10568,9502,1
6677,9005,0
15,16555,0
15,16554,1
15,16551,0
20201,4629,0
7103,83,0
14865,17150,0
15361,18318,0
1272,9777,0
13,17818,2
108,1166,2
17339,77,0
17650,61,0
138,547,0
13252,17,0
15856,4986,0
12696,69,0
12222,14304,1
108,6220,0
13854,18314,0
10568,14013,0
13,3628,0
10002,14865,0
6157,7540,0
2921,8589,0
20420,6677,2
20202,3191,0
20518,5059,0
14026,5943,0
13269,17637,0
18166,6960,0
16061,17,0
14567,871,0
13,18617,0
108,5225,2
14567,19348,0
17305,9062,1
0,6005,0
4454,5331,0
17503,4067,1
18731,6665,0
7455,9777,0
130,7514,2
10568,20093,2
16940,83,2
4571,83,0
15,9388,1
5343,84,0
12209,17,2
13,9037,4
131,19728,1
135,7802,0
131,17564,3
18747,2797,0
102,17185,0
7443,9186,0
20518,20752,0
18604,3443,0
1608,9582,0
17047,18944,1
0,133,2
15991,18747,0
20195,7168,0
15856,3447,0
17305,22476,0
12635,18314,0
20333,77,0
77,7849,0
14680,17305,1
14865,8862,0
10183,9384,0
15748,22265,1
12506,5331,0
54,56,1
11872,123,0
11752,8862,0
13793,3983,0
1614,83,2
10495,17503,4
12434,41,0
18166,22180,0
6677,8431,0
18730,20231,2
13477,61,0
2932,7,0
102,135,0
1396,20922,0
18747,781,0
5475,9430,0
10,18636,0
274,54,0
15361,7004,0
15361,7001,0
15361,7003,0
15361,7002,0
12168,94,0
142,76,4
18314,21478,2
17667,6791,1
7397,9265,0
11348,18539,0
18756,3,0
2260,77,2
19091,9142,1
102,73,0
1724,17707,0
19743,20262,0
14860,86,2
10568,13827,0
11304,14711,1
12621,18,0
14252,17,0
18747,8448,1
19187,8634,0
2018,612,0
4797,9857,0
1007,77,0
12479,17503,0
22368,2918,0
1276,150,2
112,15940,1
1353,19063,0
16539,5331,1
14026,9022,0
14056,1705,1
108,15964,0
15361,16675,1
15903,2118,0
6820,94,2
10568,3320,0
112,1954,0
5863,6596,1
105,14567,2
21469,5280,0
16729,17503,2
15136,58,3
10568,11193,3
131,21105,0
18635,5280,0
18958,2118,0
12037,17305,1
7979,83,1
2977,4445,0
7979,8789,0
1834,18747,0
18747,8634,0
14004,22102,0
15537,6016,1
17503,835,1
595,61,0
11410,2118,0
108,14506,1
18166,6072,0
15965,19104,1
5280,9627,0
20121,77,0
18166,8226,0
108,15057,1
10568,2125,0
6242,6852,0
12559,8789,0
11028,2518,0
7444,9449,1
16164,18747,0
13,20005,0
15709,6721,1
7701,8478,0
1,154,2
488,6116,0
142,9488,0
17305,5405,0
11769,83,2
15519,65,0
11187,16283,0
20231,6665,1
10568,830,2
5010,7168,0
18075,83,4
14436,22368,0
16329,5280,0
3972,61,0
18166,22179,0
22378,4523,0
10568,11861,0
13490,17503,0
20014,77,0
19726,7652,2
13739,17765,0
13,22249,0
19710,77,1
3743,54,0
15748,7,2
1156,13313,0
17807,18747,2
16046,17807,3
108,18187,1
14026,6188,0
22368,4043,0
17503,5735,1
18747,22251,0
131,14537,1
17503,4699,0
13,18590,2
16952,20518,0
17305,4320,0
17262,17807,0
594,87,0
19632,26,0
1786,83,1
14640,26,1
18609,19883,0
1517,9382,1
14865,17565,1
11901,4844,1
11901,4845,2
47,9730,1
12718,20518,0
21119,7735,0
112,17367,3
10470,84,0
54,7646,0
2707,7245,0
19745,76,0
14567,7942,1
1068,9479,1
7652,83,5
1166,20845,1
13574,8789,0
18747,18966,0
19789,6157,0
4067,6818,1
18166,251,0
10568,18587,3
3971,5280,0
11106,14603,0
118,19806,0
4702,7397,1
14322,6677,2
130,18166,0
12863,83,0
0,12222,0
17,20176,1
1502,77,0
18747,5215,0
1,3259,0
154,6,1
47,692,0
3114,77,0
18,9062,0
10217,2965,2
123,22269,0
17604,18747,0
118,21930,0
131,3453,2
11642,54,0
1786,19860,1
15492,61,3
12222,15537,6
2118,6,2
22368,4811,0
3894,63,0
15601,77,0
133,8132,0
8538,94,0
15856,5021,1
6791,7733,1
15858,5100,0
14567,19352,0
5671,83,0
14537,3047,0
123,7923,0
10495,18371,1
22109,7514,1
17667,96,0
14326,14865,0
18604,3078,0
13015,18747,0
1884,94,0
14272,8216,2
10183,16804,1
17975,94,0
148,3,0
12568,63,0
10042,1928,0
10654,9777,1
18355,7473,0
7842,9777,0
133,18657,0
19873,77,0
8867,94,0
86,90,0
10972,14567,0
12588,83,1
11587,1371,1
11901,6735,1
260,94,1
18747,6209,0
11900,6677,0
14797,17998,0
63,999,1
21752,9677,1
12222,20752,5
5762,83,0
5225,7245,2
11439,6790,0
14184,14885,1
15800,6340,0
22368,9574,0
18314,19477,0
18557,83,0
0,12170,0
41,94,1
16783,7330,1
5331,7872,0
1126,18020,1
10,11193,2
138,594,0
136,9037,1
0,20352,0
20294,3143,1
5184,54,0
2118,5177,1
3487,94,0
17503,19479,2
11538,3983,0
45,86,1
17752,6157,0
13136,18747,0
18314,2822,0
102,108,3
14597,22368,0
63,9290,0
16940,8413,2
12222,1705,7
10969,31,0
131,17367,2
15492,3,1
18,79,0
14840,17726,0
3,6468,0
21191,77,0
58,9037,1
102,61,0
108,20928,0
17855,8789,0
11910,7397,0
102,68,1
12829,22368,0
17485,6677,0
14217,9170,0
3183,83,0
10459,94,0
13325,19806,1
1166,13574,1
110,77,3
17503,20285,1
10431,17807,0
5577,9008,1
54,8643,0
18246,6,1
11674,9920,0
61,795,1
8915,9412,0
10345,3253,0
16675,5264,1
15856,17454,1
13,6247,1
16646,5527,1
1,14676,1
3,6793,0
1,15492,0
16979,3891,0
14567,6493,0
5310,54,1
5310,56,1
17785,2118,1
11085,58,1
17,18632,0
17,18633,0
17,18631,1
19853,83,0
19860,83,2
17503,20752,7
10345,2811,0
18314,4528,0
19790,61,1
16866,26,0
13325,14958,1
131,15929,0
6677,6741,1
16046,20273,0
14567,3204,0
15204,5567,0
1106,363,0
10568,2116,0
12626,22368,0
22343,6,0
13531,17503,2
16268,18747,0
12389,70,0
11117,15856,0
18747,4431,0
183,63,0
17305,21481,0
26,830,0
4528,7,0
18166,474,0
14567,4097,0
3,3303,1
21239,5527,1
7444,8408,0
14026,6114,0
10568,17047,5
4372,9014,0
10568,7701,0
10470,10568,0
13217,148,1
18314,7502,1
8109,86,0
14771,18314,2
14253,16926,0
54,7530,0
17305,4000,0
17503,6340,5
10183,16496,1
11206,18747,0
5050,5331,0
11772,17367,0
10686,11485,0
13574,6790,0
10882,2939,0
5009,94,3
6802,7397,0
10498,123,0
15536,17807,0
133,19352,0
14997,20752,2
10568,6548,0
10978,7979,0
18629,77,2
17766,8309,0
1353,21188,0
1431,18747,0
15204,6492,0
18368,58,1
10568,4879,0
6800,77,0
14272,20148,1
15227,6,0
15748,17818,0
16496,26,2
10,11752,1
22013,6677,0
17305,7110,0
1583,26,0
17807,6822,0
11824,6157,0
14567,22291,0
14567,17355,0
18609,19410,2
6885,94,0
17305,4481,0
14567,16764,0
15543,22368,0
1662,9741,0
26,6999,0
18505,47,0
14009,4124,0
15078,5811,0
4918,77,0
1125,17807,0
10568,1477,0
16927,4787,0
0,2831,0
5280,9857,2
17491,18609,1
112,20876,0
19368,9265,0
13506,9730,1
9008,94,4
14814,63,0
13560,2118,0
10568,11030,0
1496,61,0
14567,5856,0
1585,19407,0
11304,5280,1
11354,17503,2
11416,3083,0
6410,77,0
15212,1754,0
4657,77,0
15749,7,0
17807,18769,1
18314,9062,1
6677,8880,0
15361,5067,0
6,6221,1
1533,7501,0
7020,7514,1
31,8925,0
14160,77,0
26,6205,0
133,5555,0
20726,22459,0
16372,18609,1
3,37,1
17571,94,0
12202,17503,2
16927,8879,1
1517,9777,1
1,17196,1
112,622,0
13,9380,0
45,76,1
18739,8789,0
13,81,1
6665,7436,0
4846,9777,1
11520,1396,0
133,2647,0
13882,22427,0
15931,61,0
14567,19366,0
16590,17503,1
8468,9777,5
2260,7,0
17305,6241,0
17305,6790,0
142,15689,0
15361,18246,0
12675,7330,0
2118,2365,0
15537,17503,5
20295,76,0
16475,17252,0
10568,19087,2
4061,58,0
1581,6402,1
1705,3090,1
131,8693,0
18314,6665,5
133,18688,0
10003,2015,0
22368,2695,0
1009,21592,0
26,65,5
8150,8259,2
1395,22368,0
10213,1396,0
47,7361,0
58,8194,1
13329,14908,0
7,8774,0
11106,133,1
14422,72,0
130,15856,1
13523,61,0
10568,2920,0
21143,6665,0
14674,83,2
2515,6795,1
123,4557,0
13610,83,0
10568,12155,2
10568,16729,2
13330,14272,0
4845,7549,2
18747,2061,1
11587,26,1
83,9741,1
17305,5833,0
11619,17924,1
18654,22053,0
11482,17305,0
14567,19,1
12746,8099,0
11769,4969,1
18034,5264,0
21930,65,0
17912,18747,0
15244,5280,2
12947,9437,1
1126,9419,1
14272,29,2
77,81,1
17503,19637,0
94,9449,1
58,6247,1
17998,5170,0
131,5782,0
3204,61,0
11901,20231,2
1,10,2
5045,7,0
131,18468,0
14859,6665,0
12620,6242,1
133,5566,0
2708,9777,0
20231,9777,1
7657,94,0
14865,6596,1
15940,77,0
131,17375,0
6832,77,0
12855,14865,0
10301,22368,0
11683,51,0
10,6404,1
13,6353,0
37,7439,0
124,83,0
18178,63,0
15501,17503,0
11124,77,1
5074,77,0
11710,18314,0
1009,145,2
12403,18166,0
22368,503,0
25,9190,0
14865,4372,1
18752,6677,1
1511,20752,1
3983,7360,0
14026,4039,0
3983,7362,0
3983,7363,0
1285,94,0
1,13506,3
13217,17503,1
3,5699,0
14567,4717,1
15736,6795,0
18314,18730,2
19790,77,3
18742,20518,0
18747,5863,1
15136,77,2
1,8653,0
13467,15504,0
22378,3803,0
10726,15361,0
59,64,2
4969,83,3
19860,6802,0
4153,6677,0
13,2557,3
4719,9777,0
18577,94,0
27,3685,0
243,2963,2
18774,63,0
7802,84,1
20858,2594,0
11539,6500,0
108,660,2
1705,8685,0
17503,21905,0
17807,933,0
17807,931,0
13,2698,0
16091,54,0
5,6677,2
10215,788,0
18447,5280,0
12673,16337,0
16046,21362,0
8216,86,1
14567,17000,1
1,12409,1
12911,77,2
20805,77,0
18265,7,0
130,3623,2
14362,14865,1
10321,2118,0
1083,14567,0
108,7183,1
41,7829,0
10340,22109,0
2598,5280,0
145,26,1
11193,3484,1
10183,8874,0
83,9728,2
18745,4528,0
15199,54,0
112,9583,0
15306,5170,0
5280,8023,0
150,15520,1
10991,6730,1
1,10345,0
1517,3453,3
16469,3623,1
10568,7883,0
154,17305,1
6,83,3
13,20930,0
21552,9777,0
14013,5331,0
19710,58,3
19206,3487,1
20750,22368,0
19087,20093,2
10345,14537,0
1499,15492,0
18781,3484,1
3022,31,0
18747,22271,0
65,7292,1
14756,7992,0
11934,19477,1
6677,9437,3
122,15953,0
17503,9912,0
150,16426,1
5217,5476,0
1353,1405,0
37,87,1
14733,15964,0
19996,63,0
13032,72,0
12789,84,0
1160,15931,0
112,1942,0
111,4348,0
14567,15889,0
19789,83,1
1662,9229,0
10568,1468,2
17653,18634,1
108,983,2
19526,83,0
17503,21469,1
14567,2805,1
13186,9856,0
19213,9841,0
18747,83,14
20155,83,1
12144,6677,0
11124,131,1
14272,9777,6
2118,3994,0
2118,4081,0
17807,5094,0
13156,3983,0
108,3204,0
20491,77,0
0,86,1
14567,20190,1
16475,94,2
18453,5280,0
14567,4320,0
14567,4321,1
11752,6,3
21246,63,0
14567,4328,0
1158,47,0
5021,7266,1
13,18629,2
19860,6157,0
14026,5990,0
2219,243,0
6795,7470,1
108,18781,2
131,21526,0
11781,14567,1
13,18626,0
3988,54,0
154,21362,1
16783,16985,0
1,16839,0
54,7075,0
12933,77,0
7746,8514,0
26,7292,2
16046,7907,0
14567,18488,0
13,18403,0
16551,21478,0
13440,17807,0
0,5678,0
5001,9037,2
11752,18747,3
2296,65,0
1126,17667,1
122,12713,0
18021,72,0
324,64,1
17785,61,3
22378,2511,0
133,18676,0
12629,5567,0
22157,8799,0
11688,6242,1
21352,5331,1
3112,77,0
10,20910,1
105,61,0
3037,94,0
12082,94,0
11320,83,0
147,54,0
83,9514,0
18747,5583,0
11764,5863,0
12744,9437,0
63,8743,0
17503,6818,1
9268,9777,1
133,21754,0
11420,18340,0
15433,18314,0
15,1882,0
17580,22368,0
17321,27,0
4162,8915,0
6581,77,0
7397,8509,0
14711,17503,1
112,14114,0
19167,26,0
12222,5280,3
14567,20171,2
14186,68,1
77,8984,0
15,8915,1
14126,58,0
5009,8701,1
12535,13,2
11713,6677,1
19728,2018,2
14567,6560,0
1,894,0
17503,489,2
20752,6795,3
16046,37,2
4148,58,1
13,7245,1
16046,30,0
18747,4877,0
17503,7501,0
15537,830,1
14567,5583,0
22434,6016,1
22368,9423,0
5687,8915,0
131,17345,0
19743,61,1
2668,58,0
15797,4433,0
10146,83,0
17807,83,6
4663,58,1
13332,2375,0
61,7548,0
10638,12911,0
18314,4964,0
8915,9388,1
18774,9878,0
11593,54,0
5225,77,4
14567,21510,0
15940,9777,1
20834,86,0
1124,7979,0
108,90,1
0,14806,0
13338,1615,0
15930,18246,0
19162,77,2
15361,7167,0
11901,21752,4
13325,16554,1
15695,17503,2
13269,7514,1
131,20860,0
14227,18166,0
11438,18747,1
18020,83,1
10387,17503,1
18747,6805,0
59,77,4
6795,9142,1
131,5225,2
13435,15361,0
131,20464,0
108,19206,1
153,5280,1
154,18285,0
17565,21634,1
13793,14567,0
20889,65,0
7397,8413,2
21916,4698,0
58,7183,1
15856,376,1
6172,7397,0
14701,7745,0
7330,9174,0
111,6441,0
12631,8916,1
1514,18747,0
20202,33,0
51,9777,5
1,7908,0
15535,2018,0
19308,9777,0
108,5038,0
6404,7330,0
14085,15361,0
14243,86,0
1607,7701,0
16046,4111,0
123,15492,1
10568,6143,0
10568,22434,1
15856,17712,1
10250,18747,0
10568,743,0
10568,17025,3
1,105,3
5280,681,0
13718,756,0
14958,6462,0
9437,999,1
19989,54,0
18314,7529,0
15057,18609,1
17305,8216,0
151,1882,0
13,376,0
112,14160,1
131,19839,0
13293,8762,0
1,11752,5
12965,19695,0
1533,21935,0
108,2818,1
21019,2118,0
5280,9291,0
108,15408,1
15269,2939,0
22282,6,0
13,16926,2
2833,9230,0
16940,6157,0
13215,16783,1
13882,7168,0
6,96,0
6,93,1
112,19472,0
3016,77,0
1,586,0
37,91,2
3972,96,0
1,6404,6
7169,94,2
1322,83,0
13472,17305,0
15484,20726,0
18747,429,0
10568,1674,0
17564,77,3
1237,18314,1
19839,26,0
16569,54,0
10568,11674,0
1705,5735,1
112,17339,3
13476,18747,0
20805,9014,0
11438,83,1
489,6795,1
142,21726,0
21478,86,2
11348,130,1
11741,77,0
154,15858,0
11193,5280,1
86,8636,0
12423,7745,0
6219,7727,1
16188,18314,1
17686,77,0
14567,1577,0
16940,7397,1
13465,7086,0
47,4845,6
10042,17807,0
15,19806,1
16783,7652,2
5276,9008,1
21186,6665,0
18106,8879,1
14865,571,0
12713,1396,0
47,9677,3
17856,8789,0
131,19161,0
10726,6665,0
130,76,0
18075,4969,1
12222,16729,2
21148,6,0
3,6385,0
12964,19063,0
1595,83,1
3654,77,2
3372,6677,0
10568,5973,0
10568,5972,1
1958,739,0
14567,18490,0
18314,8255,0
12280,20190,0
12701,142,1
14984,3487,2
5280,7292,2
1,13325,1
6,78,0
8194,83,2
7727,7841,1
16046,19975,0
14567,3340,0
22378,84,1
10568,4578,0
628,94,0
14272,9170,0
8789,9507,0
150,6388,0
11249,77,3
1,12588,2
18609,983,2
105,76,0
47,7549,3
17707,20638,0
11752,22269,0
17692,7397,0
131,13997,0
14009,77,1
14674,9265,2
21919,6677,0
12916,6795,0
17305,3638,0
3449,7701,0
83,9230,0
7321,94,0
15342,9857,0
17818,77,1
11440,14567,0
18985,8,0
15856,5393,1
2018,26,0
17234,17807,0
4077,7514,1
17367,51,2
136,19790,3
58,6820,3
2192,86,0
10568,11304,4
16436,2698,0
15856,6896,0
125,14358,0
17119,8862,0
5191,72,0
14865,16045,0
125,14357,0
13490,4303,1
18166,9459,0
17,9736,0
26,5280,3
16046,29,0
2608,63,0
15204,20473,0
13171,15361,0
16496,4445,0
17367,20346,0
11482,123,0
13,7829,0
14567,21146,1
15931,7994,0
17807,7507,0
1,8033,0
10568,11245,0
1119,16551,0
1126,7979,1
15361,2789,0
1126,9728,2
14927,17866,0
4571,7397,0
10568,15221,0
6677,8545,0
324,6677,0
1,16469,0
108,20917,0
16046,17604,0
1124,5534,0
108,1581,2
10664,5331,1
10773,3641,0
11689,2260,0
14865,15642,0
14865,3438,0
14490,68,1
1,6970,1
1215,20176,1
14265,17316,0
13988,17503,0
18249,83,0
19162,69,2
131,16089,0
17196,8448,0
11338,70,1
4717,6730,1
14885,18747,1
18524,6677,1
18314,3504,0
11562,14865,1
15856,18539,0
11085,26,2
15599,9777,1
14733,18609,0
16926,77,1
17503,654,0
17503,21212,0
7397,7717,0
65,9234,0
