10568,13134,0
1,8,3
1,6,9
2586,3,0
11348,7514,1
13593,3204,0
19404,37,0
58,8685,2
11339,11752,2
31,6792,0
11189,131,0
16241,8789,0
11256,14272,0
10720,15856,1
1705,8408,1
17305,20344,0
142,17084,0
12411,18314,0
7330,83,14
2900,9777,1
2118,4964,0
17752,9783,1
2712,94,0
1042,54,0
15856,929,0
4885,63,0
7652,9728,2
19668,19669,1
12519,14567,2
21789,7701,0
20316,20568,0
154,22415,1
76,8216,1
11193,15537,4
10983,14865,0
5225,9777,3
19828,6741,1
21563,7,0
5280,9317,0
5,8099,1
1,3055,0
1,3054,0
14602,14797,0
5280,536,0
18121,4388,0
108,8263,1
18707,94,1
123,9852,2
26,3176,0
22368,8792,0
18752,6677,1
19566,2118,0
20420,5280,3
7718,83,1
4277,63,0
131,3016,1
10779,31,0
13617,17503,2
12434,17367,1
13292,13575,0
11285,26,0
20805,6,1
17503,19091,1
4028,83,0
17894,18314,0
17305,20346,0
174,7443,1
10568,20910,3
11421,22378,0
11680,7,0
21208,9777,2
10568,21352,2
10,1408,1
14625,83,2
15537,21119,2
14481,8916,1
2834,9627,2
13523,61,0
13,17516,2
1160,18246,1
142,18760,0
1352,15758,0
16783,3671,0
13710,17807,0
15169,84,0
4764,63,0
19,6404,5
15,16553,0
150,5823,0
77,9105,1
12469,126,0
1532,2939,0
19478,26,1
123,91,0
123,99,1
122,4150,0
21019,6677,0
14567,17299,0
1396,37,1
10345,21076,1
123,15690,0
1,9570,2
21839,61,0
2118,9963,1
26,4035,0
16518,26,0
10150,17,0
11485,13654,2
14860,6665,2
110,5782,2
14159,27,0
10568,13308,2
18139,18774,0
13420,18747,2
1966,83,1
107,131,5
14567,18604,1
6765,8361,1
14567,8548,0
18747,7881,0
15184,5010,0
18747,21620,0
17305,1969,2
13,16839,0
1,20812,0
3306,5527,0
10568,1127,0
12222,8023,1
18664,8789,1
14560,20367,0
176,47,0
123,12407,0
13714,3,0
297,9382,0
108,9382,1
2811,9730,0
14351,18701,0
123,979,0
86,9472,0
11137,18166,0
20420,9437,3
131,7183,1
13,65,14
13,64,2
13,69,3
17785,51,2
15492,6409,1
15517,6912,1
19890,7330,0
131,2557,4
18747,2937,0
20660,22206,2
13,17721,1
11076,14567,0
18489,5527,1
11187,19103,0
13823,26,0
1,17807,8
112,51,3
131,7452,0
112,57,2
17503,471,0
17441,94,1
1019,13593,0
20196,3803,0
58,6970,2
18,23,0
20904,77,0
20904,71,0
11079,14214,0
12708,15,0
20814,94,0
17305,18730,2
17305,17906,0
14567,17355,1
16711,7397,0
14567,4719,1
13325,15,3
6491,8589,0
1750,77,1
6241,6242,1
19799,8799,0
17232,94,1
1353,17223,0
1353,17224,0
13506,9852,2
14160,9777,1
16046,8679,0
16487,31,0
12073,131,3
12629,5567,1
14654,20537,0
12222,3484,4
3217,5280,1
19743,22047,1
4663,58,1
123,15991,0
11688,12952,1
16872,18747,0
14351,22056,0
131,19205,3
7207,8468,1
22415,6677,1
1132,2118,1
12222,17503,15
5,9437,6
16496,2018,2
21146,83,4
2004,83,0
14395,61,0
13425,6180,0
5331,9627,2
12622,13,0
17305,7502,2
18314,4392,0
13,154,7
1595,5475,1
5018,5225,0
25,8194,1
3844,94,0
16533,20255,0
18609,4749,1
18747,22049,0
138,2322,0
108,11620,0
10,16046,6
1533,18075,1
61,9908,1
11877,834,0
10568,3971,3
19695,7992,0
10568,19219,1
153,7598,1
0,6504,1
21018,6677,0
131,16866,2
6340,8789,2
4071,77,0
131,3565,0
20518,8405,0
14865,7278,0
14567,3973,0
17305,5860,2
1497,48,0
13323,17737,0
1786,6157,1
18314,18962,0
108,5038,0
1,6017,1
21911,94,0
14026,5934,0
10568,21370,0
1966,19860,2
14997,6795,2
15930,9777,3
26,5010,0
123,8839,0
17843,9788,0
13574,17807,0
5331,5445,0
13,19002,0
476,94,0
1591,21452,0
13,19005,0
17367,7741,1
10812,131,0
122,1530,0
3632,94,3
10568,602,0
13013,7727,2
13420,15501,1
10848,5680,0
10780,5577,1
10754,18604,0
11187,17,3
13743,5280,0
2118,8544,0
2118,8015,0
2118,8548,0
14865,3571,2
13,15639,0
12628,19122,0
6828,94,0
20518,2806,0
131,5170,4
5140,7140,0
13,6400,1
139,8518,1
19851,83,0
55,61,0
14674,9741,1
1,11423,1
22056,47,0
13,2232,0
13614,63,0
8813,9437,0
11249,65,3
13793,15,0
14733,18609,0
15359,61,0
12952,58,2
15535,17503,2
17216,8265,0
6665,9091,0
26,58,19
273,42,0
12202,21119,0
13,5170,3
54,7683,0
54,7682,0
1007,22323,1
16188,54,1
12168,17650,0
15517,15759,0
108,13299,0
11304,20897,3
16046,16172,1
5458,9014,0
15926,22109,0
1928,58,10
10568,1411,0
16982,19,1
10568,594,0
133,243,0
21384,41,2
18747,2957,0
20935,31,0
19219,9502,1
14640,16496,2
17801,26,0
17503,18371,1
2118,5070,0
649,77,0
12756,6665,0
21887,9777,1
154,2260,3
14272,4340,1
19602,20726,2
1,17866,4
15361,61,5
1009,94,4
131,7436,0
110,12200,0
16046,4081,0
1594,22368,0
14252,17,1
16122,5530,0
13271,18314,1
1342,17663,0
14250,19205,1
10568,19004,1
1353,14941,1
11781,1864,1
15481,21394,0
13575,1705,0
19175,6332,0
19187,8634,0
4787,86,1
0,4719,1
1608,47,0
1126,6791,4
19673,94,0
14567,6421,0
14567,6420,0
14567,6422,0
1166,13,1
14059,4628,0
11799,6677,2
5073,77,0
21556,72,0
19104,5280,2
1124,15173,0
15814,5280,0
1481,59,2
11520,138,0
11520,135,0
11520,131,0
26,5225,3
131,20969,1
18166,9480,0
20190,7306,0
16834,8762,0
11017,19122,1
15659,77,1
11824,83,1
11877,21451,0
10780,94,1
1009,7743,0
15903,2118,0
68,76,2
1705,19104,1
12911,2260,3
6677,6741,1
12631,7217,0
18747,4927,0
61,6221,2
20518,7317,0
31,8925,0
13610,83,0
12392,16329,0
16979,20201,0
13,131,19
13,136,11
13,137,0
13984,6677,0
18747,527,0
4198,58,4
11920,18166,0
5683,7701,0
12519,8789,1
65,7292,2
131,21105,0
13,4148,2
10183,17137,1
3453,3487,1
15537,20752,3
20668,86,0
1451,7514,0
2249,77,0
177,47,0
15537,830,1
14371,14567,0
4140,7015,0
15509,77,1
10568,5257,0
10568,13453,0
15667,83,0
15823,18166,0
10568,9627,4
18747,5292,0
21620,975,0
11106,142,2
22265,7,1
10042,12117,0
7181,83,1
123,18730,2
15204,20473,0
16239,8789,0
11770,17807,1
12015,55,0
12520,83,1
13,19790,6
123,6659,0
108,6885,2
12801,19122,0
12673,14272,0
20752,4628,2
12142,7330,1
0,17543,0
14662,17807,0
17998,2118,0
1396,21208,2
16016,77,0
10568,3484,7
14694,547,0
1121,15,0
1396,7741,1
1705,22421,1
108,41,4
1138,18604,0
1398,5040,0
13308,13988,1
10927,8634,0
14567,83,11
1126,83,15
142,4340,3
11028,2518,0
1468,20752,2
19308,73,0
1875,6885,0
12511,31,0
2213,77,0
3654,5782,2
18166,18355,0
7397,9230,0
5683,9936,0
22349,4998,2
1353,18314,4
15361,17063,0
17565,20293,1
11752,14567,6
103,6402,1
131,21154,0
10929,14567,0
11562,18747,3
21187,6665,0
11447,324,1
17454,6665,1
18075,5475,1
14567,8859,1
22420,73,0
20673,9730,2
18747,19,3
8701,94,2
26,77,12
77,81,1
6472,96,0
0,21117,0
17866,5021,0
18314,7511,0
68,90,1
12506,2870,0
16046,6795,5
16046,6970,2
2567,58,0
17401,17807,0
12120,47,0
10568,827,0
174,94,1
131,19435,0
10350,7188,2
17807,4739,0
26,6205,0
14253,77,3
15081,16046,0
11875,16979,0
1126,7330,3
5,63,4
13,15011,3
19576,77,0
11272,11680,0
16979,8363,0
11680,19205,1
26,4705,2
11921,18166,0
16866,5280,1
19602,5331,2
12397,16045,1
13227,1396,0
151,19104,0
17305,2383,0
14651,6107,0
14865,18747,23
10042,26,3
13,26,11
131,7141,0
57,94,1
16398,488,0
17785,94,0
11752,17866,4
93,96,3
12622,14567,0
17340,83,1
22368,6091,0
20420,21005,2
6024,72,0
15517,6514,1
16729,779,2
9479,9777,1
86,9597,0
16237,8789,0
131,3405,0
10482,15159,0
13365,15361,0
11028,7652,1
10543,58,0
61,659,2
10568,20726,3
19,7183,0
15400,17305,0
123,3232,0
14032,6,0
19789,7330,1
13673,6677,0
16046,743,0
323,6,0
15078,26,0
16783,19726,2
21362,2932,1
112,21751,0
1371,17503,3
12911,13,4
112,7439,0
2811,81,0
15704,8833,2
16046,18664,1
125,5844,0
34,77,8
21592,94,1
12222,1468,2
146,31,0
1126,7652,3
7169,8259,2
10568,16345,0
19310,83,1
1,712,0
112,16901,0
10568,6516,2
14567,6242,11
22206,9582,0
297,77,6
16470,18538,0
15732,4781,0
20518,7378,0
14508,17565,2
14227,19308,0
14567,15933,1
13617,7883,1
19304,6157,0
5863,6596,2
18314,1969,1
14272,297,2
11125,3846,0
14727,5280,0
20,6654,0
15858,5100,0
1396,16714,0
22109,7514,1
18754,20518,0
3869,86,0
14696,297,1
1041,54,0
64,8,0
77,810,1
21119,7735,0
21360,7745,0
14941,18314,1
12583,94,0
3266,77,0
20098,6795,1
14026,6114,0
13490,7701,1
17759,22102,0
11360,15361,0
4657,77,0
17990,18166,0
14865,2061,2
1791,19459,0
83,8510,0
16298,5475,1
20294,83,2
112,15334,0
243,2963,2
20171,47,0
17367,20511,1
1353,17905,0
16045,16575,0
1,2805,1
65,6689,0
123,130,3
17807,5094,0
5331,5489,0
12172,13556,0
17503,19232,0
11520,76,1
11841,14322,2
17305,4048,0
131,136,8
21186,7549,0
77,7830,3
22210,5331,0
2018,51,3
12155,13313,0
10373,10781,1
17503,20910,1
11348,130,1
12155,17410,0
54,8113,0
5350,77,0
150,6388,0
12916,6795,0
16669,3,1
19477,2118,2
2192,86,0
19781,73,0
108,67,3
3258,61,0
108,68,9
15291,77,1
2118,9908,2
13,13328,0
12557,83,0
1396,622,0
17305,18430,0
18166,8672,0
14537,9777,4
20202,611,0
13654,17503,0
0,1664,0
13393,14567,1
11824,7397,1
7335,76,0
54,5530,2
19,19478,0
12540,14567,0
6173,7397,0
6885,77,3
20845,5432,0
20495,5782,1
108,14537,4
12222,91,1
18166,9674,0
18166,9675,1
14305,86,0
148,16046,0
1581,3453,4
14567,3744,1
15481,4845,4
11963,7514,0
19726,83,2
6795,8789,4
20788,9291,0
20579,20812,0
12202,6340,2
11485,8653,0
12222,15537,6
10568,15537,12
3810,6677,1
1533,6791,2
12519,18747,5
112,21927,0
14227,20518,1
16769,21112,1
18314,19989,0
108,15358,1
12866,13,0
17912,37,0
18747,22200,1
108,19480,0
11642,17367,0
11680,22415,1
47,9019,0
15260,9777,0
18264,86,0
17712,7514,1
13159,6157,1
15021,76,0
19860,7733,1
6791,7733,1
13136,17305,0
17503,17657,0
8216,9777,2
14449,15361,2
76,9,0
63,8514,3
18663,68,1
1068,15930,3
3315,77,0
111,1272,0
3298,6677,3
12865,61,0
108,4062,1
103,77,1
11520,6665,1
18632,6677,0
121,86,1
12991,5280,0
5180,6665,0
18391,86,0
3047,6006,1
15408,5000,0
19860,2965,1
19,6560,5
3549,37,0
10568,14479,2
14865,1514,2
11874,138,0
22368,6211,0
22181,22368,0
14567,8547,0
12788,84,0
5113,54,0
131,7830,4
0,14567,3
13,7188,2
20518,250,1
14537,77,6
11752,16046,3
17807,19669,1
1,58,8
21111,7745,0
14567,5792,0
17785,3303,1
13377,5280,1
1431,14865,1
3693,5280,0
18595,70,0
15492,83,2
18654,19891,0
13623,83,1
10991,14567,3
4067,6,0
10217,83,2
5225,77,5
14865,6422,1
13377,9857,1
20518,8803,0
18587,489,4
10251,18747,0
7745,8514,0
131,26,9
14865,22271,1
22378,4340,2
14362,6,1
14071,5020,0
12208,594,0
13,4453,0
131,8,0
16612,20845,0
10568,18944,2
131,13410,0
22102,8220,0
10568,11719,0
12519,17807,3
11418,9535,0
2118,7447,0
11543,84,0
17565,83,2
1581,9777,3
10568,6793,0
21384,9777,1
10568,6795,8
1180,26,0
15613,37,0
13013,13014,2
12745,6677,0
13513,94,1
18760,84,0
129,5280,0
4705,5280,2
14683,9291,0
123,13506,4
13615,6157,0
3906,47,3
22466,94,0
21084,22368,0
13201,138,0
131,17428,0
19536,5264,0
16046,21146,3
14026,2634,0
18958,2118,0
20171,6242,1
13155,21752,0
14449,22420,0
10785,1517,0
8150,94,2
13,9007,1
0,140,2
0,142,4
10353,14865,0
18747,6209,0
11899,5280,0
15091,2118,0
10568,12897,0
17216,5408,0
4518,7330,1
13980,5280,0
19434,61,0
15136,1928,2
11688,14567,4
14567,804,0
15852,22368,0
142,19181,0
142,19180,0
17503,3971,2
110,13,6
110,12,4
12222,2125,3
3983,7359,0
14567,18938,0
131,15259,0
10650,6677,0
19993,65,1
10568,8628,0
131,21112,1
21143,2118,2
22378,5280,0
11752,154,3
21752,47,7
14567,16035,1
1396,14085,0
11752,83,6
1170,3314,0
14680,18314,1
1532,18747,0
12522,17305,0
13215,16783,1
6402,65,2
6402,69,2
10330,15057,0
6,77,5
14641,17807,0
6,78,0
15429,16046,0
1955,7330,0
1581,3654,3
14490,68,1
1,18391,0
16982,77,0
3083,7701,0
1126,18747,3
18747,58,2
26,9172,0
77,9544,0
6,6404,2
21138,4060,0
18540,20518,0
18938,2118,0
16046,2963,2
14272,22378,4
14026,20356,0
15,151,1
10727,142,1
2118,22475,0
102,61,0
17564,18915,1
1272,9777,0
108,1166,2
17339,77,1
138,547,0
6,891,0
11689,7,2
6157,7540,0
21385,9777,0
18166,6960,0
13,18617,0
10568,4628,4
17426,7067,0
17305,9062,1
0,6005,0
3183,83,0
5010,6547,0
1588,18314,0
16940,83,2
22309,6665,1
135,7802,0
7443,9186,0
17,8820,0
19,7942,1
14677,20518,0
10568,339,0
12506,5331,0
131,4100,0
13793,3983,0
18166,22180,0
13477,61,0
14958,16046,2
1396,20922,0
1396,20923,0
10,18636,0
274,54,0
17305,3618,0
10257,125,0
12168,94,0
18314,21478,2
131,17395,1
16815,2218,0
102,73,1
1724,17707,0
14860,86,2
12621,18,0
15492,61,4
17975,20752,0
17503,3090,2
112,15940,1
16539,5331,1
5217,5476,0
12407,6081,0
18314,3789,0
6391,8194,0
65,9271,2
3177,8879,1
12037,17305,1
18747,21239,2
2977,4445,0
17503,835,1
5076,77,0
21005,9437,2
5280,9627,0
18166,8226,0
108,15057,1
12911,59,5
7701,8478,0
21076,6665,1
10183,18538,1
15519,65,0
18166,474,0
14468,8576,0
10568,11861,0
13490,17503,0
13560,2118,0
10568,5050,1
18747,19763,0
2040,8620,0
108,18187,2
19087,4998,2
10350,12911,3
6460,83,0
17305,4320,0
1119,17047,1
1517,9382,1
47,9730,2
12718,20518,0
22050,4462,0
11106,14603,0
21457,94,0
108,4749,1
0,12222,0
1502,77,0
154,7,1
154,6,4
16982,7330,1
20587,8931,0
14701,9999,0
1786,19860,2
77,853,0
4162,4163,0
14958,21146,2
17975,94,0
14026,19315,0
7842,9777,0
10972,14567,0
13159,7181,1
12588,83,2
1674,7719,2
14797,17998,0
21222,83,0
14184,14885,1
18314,19477,2
0,20352,0
0,20355,0
13,8194,3
11587,17503,1
3487,94,0
16046,19,8
45,86,2
18314,22117,1
15492,3,2
5555,83,0
14840,17726,0
17866,22415,1
108,29,4
110,77,10
18246,6,2
297,3998,3
16675,5264,1
322,6,0
17,18632,0
17,18633,0
17,18631,1
3743,54,1
17564,9777,0
3076,77,0
16046,20273,0
1255,341,0
10568,2116,0
13,7829,3
16268,18747,0
18780,83,0
14012,14865,0
2085,22368,0
10568,17047,12
18314,7502,1
108,3017,0
108,3016,1
17503,6340,5
10183,16496,1
5050,5331,1
15259,8657,0
13574,6790,0
5009,94,3
15361,17556,0
112,1581,5
10290,18461,0
13607,87,0
18629,77,3
17766,8309,0
15965,16046,1
17305,7110,0
14397,9777,1
18745,7,1
11824,6157,0
20805,77,1
18575,5177,1
15543,22368,0
1662,9741,0
11033,15,0
15078,5811,0
14322,20495,2
14479,16238,0
112,20876,0
16952,8588,0
16046,6404,4
9008,94,5
105,16046,2
111,16830,0
11304,5280,1
6410,77,1
16240,8789,0
18314,9062,1
123,17894,1
16372,18609,1
112,622,0
1618,5280,0
12829,2668,2
13,81,1
15198,54,0
11520,1396,0
13882,22427,0
5335,83,0
8468,9777,7
17305,6241,1
17305,6790,0
142,15689,0
18723,86,0
18747,5863,2
10568,19087,4
4061,58,0
1581,6402,5
18,84,0
18166,6188,0
123,4576,1
1395,22368,0
47,7361,0
58,8194,7
13329,14908,0
130,15856,3
16496,5280,4
2018,297,4
12329,20917,0
15124,6732,0
11482,17305,1
8288,9437,4
12746,8099,0
17503,8755,0
15856,5140,0
18609,6885,1
15124,17503,0
20647,21138,0
131,5782,2
1,10,8
14859,6665,0
1,19,9
10568,743,2
131,17375,0
51,61,1
18364,20190,0
13596,2118,0
19122,7834,0
2118,3306,1
14865,4372,1
1,13506,5
1270,1396,0
108,5808,1
5339,58,0
14567,21015,0
22378,3803,1
4153,6677,0
6242,6730,3
6548,6795,2
18577,94,0
13,291,0
10,58,4
1615,83,0
10715,26,0
19503,26,0
18447,5280,0
12673,16337,0
1,11339,3
10199,859,0
14567,17000,2
12911,77,6
18265,7,0
1083,14567,0
108,7183,1
14351,3983,0
145,26,3
10568,13020,0
17734,77,0
10568,13026,0
16128,2876,0
10568,16055,1
12503,19,0
11193,3484,3
1,953,0
17807,3362,2
5177,77,1
14567,2119,1
13506,37,1
10991,6730,2
1517,3453,4
12033,86,0
10622,7,0
18747,4431,0
2018,8879,1
10345,14537,0
20176,324,1
16783,9777,1
12471,126,0
37,87,1
14733,15964,0
1397,17305,1
0,21904,0
1662,9229,0
19526,83,0
18166,2239,0
0,15492,2
112,21861,0
1864,21371,1
16979,2721,0
18911,70,0
108,3204,0
20491,77,0
1705,18587,6
14567,20190,5
5021,7266,1
4962,61,0
13,19710,9
14026,5990,0
131,2326,1
112,12434,2
12933,77,3
13,18403,1
16551,21478,0
148,18,0
1126,17667,2
122,12713,0
3112,77,0
13498,83,0
19477,77,1
130,4238,1
63,8743,0
3204,61,0
21960,83,0
17807,6259,0
4340,84,2
11028,8653,0
112,17050,0
108,9788,2
14186,68,1
15,8915,1
14126,58,0
20752,6795,3
16046,37,2
16046,30,1
138,16857,0
21971,94,1
17503,7501,0
16711,7568,0
4628,6746,0
17998,5170,0
17367,297,5
18368,58,1
142,20632,0
19162,77,2
15361,7167,0
13513,3632,1
17763,26,2
131,20860,0
11438,18747,1
10437,18747,0
13793,14567,0
3184,83,0
15914,7706,0
14568,16302,0
14701,7745,0
31,9756,0
18314,18797,1
0,8303,0
51,9777,5
14396,45,0
1,7908,3
10568,17025,4
14063,6801,0
13718,756,0
18314,7529,0
16453,17503,0
17305,8216,0
13,376,1
10076,8789,0
5280,9291,1
13,16926,3
3016,77,2
11876,16979,0
15484,20726,0
18747,429,0
1237,18314,1
12073,297,2
6171,6665,0
17564,19790,5
12847,131,0
1399,21967,0
12423,7745,0
17686,77,0
14567,1577,0
14865,2575,0
13465,7086,0
54,7882,0
5276,9008,1
21186,6665,0
141,8879,0
14865,571,0
12713,1396,0
108,8473,0
1126,1875,1
131,15306,1
366,7514,0
17305,3306,2
13332,2375,0
14567,18490,0
1196,142,0
10568,22270,0
16927,9437,1
17503,4239,0
11447,5,3
10345,22125,0
123,4557,0
19,7908,2
10568,4998,2
105,76,0
11028,1125,1
0,45,2
5375,63,0
14449,19744,2
15361,17340,0
20155,83,1
136,19790,5
11781,14567,1
10146,7397,0
5102,6791,0
19167,26,0
17367,20346,0
11482,123,1
26,41,4
131,17356,1
1,8033,0
15361,2789,0
1126,9728,2
3902,77,0
14567,21385,0
15057,18609,1
1124,5534,0
10664,5331,2
14865,3438,0
11193,14304,0
14265,17316,0
77,9007,1
14885,18747,1
11562,14865,2
15152,18075,1
4571,83,0
16926,77,2
17503,21212,0
7397,7717,0
65,9234,0
15856,8293,2
18166,9281,0
13731,22368,0
12207,131,1
20917,4183,0
123,16469,2
10183,2115,0
12636,17305,1
61,7548,0
17503,7774,0
14654,31,0
138,22398,0
2247,77,0
6308,94,0
15535,83,4
17204,17503,0
12911,1481,2
6404,6560,2
10,20420,2
10568,13007,0
83,9889,0
12506,13332,0
14069,21005,0
10393,39,0
19821,9777,0
20812,6677,0
1971,54,1
14567,4198,0
64,77,3
7188,84,2
13862,20518,0
13328,94,0
17565,26,0
17899,6846,0
3994,8239,1
16582,6700,0
15434,20247,1
8931,9730,2
12202,1705,1
1,6504,3
3906,9910,0
14227,2333,0
154,19,3
18000,22368,0
11840,3453,1
1,18747,16
16902,26,0
12325,17807,0
19710,94,5
1,4727,0
131,15466,0
20860,3063,0
1581,26,3
1096,110,2
1980,31,0
145,16475,2
6795,835,1
1170,12418,0
18,2119,0
12479,6795,1
17119,6795,1
12983,1396,0
11339,2260,3
10325,112,0
17707,6422,0
14567,21738,0
10353,22102,0
10159,47,3
19122,22178,0
12409,17866,1
1662,3189,0
15327,34,1
12155,13394,0
12297,13465,0
15184,6559,0
12297,13467,0
13,16489,1
14272,51,5
1,12952,2
16906,26,1
12013,6795,0
6063,94,0
39,9388,0
11423,14625,1
15354,3357,0
16046,58,9
6677,8288,4
17543,70,1
18870,9751,0
1126,19938,1
11824,16783,2
15965,65,4
19744,659,2
17047,21119,1
10727,18314,0
10159,12162,1
13987,37,0
132,9437,1
6574,83,1
20495,22013,1
123,3623,3
15744,8762,0
15932,21810,0
112,18588,1
20518,3179,0
19990,6795,0
2965,83,3
16046,18769,1
13522,61,0
14567,16509,0
16620,94,0
112,15534,0
2493,4449,1
13269,7514,2
1928,5681,0
14537,29,3
17359,3,0
13014,7727,2
12865,13593,0
18747,3362,2
11877,15445,0
15492,17367,1
111,6927,0
12222,18587,3
16100,54,0
13045,14567,0
10568,6016,2
3,6970,0
26,94,9
13,6730,2
14209,18747,0
14567,17637,0
11425,83,0
20660,47,2
17170,6727,0
12479,6549,0
4424,9170,0
15856,21019,0
18747,9442,0
16386,2118,0
10991,1864,1
12291,76,0
1353,19063,0
131,15327,2
131,18769,0
19122,2042,0
37,7439,0
12271,15932,0
10726,17305,1
20518,68,0
16045,16046,0
14892,22368,0
17807,8021,0
15327,9942,0
247,6242,1
11124,77,4
22368,6073,0
10991,18747,0
21444,6157,0
11955,17807,0
15869,9627,0
11799,20420,2
0,68,2
1,13949,1
122,20878,0
1,12545,0
1,16046,25
10561,6,0
17321,54,0
11439,18293,0
12519,20190,1
138,13961,0
6727,743,2
15552,17,0
47,7270,1
58,65,10
1019,142,0
10042,1928,3
10290,8293,0
108,20979,0
5223,8790,0
10651,8879,1
12819,5280,0
14567,6352,0
14796,26,0
84,86,3
15643,20518,0
1,15535,4
11418,6795,0
12202,17503,4
15632,77,0
1705,489,3
1502,2118,1
112,7141,0
19087,22349,4
16926,58,1
10,19,6
17503,503,0
14227,250,1
13,6500,0
15856,18539,2
16927,6677,3
20682,84,0
2668,6999,0
1431,26,0
54,9921,0
16382,22368,0
147,54,0
112,14114,0
83,910,0
18747,7706,0
15609,17503,0
1,21570,0
13574,61,1
1237,17305,1
16188,18314,1
2084,83,0
16711,83,1
18285,8788,0
14026,22340,0
18314,8255,1
18166,3762,0
7802,86,1
16866,58,3
26,9296,0
131,6249,0
12361,19122,0
13506,18314,1
19649,83,0
20944,3906,1
14865,16252,0
11689,2260,1
108,913,0
6286,7397,0
14490,18314,1
34,9271,3
15492,19790,1
14567,9730,6
5782,65,0
17,4973,0
14227,20016,0
0,15986,0
3,9095,0
1096,131,2
15198,3972,0
18266,54,0
11687,9777,0
47,6735,1
20812,7745,1
18604,20190,1
14304,83,2
65,69,2
3791,6560,0
1353,19477,2
11380,17866,0
122,6081,0
17339,7245,4
21506,3627,0
83,9265,2
108,5450,0
2846,5280,0
47,619,2
16414,21138,0
13269,7140,1
1396,20266,0
1396,20263,0
15361,4505,0
19938,83,1
11925,17503,0
17503,18747,8
15730,77,0
2238,27,0
13132,16046,0
17543,54,1
127,142,1
2846,8288,0
19955,26,0
11106,76,2
20023,9777,0
10726,123,1
14362,14865,1
17316,20588,0
134,324,1
19404,9777,0
16188,3,1
11713,6677,1
1353,17305,4
15914,2937,0
15011,6912,2
16496,16906,1
14880,5280,0
0,4340,2
9437,999,1
12381,13500,0
14272,14537,3
16046,17503,8
13,5629,0
11752,13393,2
12222,37,1
11901,47,7
17,4151,0
10727,76,1
20420,20495,2
112,16866,1
10664,16539,1
14567,5527,8
21385,4372,1
11464,20752,0
142,8544,0
15011,2118,1
14567,7671,1
5267,8468,0
123,2118,11
13616,6157,0
10568,7388,0
18663,20928,1
10665,8589,0
1987,20858,0
1525,94,3
12535,15136,1
11348,27,0
108,15572,0
131,1581,6
105,13506,2
17807,17907,0
136,2557,3
17736,2118,0
13151,94,0
10568,13217,3
14839,77,0
15656,15945,0
4528,7,2
20093,22349,3
10568,30,1
136,1928,1
11770,1864,0
17419,18166,0
16996,6,0
131,14696,1
17503,18020,1
14488,14567,0
11228,17905,0
8107,86,0
108,486,1
14771,86,2
7942,83,1
83,8410,0
83,8413,2
13593,17084,0
12535,136,1
17516,18747,0
153,7292,2
19695,6107,0
110,12990,0
112,4846,1
15361,3745,0
17323,9777,0
19215,73,0
11438,16046,1
10568,933,4
2878,31,0
1928,2668,2
1096,19469,2
0,6081,0
11677,54,0
25,26,1
14865,9086,1
5463,7514,0
12424,15914,0
18590,77,2
21281,6,0
17300,18166,0
51,84,1
6458,7652,0
20284,8789,0
13591,6157,0
12564,14567,0
4628,7701,2
13506,14567,5
18020,37,0
17305,18593,0
18587,6795,4
1398,15212,1
10183,9367,0
10,5280,4
16703,31,0
112,2992,0
10568,2834,2
10183,859,0
20944,47,1
8254,9419,1
14908,4940,0
131,9027,0
17305,3853,0
17305,3856,0
17305,3857,0
17305,3855,0
26,4663,1
18167,6665,0
17047,6516,1
13308,17503,3
1009,16475,2
13556,7701,0
17,324,1
16590,83,2
16590,82,2
125,13318,0
1396,9443,0
15732,4038,0
10568,7719,4
13269,8293,1
19745,76,0
4702,7397,1
22368,4811,0
17924,47,2
83,975,0
14567,15889,0
13100,19122,0
11874,9111,0
18952,3,0
14272,2018,4
131,6912,4
1533,7501,0
112,6343,0
1353,15011,2
503,8653,0
14984,19206,2
12006,131,1
16845,83,0
15930,18246,0
11772,76,0
16091,54,0
20180,8688,0
16172,58,2
12703,22172,0
13,15136,7
18424,5331,1
15351,6404,1
1581,64,2
1581,65,2
17491,20231,0
14865,6282,0
19828,6677,1
21230,76,0
19,2061,2
19,2060,0
1,3306,0
10350,17866,5
4119,83,0
20883,5331,0
18166,18746,0
21186,22206,0
5331,9362,1
13,16447,0
19980,86,1
10568,11374,0
22047,61,2
142,7802,0
9852,99,1
1170,83,0
10568,9716,0
148,73,1
6820,94,4
14567,18246,0
17807,6504,1
15856,22109,3
10727,20231,2
13512,18314,0
10936,20518,0
9265,9519,0
15856,2038,0
11087,17503,0
14272,17367,5
16188,17305,1
1479,86,0
2119,83,1
14026,7841,1
10004,22368,0
2544,9730,2
16046,91,1
16927,18524,1
112,3453,5
1179,6241,1
142,2979,0
17077,488,0
10568,7018,0
10568,130,2
10568,7017,0
11370,94,0
19744,61,3
17339,9777,3
14676,6404,1
11439,61,0
1068,112,1
21721,3,0
16584,21752,0
1705,4628,3
19091,21533,0
108,20845,4
131,20152,0
40,41,2
6791,83,7
1,894,0
10015,83,0
1335,297,0
14362,9777,0
12703,16238,0
36,37,0
11354,6795,2
14865,19860,0
153,58,1
5,8288,5
154,21362,2
61,7274,0
18747,21064,0
11804,14567,0
18747,4111,0
14567,2963,2
14567,2964,0
18747,19401,0
15535,17367,4
4006,7,0
14184,2061,2
142,21322,0
14808,27,0
19175,7749,0
133,86,3
133,84,1
17305,4576,1
17765,20778,0
3177,5280,0
1237,1276,0
21013,27,0
15709,73,1
144,2804,0
14200,94,0
1,16229,1
22206,47,6
11711,18314,0
5217,5314,0
8259,94,2
0,29,4
2560,8468,1
15642,17503,0
13230,61,0
26,6820,5
10568,9362,1
18604,991,1
138,13929,0
10568,489,4
13465,15504,0
15668,7397,0
15204,7719,0
150,83,2
16127,8293,0
10042,21026,0
10651,6677,1
5667,9437,0
1705,20264,2
17667,61,1
17807,9086,1
11106,795,1
1597,77,1
17731,6,1
18166,823,0
131,5709,0
11128,112,0
10042,4795,0
1525,9008,2
18,243,1
15517,22080,0
18538,493,0
13,6543,0
86,9281,1
10,20190,3
17305,18314,21
131,20774,0
13843,5217,0
15481,21752,3
14567,8931,2
14567,8933,2
12373,1396,0
2118,2632,0
5177,6,2
14537,7245,5
14272,2254,0
123,3306,2
14588,18747,0
12552,77,0
18747,21296,0
17483,20795,0
108,112,6
12202,6795,3
108,13409,0
3310,94,0
2002,63,0
63,8742,0
1,9852,1
11764,58,3
10350,6730,2
12962,22102,0
11680,13,1
15856,17712,1
16866,94,4
17503,1993,1
10568,7731,0
14865,19479,2
131,19993,2
13252,17,0
1533,83,3
112,15605,0
20201,834,0
2932,7,0
18747,781,0
5280,9570,1
22378,6677,2
12509,2723,0
65,743,1
10568,22378,0
21079,83,0
2497,86,0
14506,14984,1
19824,77,0
1098,54,0
11494,63,0
3667,94,1
18707,7401,0
14056,17503,1
15286,17305,0
488,8271,0
108,11715,0
12222,5280,5
3836,83,1
10568,4879,2
14009,4124,0
11600,15273,0
5060,7883,2
10568,5478,0
25,9190,0
16597,1750,0
10568,9779,0
2526,61,0
11304,12222,4
154,17305,1
14322,8879,1
15759,17395,0
13795,77,0
14304,16046,2
6279,8687,0
14026,5808,1
20420,8025,0
18018,6795,0
65,8685,2
13159,83,2
18371,22368,0
2682,83,0
11529,126,0
19205,2557,2
0,12647,0
1514,18747,1
13058,7979,0
108,20858,0
1322,83,0
15268,3633,0
112,15599,1
15492,7455,0
10568,153,2
14601,15930,0
110,19790,5
14026,19773,0
15501,5010,0
22378,3298,1
21310,2213,0
20518,8900,0
17232,65,2
11482,133,0
14243,18314,1
10252,20568,0
10,6677,2
13811,987,0
10159,21752,2
12,17367,2
134,9437,1
139,37,1
130,779,3
18587,7979,0
1132,11934,1
5045,7514,1
65,6820,5
3,73,3
10727,125,1
4628,6747,0
18634,61,1
18747,7330,2
10568,17534,0
21243,22368,0
17462,22102,0
1371,58,1
34,6820,3
17305,20666,0
10568,16624,0
5782,6677,1
14865,5863,2
16541,8878,1
1273,3298,0
54,7802,0
1705,5001,2
15078,17608,0
19122,4588,0
15275,26,0
3116,77,0
14026,6721,0
18166,20712,0
31,363,1
20931,77,2
4640,94,0
108,7319,0
13060,5530,0
13506,6404,1
29,68,5
108,9565,0
29,67,3
19728,6677,2
20536,289,0
14108,21971,0
10781,7323,0
12655,779,0
1,18246,1
11553,26,0
1490,20752,0
1654,17861,0
20294,7330,1
16298,83,1
15736,17503,1
5280,7745,2
10568,1527,0
13801,18314,0
11934,2118,2
21514,77,0
1718,18314,0
22378,84,2
14400,2493,0
12588,6404,2
20522,36,0
15856,4077,1
10568,20988,0
123,1408,0
58,6346,0
3351,58,1
7488,8789,0
21773,94,0
131,3064,0
21102,22368,0
10568,12629,2
17305,18088,0
18314,4964,0
14748,58,0
13673,7745,0
131,5729,1
10351,3,0
10568,2870,1
10,22415,1
22109,4238,1
1126,9942,1
20897,6795,3
18020,83,2
14567,2201,4
18894,63,0
15535,17807,4
125,16106,0
10991,59,2
12519,20752,0
1753,7,0
11933,6730,0
14567,17866,2
16613,9777,0
13506,96,0
20858,2594,0
11023,11221,0
3459,8,0
112,18350,0
112,18352,0
17503,6795,28
1,18803,0
1,18804,0
13607,6665,0
11923,18166,0
108,13468,0
1,10388,0
111,19001,0
14026,6918,0
131,1352,0
18411,18747,0
17367,7245,6
17305,19064,0
4845,9730,1
21019,7397,0
15481,22206,3
10345,3915,0
12249,86,0
6677,8878,2
6677,8879,7
20889,65,0
17503,9086,0
10042,17543,0
2103,94,0
20518,20752,1
18166,4433,2
11546,83,0
21011,27,0
16621,18314,0
16089,18747,1
6,6504,1
6677,7638,0
16783,8448,2
2118,22266,1
6677,7635,0
6677,7634,0
6677,7636,0
15267,2118,0
15567,58,0
12167,19091,0
12479,6242,1
4702,8413,2
16982,83,1
17453,2115,0
17564,5001,2
2158,94,0
13435,77,0
6157,9265,2
2939,7881,0
11877,4629,0
2018,22378,3
13019,83,0
15930,73,1
10805,13701,0
6084,7397,0
17025,1705,2
15361,21660,0
15856,5045,1
12222,20264,2
14567,14958,1
10409,20518,0
11841,20495,2
4964,77,0
14567,247,1
14567,243,2
10568,21119,3
19268,47,0
16046,1736,0
17564,7632,0
16329,5280,0
11918,18166,0
19602,20447,0
131,7245,6
10215,6677,0
10,10568,2
19710,4372,1
13325,19806,2
14567,5094,0
13420,17503,3
13032,72,0
133,5555,0
12676,20917,0
17073,17305,0
1705,3090,2
17503,21608,0
131,20990,0
20293,83,1
14184,18747,3
17707,83,2
17066,19510,0
12403,17807,0
17503,21469,1
12423,4236,0
112,7245,4
12631,14481,1
11438,17785,0
2544,6730,3
3,54,7
83,9942,1
13,13275,0
11354,489,2
19,55,0
14860,18314,2
134,5,3
1,140,2
1674,8261,3
131,21063,1
154,15858,0
17137,18538,1
1,6700,1
19066,6665,0
1595,20010,0
859,9581,0
20518,8580,0
21889,7397,0
37,8255,0
10495,14304,1
2018,6677,3
131,15011,6
13691,17503,0
21885,3,0
17503,7883,4
20084,7582,0
11023,94,1
3716,61,0
12057,54,0
21360,6677,0
20121,77,0
21866,54,0
5009,9748,0
15537,6833,2
6677,9005,0
111,265,0
16046,21094,0
19162,6400,2
2560,9777,1
6279,8588,0
17650,61,0
15216,20,0
10991,16436,2
10159,11901,2
17339,18314,0
18747,22034,0
13269,17637,1
17441,5276,1
14567,19348,0
15945,2118,0
22368,8745,0
15,9388,1
58,9570,3
17367,5225,3
15209,84,0
21220,7181,1
12635,18314,0
15358,486,1
14680,17305,1
10183,9384,0
1882,83,0
15361,3589,0
12434,41,1
6677,8431,0
5475,9430,0
123,6993,0
15361,7004,0
15361,7001,0
15361,7003,0
15361,7002,0
142,76,6
1705,7701,2
2260,77,4
17565,18747,4
19743,20262,0
18747,8448,1
2018,612,0
10526,131,0
20,20527,0
112,1954,0
13,17564,7
105,14567,2
112,16783,1
15136,58,5
59,9630,0
11680,131,3
18635,5280,0
22013,6404,2
16194,5331,0
18747,8634,0
15537,6016,1
16979,17438,0
11410,2118,0
6242,6852,0
4818,6510,0
16164,18747,0
11249,94,2
18075,83,5
131,22378,1
3972,61,3
18166,22179,1
31,5803,0
13,22249,0
19710,77,4
5210,94,0
16046,17807,6
131,14539,0
131,14537,6
16952,20518,0
18609,19883,0
14865,17565,2
1,17503,4
10495,6795,1
14222,14227,0
112,17367,7
19770,7,0
7652,83,7
16590,19479,2
14490,8255,1
18747,18966,0
10568,18587,6
118,19806,0
16944,2201,1
17488,3,1
47,692,1
18,9062,0
131,3453,2
18557,83,0
20221,8789,2
133,8132,0
8538,94,0
10495,8653,0
15856,5021,1
15744,488,0
3,61,2
14326,14865,0
10350,16021,0
10568,21469,1
13015,18747,0
14272,8216,2
10183,16804,1
1240,351,0
12568,63,0
2130,22381,0
10654,9777,1
19860,9265,2
8867,94,0
86,90,0
260,94,1
131,14250,2
11104,112,0
15800,6340,0
0,12170,0
1126,18020,1
10,11193,3
138,595,0
138,594,0
13,19396,0
17503,19478,0
17503,19479,3
11538,3983,0
55,70,0
17752,6157,0
102,108,5
14597,22368,0
53,76,1
16940,8413,2
10969,31,0
18,79,0
21191,77,0
58,9037,1
20420,3810,1
108,6220,0
26,529,0
10936,14654,0
1166,13574,2
17503,933,4
7397,8509,0
10345,3253,0
13,6247,1
14567,6493,0
7444,9449,1
14508,20190,0
14865,15071,1
17503,20752,8
18314,4528,0
13325,14958,1
19104,65,3
11447,8288,2
14567,3204,0
15204,5567,0
1106,363,1
12389,70,0
10568,8261,3
10215,788,0
14567,4097,0
153,30,1
11193,17047,3
14253,16926,2
10851,131,0
17305,4000,1
17503,82,1
10686,11485,0
1328,18915,0
3,37,3
13416,77,0
14272,20148,1
11221,15704,1
16496,26,8
10,11752,3
22013,6677,2
13,14702,0
18609,19410,2
6677,755,0
18745,4528,1
3,4846,1
17491,18609,1
19368,9265,0
0,86,4
7,8718,0
11249,13,4
1496,61,0
14567,5856,0
1585,19407,0
112,12066,0
112,12067,0
15212,1754,0
15749,7,0
7020,7514,1
20726,22459,0
17571,94,0
12666,8263,1
16927,8879,2
1,17196,1
14865,17807,4
18739,8789,0
1183,16046,0
13,21239,0
133,2647,0
14567,19366,0
16783,7652,3
16046,7444,0
10003,2015,0
11934,77,1
8150,8259,2
11339,77,1
15361,9323,0
131,14071,1
14145,18166,0
10242,9777,0
18747,2061,4
17305,5833,0
11619,17924,1
13313,18356,0
19,74,0
21930,65,0
17807,2428,0
11674,54,0
17667,83,2
58,6246,0
58,6247,1
13654,58,3
11901,20231,2
2260,59,3
7657,94,0
17853,6340,0
138,7425,0
12855,14865,0
10991,13,2
17503,745,0
10,6404,3
5294,65,0
18178,63,0
5074,77,0
12403,18166,0
3113,77,0
1285,94,0
17557,7330,1
13186,63,0
131,15854,0
15736,6795,1
18166,9535,0
15136,77,3
1,8653,0
20858,2595,0
16743,17,1
59,64,2
4969,83,3
4719,9777,0
14227,8306,0
11902,18314,0
19790,77,7
108,21754,0
17807,933,0
17807,931,0
18911,4881,0
6157,8640,0
14955,18166,0
10321,2118,0
19790,5170,3
10340,22109,0
11876,4230,0
15361,17785,2
112,9583,0
11240,15965,0
3972,48,0
150,15520,1
1,10345,1
112,20333,0
21220,7397,1
16469,3623,2
6,83,4
15085,15358,0
14013,5331,1
19710,58,4
19206,3487,1
2147,83,0
1499,15492,0
4303,7721,0
11562,19479,2
14756,7992,0
11934,19477,2
8792,94,0
104,6677,0
17503,9912,0
1674,5567,1
15797,18166,1
111,8433,0
112,1942,0
21391,5280,0
19789,83,1
10646,54,0
10568,1468,2
10568,1461,0
14567,2805,1
13186,9856,0
19213,9841,0
18747,83,17
10350,59,3
12144,6677,1
16046,17119,1
107,297,4
22368,8229,0
6,9278,0
16475,94,2
7701,9857,0
14567,4320,0
15856,18355,0
11752,6,5
14567,4328,0
19677,22368,0
2219,243,1
18915,19626,0
1969,2118,1
16783,16985,0
2965,4006,0
0,5678,0
0,5679,0
17785,61,4
22157,8799,0
10,20910,2
11320,83,0
20860,8194,0
11535,6,0
11764,5863,0
12744,9437,0
133,21754,0
1481,77,2
15,1882,1
10568,4367,0
17305,22117,1
6581,77,0
14567,14663,0
14567,14662,0
26,5280,9
122,15949,0
5009,8701,1
11124,14009,1
10568,20752,8
13,7245,2
102,10568,1
12542,77,0
14567,5583,0
22434,6016,1
5687,8915,0
19743,61,1
17807,83,8
1256,1374,0
12627,8932,0
10773,3901,0
10638,12911,0
5710,980,0
11223,125,0
3311,9777,2
139,91,1
1,37,4
1126,19310,1
19122,7602,0
10,8,3
1,30,1
2118,8239,1
6795,9142,1
1573,22368,0
2118,61,6
18747,6596,2
21916,4698,0
15856,376,1
7330,9174,0
111,6441,0
12631,8916,1
11602,13,2
14322,18445,1
15535,2018,3
14085,15361,0
1607,7701,0
123,15492,1
137,15659,0
21650,47,0
10250,18747,0
2015,58,0
1,105,3
14567,6800,0
19989,54,0
108,20917,0
4879,8261,2
19478,7741,1
1,11752,9
1533,21935,0
21019,2118,0
4372,8295,0
13882,7168,0
112,19472,0
1,6404,11
18747,19955,0
10568,1674,4
1425,31,0
17564,77,5
1276,150,2
13393,18747,2
14537,3654,3
11485,58,3
16569,54,0
21494,77,0
5010,7168,0
21478,86,2
86,8636,0
6219,7727,1
11403,2118,0
1353,1502,0
15,19806,2
130,76,1
3654,77,6
13988,17503,2
18464,3632,0
14984,3487,2
1,13325,1
11689,15748,1
14567,21362,3
8194,83,2
16982,6560,1
1065,18314,0
12829,58,3
133,18688,0
628,94,0
1,12588,2
15361,9304,1
47,7549,5
12636,18314,1
6665,8324,0
21437,54,1
13467,7086,0
7321,94,0
10568,14211,0
12713,18314,0
11872,123,0
7019,7572,0
61,9096,0
16436,2698,0
10627,8548,0
11187,16340,1
13490,4303,1
136,71,3
110,297,6
136,77,7
77,8984,0
14463,1966,1
16496,4445,0
14397,8468,1
10568,15221,0
108,1581,3
1,6970,2
1215,20176,1
108,6727,1
10568,2762,0
18249,83,0
108,90,2
20945,76,0
18524,6677,3
18314,3504,1
12222,18131,1
11085,26,2
3315,9777,0
15856,21977,0
15361,16763,0
2428,26,0
2118,8576,1
16979,7637,0
5280,5369,0
45,76,2
21974,6795,0
108,15659,1
12,131,5
12,136,3
10183,9857,0
14373,94,0
123,2476,0
4176,6791,0
108,12351,0
15343,9431,0
5075,77,0
131,1336,0
108,17491,1
108,7727,4
4303,7701,1
4000,6241,3
11106,6665,0
11546,6157,0
1864,20171,1
13654,8194,2
20231,7245,1
12625,83,0
17503,9931,0
15843,17204,0
12155,19602,1
11635,83,0
14567,16511,1
18747,3571,1
14640,16804,1
10568,1119,2
18560,54,0
10350,77,6
13,13726,0
20568,8,1
10042,16046,2
18909,94,0
15360,15361,0
13506,2118,3
12847,58,1
14567,16646,1
12952,16046,2
14567,15517,0
108,9395,0
13425,70,1
14797,16046,0
11017,18853,0
16469,2118,2
11353,26,0
10568,10663,0
10568,10664,1
111,18595,0
13793,1513,0
72,8500,0
1928,26,5
131,7447,0
105,2963,3
10437,3,0
4007,83,0
14406,26,0
13,58,15
13,59,8
68,7245,1
110,3654,5
10568,4698,0
13269,4986,1
16511,17000,1
17905,9156,0
131,2018,8
14851,5331,1
16590,18747,3
14567,733,0
136,17564,6
14567,735,0
2811,3901,0
13,17866,3
125,1396,2
19122,3655,0
6735,9777,0
17866,77,3
324,6402,2
247,7,0
17894,2118,1
22349,5331,3
112,40,2
112,41,5
1534,47,0
20148,9777,1
14911,19410,0
10410,4433,1
18,18747,3
601,71,0
15494,6,0
10654,8468,1
10898,131,0
11106,6,2
17828,20121,0
14227,22179,1
10568,2977,0
20331,84,0
13,6207,0
18445,94,0
6419,7397,0
22029,2878,0
108,12161,0
17170,77,0
18121,6479,0
41,5225,4
18971,4818,0
3906,9677,2
19958,2118,0
16046,20750,2
324,5,3
14865,18604,3
112,7226,0
21384,7319,0
20812,5280,1
13,7266,1
19821,54,1
19267,6241,0
4142,7020,0
2118,4000,0
14745,65,0
20754,7514,0
1,18965,0
4454,5331,0
108,21896,0
131,8852,0
108,21895,0
7103,83,0
131,20931,2
15801,6340,0
18314,20862,0
12697,65,0
131,59,3
1525,7443,3
15517,18915,1
1525,7444,2
17807,6265,0
17807,6261,0
15856,17637,1
19175,5010,0
14567,16436,1
17503,6548,2
17305,61,0
111,2813,0
1,11770,1
13654,4198,1
112,19451,0
16940,7733,1
7087,7718,1
16496,65,3
13858,15361,0
11422,22378,0
12696,69,0
20518,2133,0
54,6462,1
10568,10781,1
14568,7701,0
16340,17,1
17305,7245,0
4198,65,2
16418,83,1
17990,7514,0
1,2260,3
12073,77,3
17721,7188,1
19405,37,0
12732,136,0
107,77,3
13409,13593,0
14865,3362,2
2696,37,0
16979,8230,0
12120,14007,0
16489,77,1
19058,94,0
23,8,0
18539,779,2
18538,21880,0
20202,3191,0
18747,5001,1
20518,5059,0
108,12985,0
7444,94,4
20568,94,0
111,54,1
102,17185,0
3972,84,0
10568,13463,0
16061,17,0
13,19162,3
112,13805,0
21971,3667,1
1928,9083,2
108,18663,3
10568,13468,0
8110,86,0
11713,18752,1
21370,65,0
18166,6072,0
59,7830,2
13365,27,0
18106,6677,1
14640,26,1
83,9419,2
15856,6438,0
19839,6400,1
14029,18747,1
11017,8988,1
1,12306,0
16783,17305,0
16496,16804,2
3298,8514,1
17367,9777,8
1276,7330,2
17720,77,0
19291,9777,0
11765,94,0
3693,5510,0
18801,5280,0
20674,94,0
1,7643,2
11520,84,2
21746,6,0
83,8933,1
18747,8829,0
18747,8828,0
13593,2979,0
1928,8194,4
19122,6765,1
1126,9419,1
140,37,2
16046,21362,1
11764,15136,1
2834,5331,2
21111,6677,0
13961,5331,0
2375,7701,0
1,20750,2
17988,7582,0
3,6385,0
19389,3983,0
2118,9970,0
131,5367,0
131,5366,0
20202,33,0
10568,18781,2
12569,63,0
12829,8194,2
12144,21738,1
7337,83,0
4340,76,3
15517,3568,1
131,13567,0
11249,77,4
13269,15856,4
18747,21634,1
13716,8789,0
16575,17503,0
15931,7994,0
12222,19885,0
10350,13,7
2963,7095,1
15964,54,0
12588,18604,0
20231,21752,2
83,9787,0
108,3089,0
14272,1581,1
10183,17801,0
13854,18314,0
7443,9008,3
20495,6677,6
16764,7188,0
17852,8789,0
15212,7,2
5038,94,0
13617,6795,1
17787,6,0
19540,6,0
131,15535,4
10495,18604,0
13,77,41
13,71,5
17503,18587,6
15013,3154,0
131,19790,7
7455,9777,0
15537,1705,4
14865,6017,0
22206,4845,4
11483,2118,0
22091,7330,0
13593,595,0
108,11840,1
15361,21222,0
6241,9455,0
10514,112,0
17617,61,1
7330,9520,0
131,18445,2
1126,1533,2
15361,8503,1
17503,2518,1
7245,77,7
17503,2515,1
13,6885,1
16372,20765,0
112,1297,0
18539,20518,1
18353,19702,0
20988,488,0
17807,21239,2
14537,19790,2
14567,2543,0
14567,2544,3
10568,14409,1
15011,77,3
15011,71,2
21063,77,1
13960,150,0
136,18337,0
15537,5280,2
17503,20221,2
13862,26,0
15856,7803,0
19,22013,2
20171,3744,1
131,71,4
131,77,36
0,19527,0
150,7330,2
3311,8468,1
15011,21143,1
14508,14865,2
22102,8634,0
11945,123,0
15011,6677,2
15232,22378,0
12162,7772,0
18895,5510,0
16116,19477,1
18781,3453,2
13215,7397,1
10727,9777,2
18403,20805,0
5280,8890,0
16743,18147,1
11085,16046,2
18587,20897,4
13,5577,0
5672,94,0
10568,15465,0
154,22112,0
18730,7549,1
19860,21472,0
145,21244,1
10568,6727,1
13,145,2
20093,5331,3
4197,8363,0
14567,19037,0
18314,9281,1
12073,13,2
18020,466,0
7087,83,1
17503,22011,0
6,8396,0
11752,6791,1
14449,6127,0
16238,21633,0
131,14322,2
18261,86,0
11304,14711,1
26,3125,0
10568,18424,1
0,7444,0
112,14413,0
10568,3090,2
13325,20813,2
16731,94,0
10568,5735,2
10568,5734,0
18314,18940,0
18131,5280,1
8099,9437,1
18314,9635,0
1396,1588,0
22104,22368,0
17807,6409,0
20518,5130,0
17866,6,5
14908,19410,0
14567,18077,0
14567,18074,0
14567,18075,1
14567,18073,0
2631,77,0
10,14567,4
18781,37,0
3453,41,3
118,7302,0
2568,3571,0
3108,71,0
15933,6242,1
3453,5177,0
63,6677,3
15934,26,0
14674,6157,2
1393,5280,0
1971,5530,1
12479,14567,1
14026,9689,0
108,57,3
15204,20988,0
16046,8789,3
16046,16591,1
19492,9777,0
16851,31,0
1125,7652,1
246,4148,0
140,54,1
16418,20285,0
20518,4142,0
15856,3447,0
14819,26,0
10568,15695,3
108,15964,0
1,15351,2
5,8514,4
150,17271,1
488,6116,0
2823,8194,0
17367,6409,1
10967,5280,0
19781,8518,1
31,8212,0
10586,26,0
11108,133,0
17267,6,0
5184,54,0
55,73,0
11764,94,1
12280,2061,1
19212,990,0
138,18147,0
14677,16232,0
112,1517,3
2986,94,0
22465,94,0
109,15,0
21014,27,0
1,6646,0
14814,63,0
18357,83,0
1583,16854,1
19122,4310,0
26,65,11
16046,9923,0
1864,9945,0
4375,84,0
19304,20229,0
15940,6409,0
20615,83,0
22378,4786,0
1786,8220,0
11319,7397,0
112,21976,0
1182,14865,0
16210,7649,0
112,12701,0
10568,5120,0
131,15517,6
11060,9777,0
13453,16046,0
16703,16850,0
13,19,2
10345,6665,1
11124,7245,2
11437,18604,1
12207,77,1
18747,2963,2
18747,2965,3
14712,20518,0
17856,8789,0
10568,9159,0
15856,5393,1
5191,72,0
11642,17305,0
11171,20518,0
108,8918,0
1962,5567,0
4376,7701,0
11046,3,0
65,9912,0
8475,8762,0
131,18468,0
10350,9105,1
14272,4080,0
1371,7883,1
1165,61,0
14567,4717,1
20402,5264,0
16369,86,0
7310,83,0
4628,8508,0
112,14396,0
18757,3,0
1614,17807,1
61,96,5
61,93,3
14304,17503,4
1124,4700,0
1705,7444,1
12146,7,0
130,13506,3
10804,77,0
13540,86,0
18747,21845,0
5009,7401,0
58,94,9
18747,6,6
18730,6665,2
12744,3893,0
1,83,10
20896,22206,1
14272,17785,1
14560,19316,0
8685,94,2
37,4877,0
16318,94,0
10568,6835,0
10568,6833,2
6730,8931,2
2939,7706,0
13988,16046,1
619,9677,2
12678,18565,0
17503,4628,4
16418,18020,1
16475,8040,0
12142,83,1
6665,8073,0
6665,8072,0
13,3369,0
19538,5264,1
1353,5860,1
1714,6665,0
1396,9777,3
15914,17462,0
2118,22305,0
17503,2375,0
17196,6404,1
0,10726,1
13531,1705,2
108,7245,5
16046,8,3
1864,2201,1
15361,19538,1
17047,3484,4
15802,8789,0
13317,14865,0
7207,9777,2
6095,7745,0
15507,17066,0
108,594,0
10338,16046,0
7245,9777,6
21119,6017,0
83,8509,0
19122,3595,0
10549,14567,0
18314,86,6
16426,17271,1
15615,7745,0
5577,94,2
40,9777,2
20580,21745,0
5530,9919,0
1055,150,0
1,2811,2
13,1928,6
0,14806,0
17503,8623,0
15361,2965,0
131,297,11
21019,65,0
65,94,10
13,14009,3
12490,72,0
12847,4198,1
17503,9535,0
108,73,1
18747,8862,2
41,9777,6
108,77,8
13075,7270,0
131,17066,0
16808,18314,0
14625,18747,1
16969,17807,0
17807,4142,0
15856,7266,2
15747,15932,0
1,1861,0
131,9536,0
937,9891,0
3585,94,0
108,12666,1
21239,83,3
108,12660,0
10568,3217,2
17077,8762,0
1353,21188,0
10183,9234,0
14155,14865,0
15361,709,0
13004,14567,0
11124,94,2
14567,3340,0
1485,84,0
15987,94,0
1396,14639,0
15327,20969,1
13,2260,4
6795,9938,1
131,21144,0
15535,20511,1
14567,1614,1
21448,9777,0
11249,34,4
17807,22397,0
10773,18747,0
154,19710,2
12162,47,3
16046,6016,0
16046,6017,1
16783,17707,1
15818,16553,0
1823,6677,0
2518,6795,1
13574,22047,1
14304,19860,1
10568,6999,0
17564,9037,3
77,94,7
12611,16680,0
1614,83,2
14771,6665,2
13623,1875,1
108,3047,1
90,9788,1
1705,18748,0
12,77,5
18747,8789,3
14026,14891,0
131,19423,0
10568,830,2
10568,10605,0
6002,83,0
11688,6730,2
19672,61,0
3262,83,0
19122,20207,0
15011,19170,0
10568,18385,0
14872,6665,0
108,12865,0
22117,9777,1
13,14253,3
12153,77,1
1716,5475,0
2118,22117,0
2709,94,0
11263,58,0
125,19207,0
10336,86,0
18187,4062,1
16495,7829,0
13,34,6
4787,8879,1
13217,17025,2
18314,22339,0
10668,4873,0
10568,19031,0
133,20193,0
10568,5502,0
13574,8789,0
110,2018,3
10568,12929,0
3117,77,0
17405,68,2
151,4162,0
21244,94,1
10350,6,3
10015,3358,0
10568,20530,0
150,22392,0
16453,7701,0
1,14561,0
1752,7,0
108,897,0
17305,5399,0
17305,5398,0
10568,20285,1
13410,4198,0
15610,16046,0
12509,6649,0
11832,13332,0
1119,19104,0
472,9777,1
12884,54,0
3530,65,0
1159,47,0
18166,9456,0
14184,15501,0
17503,20264,2
17807,19670,1
1231,6,0
14362,18747,2
21481,84,0
22013,6560,2
15492,96,1
11520,7188,2
10107,54,0
34,65,4
1238,83,0
5276,94,2
112,15930,2
13232,6727,1
3971,933,2
18730,47,2
10321,13,0
6677,8684,0
4628,8789,1
14272,3803,1
10373,10568,2
108,3453,8
15856,7514,9
13,17232,2
108,11240,0
12434,14490,0
1,189,0
17351,83,0
154,19247,0
131,34,7
16046,9570,2
11187,12209,1
22378,4424,0
12221,18528,0
15455,26,0
12154,86,0
18166,440,0
4321,6351,0
112,9777,20
20726,21352,2
10183,14783,1
131,18106,0
13,19993,3
15306,18,3
18289,5553,0
13,4198,3
7443,94,5
8468,9268,1
20294,6157,0
10568,12155,3
111,19423,0
13949,17807,1
21460,6677,0
1581,324,3
15611,83,0
108,22283,0
47,9946,0
4022,9777,0
108,22289,0
14567,20673,1
108,18609,8
1705,2125,2
18314,21208,0
12423,6677,0
10290,3032,0
12629,7719,1
122,3,3
5671,83,0
31,3629,0
31,3627,0
17047,933,3
1119,17025,1
11674,14623,0
3040,94,0
14490,2696,0
15748,18403,0
20176,72,0
15517,9514,1
15537,3484,4
13,9271,3
14463,19860,1
11682,13957,0
3632,7169,1
6721,73,1
627,94,0
17454,7514,1
111,14681,0
10882,2939,0
15540,26,0
5331,7872,0
1376,7701,0
21752,4845,4
11304,1705,4
18143,8789,0
1849,19710,1
11874,54,0
17557,7397,0
14217,7207,1
14227,17989,1
54,70,1
54,73,1
14560,17503,0
14567,21239,2
154,9014,1
110,17564,5
1,14958,3
21887,8468,1
17819,21188,0
131,9514,1
122,8081,0
11929,26,0
376,7266,2
29,9777,3
16046,9211,0
21208,29,1
11602,77,1
7652,8254,1
11100,6677,0
10495,1125,1
13,3628,0
142,17158,0
16541,18524,1
10568,16729,4
698,86,0
18793,19213,0
138,4151,0
20190,6,0
17298,26,0
17752,83,1
3323,84,0
19993,77,2
5475,83,3
13500,31,0
10568,7371,0
12179,86,0
8517,99,0
133,18658,0
142,779,0
3102,94,0
14567,8862,2
131,3568,2
17305,21295,0
17534,488,0
108,16032,0
58,7829,2
1,8279,0
15306,6,3
131,1517,1
6,61,6
17340,17707,1
57,9777,1
10568,211,0
14250,17564,1
13103,14490,0
19429,6795,0
112,21939,0
18604,18747,1
10568,818,0
15535,8859,1
17503,6259,0
21371,6242,1
3022,72,0
18314,1896,0
2742,71,0
19,2805,2
14272,21685,0
18747,27,1
108,19744,0
12975,2118,1
12470,126,0
21959,83,0
21944,96,0
21461,6677,0
1098,27,0
108,18293,1
16704,18747,0
19653,9751,0
19303,6791,0
3,8548,0
12865,72,0
12209,18631,1
76,86,6
13607,14567,0
17516,71,1
17503,9037,1
17516,77,1
19213,73,0
18747,2308,0
14443,70,0
1,711,0
1360,3,0
10568,19058,1
112,17763,0
17305,5405,0
20250,779,0
15204,17592,0
13,18590,2
10568,9197,0
10568,20518,4
12037,18314,1
11799,20495,2
17785,6790,0
15,20813,2
102,3453,2
41,77,6
37,6081,0
10727,7549,1
8150,9186,0
14272,3311,1
1,15492,2
17503,8789,6
3627,5408,0
18553,4462,0
21119,6833,2
5009,7443,2
127,3905,0
16426,2859,0
1126,7566,0
19248,2570,0
20231,47,4
10568,779,3
122,3303,1
1,8517,0
22368,2695,0
17503,5001,4
14422,72,0
2326,77,1
6107,8343,0
13,6820,5
7652,8448,3
11249,131,3
17711,2375,0
7140,7514,1
112,15958,0
1371,6795,1
15288,61,0
16530,17,0
2118,4081,0
11720,15537,1
21362,8862,1
11841,8878,1
123,13046,0
21948,83,0
153,6677,0
12475,86,0
10183,94,0
12479,17503,1
1124,7979,0
19160,77,0
1399,4528,1
0,21620,0
1276,83,2
14865,22200,1
11338,13425,1
131,16089,0
4528,77,1
76,9731,0
10434,18747,0
18895,5280,0
123,20083,0
10568,5060,3
26,9570,2
10568,11701,0
12222,13531,2
108,18196,0
14814,5280,0
10568,22434,1
37,52,0
11841,6677,3
12503,8850,0
7134,8789,0
17854,8789,0
10560,6677,0
19175,94,0
14567,16920,0
4701,6130,0
16646,5527,1
5280,9832,0
3257,54,0
15,16555,0
15,16554,1
20898,94,0
15,16551,0
20201,4629,0
14865,17150,0
154,17517,0
19146,94,0
154,17518,0
20128,2557,1
12222,14304,1
10002,14865,0
2921,8589,0
21244,8040,0
20420,6677,6
14026,5943,0
18781,54,1
15361,5264,4
17503,4067,1
13957,15856,0
17047,2125,2
13,9037,4
2429,61,0
18747,2797,0
17503,20285,1
1608,9582,0
16426,3179,1
0,130,2
0,133,3
54,8643,0
1049,15332,0
10568,20897,5
17305,22476,0
2018,65,3
20333,77,0
77,7849,0
14865,8862,1
54,56,2
82,83,1
11752,8862,2
10213,125,1
5197,83,0
10495,17503,4
10568,20093,3
2711,94,0
18730,20231,2
14567,871,1
7397,9265,0
14773,86,0
18756,3,0
19091,9142,1
17807,601,0
10079,111,0
10568,13827,0
15494,27,0
1,11470,0
15291,26,1
11124,58,1
70,9095,0
1007,77,1
27,61,0
108,7749,0
1233,54,0
16729,17503,2
5280,5834,2
1502,21143,1
58,6643,0
7979,8789,1
20812,9999,0
14004,22102,0
595,61,0
108,14506,1
10568,2125,4
53,86,1
11684,14397,0
5077,77,0
131,6402,3
17785,2118,1
13,20005,0
18314,3306,1
22309,86,1
6402,77,4
20298,26,0
1064,19248,1
14436,22368,0
1353,9539,0
8872,94,0
2193,86,0
48,4846,1
13427,13957,0
13739,17765,0
15965,26,3
131,19469,2
15748,7,3
1156,13313,0
15481,7549,2
108,17696,0
18747,22251,0
17557,83,1
594,87,0
19632,26,0
5553,58,1
2707,7245,0
12,810,1
14567,7942,2
18166,251,0
14007,14190,0
14322,6677,5
14395,17721,0
1,3259,0
3114,77,0
123,22269,0
10042,58,4
4963,61,0
123,22266,1
14328,7639,0
18293,18609,1
13,1750,1
12865,6677,0
14537,3047,2
1396,16715,0
18,96,2
18604,3078,0
19710,9014,2
121,76,1
16944,2118,0
18355,7473,0
2118,2260,0
11900,6677,0
21752,9677,1
12975,61,1
5762,83,0
5225,7245,5
11439,6790,0
22368,9574,0
41,94,3
16783,7330,1
18747,8985,0
15965,58,4
13136,18747,0
18314,2822,0
14009,18629,2
144,56,1
144,54,2
154,18403,1
18314,21481,1
12222,1705,9
3,6462,2
131,17367,11
15704,94,2
3,6468,0
4940,8657,0
17503,5060,2
12933,3654,3
108,20928,1
17855,8789,0
102,68,2
12829,22368,0
17485,6677,0
17305,19477,2
10459,94,0
10431,17807,0
5577,9008,1
61,795,1
17807,7507,0
6242,6912,0
3,6793,0
18760,3,0
5310,54,1
5310,56,1
19756,22368,0
14672,63,0
10345,2811,1
21239,5527,1
1383,18166,0
17,18147,1
17,18148,0
11193,3217,3
18123,5375,0
22343,6,0
16816,54,0
17305,21481,1
26,830,0
22246,58,1
16866,26,6
1,1029,0
10470,10568,0
14771,18314,2
54,7530,0
11206,18747,0
10223,18314,0
18747,7979,3
10568,6548,2
10978,7979,0
10568,11720,2
1431,18747,1
15204,6492,0
14567,9212,0
10568,13581,0
17355,6730,1
17807,6822,0
10320,94,0
14567,16944,1
3568,7830,1
14567,16764,0
12202,16046,2
6665,9946,0
1125,17807,0
14567,20987,0
5280,9857,2
13506,9730,1
12222,933,3
17807,18769,1
6677,8880,0
17912,6730,1
15361,5067,1
1502,86,0
67,68,3
20945,6665,0
20221,6795,2
22154,83,0
1166,19710,1
4846,9777,1
15931,61,1
16711,1786,1
15361,18246,1
12675,7330,0
12701,142,1
20295,76,0
16475,17252,0
10568,4578,0
10568,4571,0
19387,84,0
10213,1396,1
7,8774,0
11106,133,1
1620,77,0
14674,83,3
19890,7,0
13330,14272,0
4845,7549,2
17954,9777,0
83,9741,1
14567,19,7
11769,4969,1
3719,6017,0
16979,4145,0
17912,18747,0
14272,29,3
1,12909,0
94,9449,1
108,20241,0
5045,7,0
12620,6242,1
2708,9777,0
20231,9777,2
131,5654,0
15940,77,0
6832,77,0
14322,18524,1
11683,51,0
124,83,0
15501,17503,1
12557,58,0
11905,14865,0
1509,2118,0
22368,503,0
3983,7360,0
11085,17232,0
3983,7362,0
3983,7363,0
16059,17667,0
18314,18730,2
18742,20518,0
13467,15504,0
7397,8221,0
27,3685,0
18774,63,0
7802,84,1
7181,7397,1
108,660,2
17503,21905,0
16464,83,0
127,76,1
8216,86,1
1,12409,1
15382,94,0
1,11106,2
20190,6560,2
41,7829,1
22013,3372,1
13317,16046,0
17503,20098,1
15456,7,0
16953,22368,0
122,18390,0
10568,7883,2
11485,8194,3
1916,2118,0
3022,31,0
14567,8353,0
18747,22271,1
61,6998,0
10568,1483,0
150,16426,3
1353,1405,0
61,6997,0
19996,63,0
19,8,4
17653,18634,1
108,983,2
3906,619,2
11124,131,2
13392,15856,0
18314,9070,0
10840,83,0
12933,131,3
19327,22368,0
1,4556,0
102,18781,3
21246,63,0
1158,47,1
10934,5280,0
13,18629,3
19860,6157,2
10568,16866,0
11546,7397,0
108,18781,2
131,21526,0
13,18626,0
20660,4845,2
54,7075,0
7746,8514,0
26,7292,4
14567,18489,1
14567,18488,0
10568,19096,0
10568,5567,2
18021,72,0
22378,2511,0
123,4562,0
15856,9516,0
105,61,0
7979,83,2
83,9514,0
20546,351,0
83,9518,0
15433,18314,0
17580,22368,0
17321,27,0
14711,17503,1
1630,7,0
20726,5331,3
15511,18166,0
16028,18609,0
4148,58,1
16436,59,1
17503,20897,5
20518,779,4
131,17345,0
10473,5276,0
0,4787,1
15797,4433,1
20518,9813,0
2900,7270,0
51,77,0
11593,54,0
16126,7642,0
17025,17503,3
20834,86,0
13858,17706,0
11901,21752,4
13325,16554,1
16969,17503,0
18747,6574,1
14227,18166,3
7741,9777,2
150,3179,1
10387,17503,1
1353,895,0
131,5225,5
18075,4969,1
131,20464,1
108,19206,1
154,18285,0
7397,8413,2
16686,18747,0
19479,6340,1
16046,9040,0
6404,7330,1
12260,31,0
14243,86,1
14569,581,0
14958,6462,0
2309,486,0
112,14160,1
131,19839,1
1397,18314,1
2833,9230,0
3972,93,2
37,91,3
3972,96,2
19423,94,0
14537,9250,0
7169,94,3
109,4162,0
11769,83,2
1068,73,2
17807,18747,7
14026,6188,0
1931,9791,0
377,6,0
20552,8762,0
118,21930,0
63,999,1
18106,8879,1
2065,9730,1
131,19161,0
10726,6665,0
14567,614,0
1595,83,1
142,4846,0
10568,5973,0
10568,5972,1
18,6,3
15537,17503,5
7727,7841,1
14272,9170,0
19205,20128,1
16244,17305,0
19,20568,1
17707,20638,0
17692,7397,0
14009,77,4
19535,6665,0
1,1408,1
15975,7701,0
83,8859,3
131,22415,1
3449,7701,0
83,9230,0
83,9231,0
18747,528,0
83,9728,2
17818,77,1
16329,6677,0
0,20328,0
2018,26,4
133,19077,0
17234,17807,0
4077,7514,1
10674,6677,0
1655,7,0
58,6820,4
21208,37,1
10568,11304,4
17119,8862,0
18166,9459,0
16046,27,1
16046,29,1
13171,15361,0
10568,11245,0
7445,94,0
14927,17866,0
4571,7397,0
1157,18166,0
1,16469,0
1064,14865,1
11253,83,0
17637,18166,0
20750,7908,2
19162,69,2
300,5280,0
15599,9777,1
17503,654,0
21309,2213,0
16046,9186,0
11339,18747,3
10938,5217,0
12222,65,1
11023,7444,1
108,13574,2
3056,77,0
125,21587,0
125,21586,0
125,21585,0
11304,17503,5
6912,77,2
22047,7337,0
14567,17975,0
84,9777,2
108,19410,2
17305,21368,0
10966,20791,0
18166,5926,0
10007,9777,0
7169,8150,2
4046,488,0
10042,5553,1
14537,15509,1
26,9186,0
15856,813,0
19181,2056,0
10727,1396,2
5331,7573,0
10145,2041,0
131,6006,1
16238,5060,0
18262,86,0
14865,2569,0
14567,4048,0
659,6790,0
2015,83,0
8955,94,0
11752,12519,3
11720,2928,1
19122,8988,1
14545,6,0
12559,17807,0
11543,3983,0
130,20518,2
26,2755,0
17902,22368,0
14865,21385,2
151,37,0
10568,22209,1
12789,84,0
16496,4705,2
21974,4628,0
10568,5589,0
17924,2885,1
5225,8224,1
12222,19104,3
123,4545,0
14190,3773,0
20518,5131,0
16059,86,1
14272,20247,1
18489,19205,0
1,12553,0
108,13013,2
12911,4528,1
12155,1705,2
10966,15645,0
108,13014,2
15914,8634,0
10183,21142,0
10996,6,0
10666,5331,0
4969,6791,1
17305,9018,0
12947,9437,1
17807,21146,2
17503,19637,0
26,5810,0
1,29,2
6791,7330,2
6677,8576,0
444,6,0
102,29,2
12498,1533,0
16729,20518,2
18759,3,0
6210,94,0
18463,18747,0
14567,7436,2
14184,16046,1
14783,8874,2
21005,6677,2
351,7572,0
18166,19094,0
11193,1705,2
110,131,14
110,136,6
10350,154,4
13858,7330,1
12259,86,0
10,26,3
13886,16238,0
12952,14567,1
13286,16046,0
65,8957,0
7733,83,3
26,8874,1
7639,9791,0
16532,17,0
5,6043,0
16866,65,4
16393,5527,1
18947,77,0
10568,12222,14
14322,15011,2
22368,3235,0
11193,5280,3
123,13671,0
14071,16769,1
18235,84,0
19,21362,4
10513,112,0
13574,54,0
13071,70,0
19084,6345,0
6,9595,0
17047,17503,4
14865,990,0
108,19086,0
13593,21322,0
14449,15930,1
17410,19219,0
10257,17663,0
1559,7912,0
15125,18747,0
17807,4648,0
15306,96,2
15306,94,0
10568,5001,2
21840,61,0
17305,410,0
17807,20155,1
125,2512,0
131,19140,0
11543,2118,0
2118,6414,0
15306,18747,2
11437,18166,0
6730,9730,3
16046,2811,1
17305,7624,0
1755,7,0
154,17866,6
15856,4818,0
17503,18227,0
65,71,2
20793,4388,0
1255,13643,0
14026,7108,0
5808,7841,2
22368,2918,0
14056,1705,1
10568,12820,0
10805,595,0
18246,61,3
0,18955,0
14272,67,1
16933,22368,0
3143,83,1
6665,896,0
16232,7514,0
10470,84,0
17305,3504,1
16046,44,0
2379,5909,0
18595,3,0
297,3654,6
11764,8194,1
3,5699,0
10726,133,1
13949,14560,0
2515,6795,1
17231,20518,0
20518,20855,0
131,3998,3
19710,2778,0
125,1341,0
65,6727,1
321,6,0
10568,2633,0
112,15523,0
10350,11772,0
6678,9730,0
18796,94,0
138,15259,0
12222,17047,5
12812,6665,0
131,1597,1
13162,6002,0
18747,21385,1
11688,6242,2
17305,8247,0
11769,21146,1
11246,9627,0
12641,7,0
10387,6795,1
21385,2907,0
19860,6802,0
18747,4877,0
77,9601,0
14537,6006,2
3654,3998,2
1662,7718,0
14567,17912,1
17462,18747,0
19728,3994,0
14567,16394,0
14567,16393,1
6677,8514,5
3,898,0
22303,7444,0
15518,18166,0
108,12247,0
5001,9037,3
112,20203,0
1,9416,0
6820,77,4
1689,54,0
14816,94,0
10295,1353,0
13506,17305,2
1705,17503,18
15456,8198,0
13,8928,0
11602,4148,1
15643,18166,0
18747,4659,0
131,15332,1
15212,15748,1
18747,19479,4
18609,4184,0
16436,18314,0
14567,2932,1
6655,8007,0
11437,14865,1
18240,84,0
16035,83,1
22323,77,1
21384,94,1
11922,18166,0
18166,7622,0
1218,7514,0
19787,76,0
13556,17503,0
13022,6,0
15214,77,0
22368,6060,0
12280,14865,1
21237,22421,0
5716,94,0
94,980,0
18539,22109,1
17711,4067,0
0,74,1
0,76,9
17503,3484,5
16783,7397,2
17503,6818,1
26,9857,1
13,1849,1
112,3654,2
13,15332,1
112,3309,0
131,2103,0
26,5834,1
13,7443,0
10327,108,0
11750,8789,0
153,5280,2
14449,41,1
17182,4651,0
10147,83,0
13892,17503,0
123,7502,2
123,8630,0
20518,4794,0
10988,3629,0
2544,6242,2
1,11085,2
153,26,3
13,2698,0
18166,8709,0
110,14009,2
15071,18747,1
19272,9777,0
11877,16979,0
2885,47,1
10568,7701,4
6677,9779,0
21889,83,0
21472,7397,0
22378,7554,0
15136,18590,2
131,6656,0
15611,61,0
10350,17305,1
16812,7733,0
17367,4619,0
14865,22282,0
1705,18020,1
20837,5841,0
21138,2493,1
20754,779,0
37,3972,0
5527,6242,1
22368,25,0
66,8288,1
20518,20632,0
15011,19728,2
18747,3836,1
21478,6665,2
122,22095,0
17367,20945,0
10568,1705,17
14188,22368,0
15517,2957,0
16172,26,1
15880,18314,0
17305,829,1
17,20877,0
107,3998,2
10350,7671,1
1581,77,6
13,1614,0
12964,87,0
11221,8833,1
10534,9777,0
10183,9575,0
17,19653,0
1124,243,0
17323,54,0
2557,77,3
19710,59,2
18663,9788,1
13,13793,0
16866,2018,4
1993,6795,1
47,7476,0
14567,2762,0
14567,6730,11
8833,94,1
17047,3217,2
11879,18524,0
11106,61,2
122,19821,1
18233,84,0
107,15517,1
16116,2118,1
6677,9437,6
4065,58,0
17763,77,3
2996,94,0
1065,9777,0
18505,47,0
57,7183,1
17818,4198,1
21752,22206,3
13159,14674,2
10720,7514,1
131,4368,0
14026,4781,0
16952,18166,0
1162,17,0
19535,6,0
10568,15055,0
18432,7330,0
1352,15320,0
6404,6700,1
324,4211,0
6677,8015,0
19122,6898,0
21311,59,0
13,13882,0
10100,8879,0
18314,829,1
14148,27,0
10954,1396,0
132,63,1
123,13801,0
15136,18747,1
18747,21050,0
108,14490,1
1674,4879,2
19860,83,6
13559,2118,0
15361,659,2
5727,6795,0
10568,5515,0
18747,6422,1
14026,19817,0
4462,5010,0
13708,18747,0
18747,19670,1
112,472,1
10485,14865,0
1371,26,2
17731,34,2
14567,4000,1
125,20320,0
11252,142,0
1160,15931,1
3532,6,0
10568,9938,1
123,16976,0
5280,9912,0
13718,16979,0
17,3022,0
14874,17905,0
10246,16045,1
20931,26,2
3627,9793,0
13338,1615,0
19162,19839,1
26,7183,2
503,8871,0
1928,7829,2
18505,19695,0
0,18,0
5217,83,0
10726,16590,0
12620,14567,1
0,10,2
10427,17137,0
131,18915,2
1,12519,3
15667,7397,0
16128,6279,0
20242,7526,0
63,66,1
4221,54,0
10766,94,0
5393,8293,1
7270,7549,1
2004,479,0
13118,77,0
14409,7719,1
14449,61,2
110,19469,2
13506,5527,1
123,1969,2
2118,3972,1
12520,8196,1
12155,17503,2
15270,21654,0
16854,3654,0
108,1517,3
19738,26,0
131,5711,1
112,2982,0
139,19781,1
12173,1353,0
131,3654,9
14997,17503,2
10328,289,0
10682,133,0
14567,4321,1
12162,692,1
2118,3623,3
15856,3032,0
2118,8638,0
14567,1864,6
20171,2740,0
5280,5917,0
145,94,6
11040,8852,0
15377,9777,0
12910,19781,0
112,18369,0
112,18363,0
112,18362,0
112,18366,0
18380,6677,0
12865,138,0
5280,8321,0
16551,17503,0
6404,83,5
14865,16089,1
21523,31,0
112,22117,1
19087,5331,3
22433,31,0
1106,31,1
0,14159,0
17164,26,0
1179,4000,1
15535,34,3
112,6402,1
11835,5280,0
21437,3,1
14701,20579,0
6340,6795,4
18747,7826,0
17737,83,0
2022,4163,0
150,20240,0
20518,7562,0
1,16839,0
6157,9230,0
6157,9231,0
13,15128,0
18591,6,0
1396,4613,0
111,18781,1
19710,26,6
15,4163,0
18314,9175,0
5834,9291,1
17367,4618,0
2557,58,1
7719,8261,2
22255,8058,0
4706,86,0
134,63,1
4588,7099,0
2118,7502,1
15,7302,0
4663,7218,0
26,3655,0
3,9595,0
2,20190,0
17807,19668,1
22283,4185,0
131,3406,0
15,15292,0
10,16496,2
2118,2365,0
131,3408,0
15856,9292,0
123,19895,0
10994,47,0
13,18368,1
14567,6241,2
20190,58,2
4702,83,1
133,6411,0
19984,83,0
17692,7330,0
17721,6,0
18445,297,1
6665,7188,1
17358,58,0
19058,2125,1
15856,19100,0
17503,21633,0
1864,4321,1
14335,17316,0
17359,2118,0
15358,1987,0
1125,17503,1
77,9271,2
1,2963,4
16046,83,8
0,13830,0
626,94,0
20145,7397,0
11354,14304,1
111,17866,0
1931,7514,0
6678,9777,0
2118,5340,0
10727,47,3
5527,8933,1
8196,83,1
20180,8309,0
16055,22209,1
10568,7598,1
18575,2118,1
19,6340,0
15931,18246,2
20845,660,1
2005,83,0
17989,18166,1
12947,20420,1
21998,7,0
11630,15434,0
0,223,0
14958,16229,1
10345,12091,0
10345,12093,0
15361,19744,3
20518,21369,0
17305,18797,1
13271,16535,1
17861,21897,0
15152,83,1
3,87,1
1,8851,0
11688,17763,0
123,5860,1
112,9619,0
18822,76,0
17503,2965,1
18707,8701,1
10373,3971,1
12843,37,0
3453,517,0
12786,6665,0
1371,14865,0
20609,77,0
10568,17503,29
10568,14851,1
17196,7652,1
17807,17975,0
17807,17977,0
6665,86,6
74,76,1
17356,6912,1
10568,7919,0
26,7749,0
26,7741,1
12395,21654,0
18207,45,0
15361,16675,1
4162,8915,0
17807,2018,1
17785,3,2
11447,9437,2
18166,7841,0
15930,9479,2
14026,8852,0
22102,938,0
12137,5527,0
29,76,3
5197,7397,0
12626,22368,0
13,14497,0
51,8216,2
5042,5280,0
16352,51,0
14865,16172,0
1,20903,0
37,7643,1
1124,6340,2
130,3623,2
22368,2871,0
15695,20752,3
1513,16496,0
2118,3994,1
2118,3995,0
11247,86,0
1,12531,0
10080,7514,0
14253,17763,2
3037,94,0
11193,20910,2
1455,19,0
5078,77,0
17503,489,6
10568,3448,0
19137,6017,0
11709,18314,0
18747,6860,0
16979,2185,0
14567,2219,1
15856,7020,1
108,16372,1
142,29,2
181,20280,0
10774,18747,0
2118,4775,0
142,6721,0
13,16252,0
16531,17,0
150,7173,0
18747,8524,0
15704,3632,1
22368,9423,0
16535,18314,2
145,260,1
2834,6452,0
8852,9867,0
13,5001,2
12498,131,0
18364,8789,0
133,17063,0
11105,18314,0
324,64,1
133,16625,0
133,16626,0
10645,83,0
14479,6516,1
10568,17711,0
18944,5972,1
1399,7,1
14508,18747,3
19122,20524,0
16591,19,1
1511,17503,1
19017,4077,0
18238,84,0
18730,2118,1
12322,17807,0
22429,86,0
10217,18747,2
111,18760,0
5009,9008,2
108,17405,2
12222,15695,3
18747,243,2
1215,17,1
26,8194,5
22381,83,0
14783,26,1
1335,17395,0
8576,9908,1
22207,47,0
1,3351,1
11752,14508,1
13393,17503,1
10042,9083,2
1958,739,0
0,11106,4
13,9380,0
10568,19602,3
10246,12397,1
14217,9777,1
11642,22378,0
47,7436,0
15668,83,0
69,77,3
19410,983,2
1875,83,2
12562,16979,0
10350,14567,3
15490,16046,0
15128,15361,0
17395,8224,1
15408,660,1
15232,63,0
12006,5711,1
63,8288,4
20420,7745,1
17367,3654,5
14537,17367,5
110,17367,5
17503,21616,0
108,6219,1
131,3283,0
18004,7992,0
131,8224,2
18365,77,0
112,3424,0
112,3423,0
17367,34,2
3453,9777,4
7436,871,1
11840,94,0
16128,8112,0
145,19710,3
581,7750,0
21938,7514,0
10568,148,1
16669,37,1
21138,4449,1
18314,19512,0
20896,47,1
13294,2866,0
108,17182,0
1269,6665,0
108,17187,0
15930,4015,0
15930,4014,0
10073,111,0
10866,17866,0
105,14490,0
0,13506,3
2710,94,0
12865,14567,0
17047,743,1
31,9815,0
19104,94,2
12701,4340,1
10256,9777,0
3955,7018,0
14567,3253,0
297,5019,0
20190,414,0
6174,6665,0
122,5341,0
11562,14029,1
11423,83,2
17731,77,3
18187,57,2
1126,6340,0
15327,7053,0
54,7816,0
15244,19104,1
5295,65,0
2811,48,0
108,14984,3
16059,6665,1
127,18314,0
22368,4021,0
123,6274,0
5050,8590,0
108,438,0
21564,98,0
108,14186,1
15520,16426,1
7443,7444,2
83,8448,3
14984,3453,2
133,19980,1
10568,18125,0
131,17731,2
11485,26,2
19512,77,0
1253,47,0
111,275,0
16386,9200,0
7548,9777,0
15535,16046,4
19806,20813,2
12479,14865,0
15965,94,4
22102,8829,0
22102,8828,0
16801,20518,0
14272,15434,1
12406,70,0
12209,17,2
19308,9777,0
20195,7168,0
11187,14252,1
3484,6795,2
21087,47,0
1,13420,2
15351,18747,1
112,20464,0
13,21362,2
1009,16866,1
131,18629,2
17503,9142,2
2201,7436,1
153,4799,0
12321,17807,0
111,11826,0
17491,19859,0
112,4813,0
18166,19017,0
17503,7470,1
10568,3465,0
141,20495,0
112,2947,0
2184,22368,0
14212,16496,0
26,493,0
17516,9777,0
10967,15645,0
7444,8408,1
16541,6677,2
17339,17367,3
22368,3107,0
130,2118,3
14797,61,0
10568,11030,0
17653,61,1
1124,17503,2
132,999,2
131,8693,0
15244,20420,1
19755,22368,0
15537,19004,1
21396,54,0
18654,22053,0
12,7830,2
2832,363,0
17454,18314,1
11539,6500,0
13,17571,0
16535,17305,1
16864,58,0
15136,41,2
11688,13506,1
112,1941,0
14865,19249,0
14865,19248,1
11085,77,2
135,45,0
19526,7397,0
12611,8789,0
12685,19122,0
15535,77,2
112,1491,0
17650,6122,0
2118,2931,0
10524,18166,0
6421,76,0
10568,6143,0
0,3,2
0,1,7
14567,8524,0
131,16769,2
15481,47,4
14891,18166,0
12853,17503,0
10042,17807,1
3972,77,0
12965,19695,0
14865,16045,0
1,17393,0
8288,8514,4
17807,6938,0
19710,65,4
16979,20141,0
110,17998,0
138,21021,0
22316,58,0
144,9821,1
19122,3560,0
10568,13362,0
20989,83,0
14865,16952,0
10568,18711,0
12833,20860,0
5060,7701,1
108,7841,2
13558,2118,0
112,17374,0
108,11749,0
9095,9821,0
10350,84,1
10345,1883,0
10568,9502,1
10568,22349,4
1158,22206,1
112,2991,0
15361,18318,0
13,17818,2
10568,5331,14
15856,4986,1
20518,8579,0
18166,2516,0
10627,18,0
10568,14013,1
11901,6380,1
1,7095,1
11187,43,0
12153,6410,1
10994,86,0
11088,22368,0
108,5225,3
18731,6665,0
130,7514,2
5343,84,0
13435,15361,0
13989,16046,0
122,142,0
131,19728,2
131,17564,7
0,3325,0
83,9783,1
20472,5280,0
18604,3443,0
17047,18944,1
15991,18747,0
12519,14865,2
4518,83,1
13506,9963,1
4519,5280,0
1124,6795,2
17232,17763,1
14227,9675,1
54,9821,1
17305,8131,0
102,135,0
131,676,0
18761,3,0
2870,830,1
17667,6791,2
11348,18539,0
4797,9857,0
14026,9022,0
16553,18,0
77,8544,0
0,9115,0
10568,3320,0
21469,5280,0
138,18906,0
10568,11193,7
19839,26,1
1834,18747,0
10727,12162,1
20860,21055,0
2044,22368,0
15965,19104,2
12559,8789,0
12509,51,0
15709,6721,1
19,27,2
1,154,5
12222,13308,2
142,9488,0
11187,16283,0
20805,9014,0
21738,6677,1
18588,9777,1
22378,4523,0
3,48,1
20014,77,0
19726,7652,2
18166,21182,0
14449,9777,2
16309,5280,0
14097,77,0
22368,4043,0
17503,4699,0
1928,20190,1
17262,17807,0
1786,83,2
13691,14567,0
16025,72,0
2274,47,0
11901,4844,1
11901,4845,2
12509,21019,0
1068,9479,1
1166,20845,2
112,12076,0
112,12075,0
112,12074,0
17503,6129,0
17405,67,2
112,12078,0
19789,6157,0
4067,6818,1
3971,5280,0
47,4844,1
47,4845,7
130,18166,0
12863,83,0
17,20176,2
18747,5215,0
10217,2965,2
17604,18747,0
11642,54,0
1667,26,0
2118,6,2
19535,48,0
3894,63,0
15601,77,0
19821,3,2
17305,7075,0
14567,19352,0
123,7929,0
123,7923,0
10495,18371,1
17667,96,1
1884,94,0
3791,3813,0
148,3,1
102,86,0
20845,2818,1
133,18657,0
19873,77,0
11587,1371,2
11901,6735,1
12222,20752,5
19122,22337,0
140,3,3
136,9037,2
20294,3143,1
15540,16046,0
13739,5751,0
2118,5177,2
13549,20518,0
15492,2118,2
3177,6677,1
7652,8194,2
63,9290,0
14396,5280,0
11910,7397,0
14217,9170,0
1,14184,3
10881,2939,0
16741,87,0
11674,9920,0
8915,9412,0
1705,5735,2
15856,17454,1
1,14676,1
1,11002,0
112,1928,0
15748,22265,1
16979,3891,0
15136,65,2
11085,58,3
19853,83,0
19790,61,1
3372,6677,1
131,15929,0
14567,16783,1
20673,47,1
13531,17503,2
745,7701,0
11117,15856,0
183,63,0
3,3303,2
6,6081,0
4372,9014,1
13217,148,1
8109,86,0
1656,17861,0
11772,17367,0
16496,7292,3
10498,123,0
15536,17807,0
133,19352,0
14997,20752,2
16800,77,0
6800,77,0
15227,6,0
15748,17818,0
12703,7701,0
12829,1928,3
1583,26,1
14567,22291,0
6885,94,1
17305,4481,0
26,6999,0
9268,9777,1
4918,77,0
10568,1477,0
16927,4787,1
0,2831,0
16426,18166,0
6795,7470,1
13,6353,0
11354,17503,3
11416,3083,0
2878,5408,0
10003,14865,0
6,6221,1
14160,77,0
16046,19975,0
1517,9777,2
108,13232,1
6665,7436,0
16590,17503,3
2260,7,2
2201,6730,1
123,17305,9
5280,7292,3
1,43,0
18314,6665,6
1126,7979,2
1009,21592,1
11338,70,1
18609,983,2
112,12535,0
10568,2920,0
21143,6665,0
10568,2928,1
13,17763,4
11587,26,1
138,8995,0
17367,71,1
18034,5264,0
8514,9437,3
15244,5280,2
17617,6221,1
47,6380,1
131,698,0
133,5566,0
15492,8859,1
14865,6596,2
14865,991,2
15856,779,2
8254,83,2
10301,22368,0
11972,77,0
14250,20232,0
14865,15914,1
1009,145,2
13858,83,1
17765,19358,0
1511,20752,1
14026,4039,0
14567,4001,0
13217,17503,2
16188,2118,0
14674,9265,2
10726,15361,0
639,86,0
13,2557,4
17785,9304,1
1705,8685,1
12740,19122,0
10568,14768,0
5,6677,5
14567,2065,1
1068,3,1
123,4971,0
2598,5280,0
18187,94,1
11267,18747,1
13574,20845,2
76,84,3
10183,8874,1
16046,489,2
15199,54,0
15306,5170,1
5280,8023,1
6820,9777,0
131,6514,1
16022,26,0
122,6462,1
13,20930,0
21552,9777,0
18461,31,0
20750,22368,0
19087,20093,3
18781,3484,1
15011,18314,2
13420,14567,0
131,324,2
13,14717,0
13294,19083,0
1398,7,1
10639,18166,0
6677,747,0
111,4348,0
1256,65,0
19122,8361,1
0,10623,0
16492,26,0
11440,17000,1
19,20190,3
11267,14865,1
14272,9777,9
17488,54,1
13156,3983,0
15383,18314,0
18587,22421,1
18453,5280,0
3743,5530,1
61,9097,0
20589,8931,0
16783,83,7
19309,6791,0
3907,47,0
3988,54,0
16046,7908,3
16635,6309,0
16046,7907,0
14567,21371,2
13440,17807,0
11752,18744,0
11752,18747,8
2296,65,0
1928,22246,1
11710,18314,0
133,18676,0
131,13853,0
10183,10715,0
21352,5331,2
131,7067,0
112,9826,0
12082,94,0
12933,297,3
18747,5583,0
14183,18747,0
16081,65,0
11420,18340,0
3200,6242,0
15011,17305,2
3744,990,0
20231,6665,1
10568,14224,0
112,2900,1
14339,84,0
14567,20171,3
1705,20897,4
12535,13,2
19728,2018,2
14567,6560,2
136,65,2
3373,83,0
1126,8194,2
5640,77,0
5170,77,3
2668,58,2
10146,83,0
142,2063,0
17252,21244,0
5067,5264,1
8915,9388,1
18774,9878,0
15914,3571,1
1,6968,0
14567,21510,0
15940,9777,1
15013,18429,0
7701,9627,1
22378,9777,2
15695,17503,3
16854,26,1
20790,5280,0
142,18781,0
17899,63,0
11085,34,1
18747,6805,0
246,2811,0
59,77,9
17565,21634,1
112,2018,3
10568,8685,1
58,7183,1
11438,83,2
11619,47,1
108,15660,0
10736,133,0
16046,4111,0
17,594,0
17,595,0
5280,681,0
26,9083,2
131,20001,0
5227,6028,0
151,1882,1
13293,8762,0
22100,4781,0
12964,19063,0
108,2818,1
108,15408,1
15269,2939,0
22282,6,0
16940,6157,0
101,9437,0
6,96,4
6,93,2
1,586,0
17367,2018,7
15856,4238,2
13472,17305,0
107,110,3
15490,94,0
17305,1944,0
18747,7643,1
11752,22269,0
10568,11674,0
112,17339,3
13476,18747,0
489,6795,5
10345,22271,0
142,21726,0
11741,77,0
16046,19352,0
10328,13501,0
54,7646,0
14865,15642,0
10568,18862,0
15689,86,0
16940,7397,1
17508,2118,0
1514,991,1
108,862,0
10568,21654,0
12563,595,0
47,9677,3
1,2061,3
12222,16729,2
19,5527,1
21148,6,0
17503,5735,2
6802,7397,0
12280,20190,0
1119,16551,0
13,41,4
135,20977,0
6677,8545,0
19122,800,0
1875,7749,0
20464,5729,1
8789,9507,0
18747,2260,2
131,13997,0
5375,5958,0
21919,6677,0
17305,3638,0
14026,7582,0
13,17707,0
15342,9857,0
11440,14567,1
18985,8,0
122,15950,0
122,15953,0
17367,51,4
15856,6896,0
125,14358,0
125,14357,0
17,9736,0
2608,63,0
123,7421,0
14567,21146,2
6172,7397,0
5264,8503,1
10410,18166,1
324,6677,1
16046,17604,0
15158,20518,0
3298,8879,1
14479,9627,1
10773,3641,0
15514,20464,0
17196,8448,1
4717,6730,1
2004,7522,0
