1,8,11
1,6,6
2452,58,1
1,3,8
14913,6465,0
10345,11439,0
17391,99,0
4311,7979,0
3,7584,2
31,6792,0
12918,2674,0
17305,20340,0
1705,21469,4
11347,1272,0
17305,20344,0
1705,21462,2
12613,17635,0
1662,9158,0
7330,83,11
15535,19790,5
17367,8111,0
118,9388,1
10132,54,0
2187,5092,0
11896,15880,0
13075,3453,0
18314,5172,1
4885,63,0
18314,5171,0
10008,15530,0
17177,7979,0
5931,6588,0
17300,871,0
131,6790,0
13501,18463,1
133,17782,0
48,9946,1
10568,7996,0
10543,4148,1
58,743,2
11193,15537,3
16461,19,0
135,9777,2
11574,154,0
19828,6741,1
10174,13501,0
14272,21757,0
19728,77,2
19,2158,1
20168,7397,0
16651,7802,1
20785,2846,0
18746,19860,1
18121,4388,0
16783,65,0
122,1530,0
19610,4998,1
21751,29,0
112,7835,0
10568,11790,1
112,7838,0
15530,16714,0
14865,20687,0
13034,94,3
29,4577,1
138,6809,0
112,12161,1
243,3,0
18829,7979,0
26,743,2
10183,9627,0
11339,84,0
10042,5010,2
11304,13468,4
7598,7735,2
433,5408,0
22255,7979,2
15530,22117,0
13292,13575,0
16787,7979,0
14184,29,2
112,2929,2
15537,7883,2
10568,20910,3
5554,83,0
12535,77,0
108,10848,0
130,3800,0
130,2176,0
136,41,5
21208,9777,0
15686,18714,0
105,12924,1
17503,8653,1
5725,9425,0
14701,2846,1
15633,40,0
20945,48,1
20945,47,1
16805,9942,1
18664,7979,0
18314,3533,0
131,153,2
14227,9486,0
1,15098,0
24,31,1
15169,84,0
15856,21965,0
14049,70,0
136,3530,2
130,9463,0
0,19980,2
77,9105,2
13767,15215,1
19478,26,0
13005,16868,0
14775,8813,2
21019,6677,0
12665,7979,2
18345,9999,1
1,3800,1
10183,16906,1
21727,6,0
14304,22355,1
10345,21615,0
112,1254,0
10568,13308,2
15361,4968,0
107,131,6
4788,65,0
14567,18601,0
13793,31,1
13793,37,1
13793,39,0
17305,1969,0
11924,2118,0
108,18046,0
20191,37,3
3166,7397,0
4789,5127,2
13654,17119,0
17061,438,0
18323,6157,0
10627,139,1
14553,94,3
2237,2846,1
20168,83,0
10543,12829,1
289,5975,0
17414,6,1
13874,94,0
11633,3983,0
13676,15689,0
1,18311,0
1,18310,0
21713,5744,0
20420,9437,1
131,7183,0
13,65,10
13,69,2
22454,8,0
18976,29,0
15731,7,0
1270,15530,0
15361,5488,2
20170,83,0
136,17516,5
17305,3618,0
18714,52,0
10042,15327,0
17305,3617,0
19,5814,0
11514,15689,0
10484,4037,0
1,17807,4
112,51,4
10188,6795,1
13638,8789,2
18553,8448,0
10641,17367,0
131,22052,0
1,15408,0
0,6731,0
3973,8288,1
4037,9756,0
11853,133,0
29,865,0
105,7095,0
65,8895,1
340,6677,0
12,15286,0
2898,6820,1
16993,289,1
10568,11136,1
10568,11135,0
131,5582,0
107,17395,2
11842,1963,0
76,8216,1
17807,208,0
13725,99,0
10038,18459,0
54,9325,0
3561,40,0
1750,77,4
21752,3795,2
20579,5,0
19799,8799,0
20913,21208,0
78,98,0
10650,2254,0
3568,83,0
18588,54,1
18881,7531,1
2095,4727,0
105,37,0
12073,136,0
131,41,4
13498,83,0
12222,3484,2
10885,8320,0
10861,17,0
7548,7549,1
20121,6346,0
10042,7954,1
13603,2846,0
15695,1705,1
20121,7830,1
15612,94,0
11759,17305,0
5,9437,3
145,94,5
17782,18575,2
21146,83,0
14322,19728,1
14654,31,0
22047,7122,0
5331,9627,1
7440,86,0
12622,19,4
10213,12057,0
13,154,1
1,17478,0
17640,3,1
1215,17573,2
18075,8254,2
17663,3349,0
2968,8307,0
12222,14953,1
11877,834,0
10350,2544,1
10568,3971,4
21018,6677,0
2361,8288,1
18389,20879,0
115,87,0
138,17,1
17095,2846,0
20191,5337,2
88,9513,0
7173,77,1
11906,29,0
14716,3239,0
13365,37,0
13323,17737,0
1786,6157,0
17315,5887,0
3453,57,3
129,35,0
14304,3313,0
136,20904,0
15930,9777,3
58,7908,1
26,5010,2
56,73,1
22027,77,0
1750,19993,2
112,3016,0
14727,7715,0
11485,1431,0
13,19005,0
10345,22125,0
9291,9938,0
2103,7749,2
15492,15943,0
108,8263,0
3438,4628,1
10568,602,0
3,6574,0
17403,7979,0
19998,83,0
2498,6718,0
20346,20945,0
19280,3588,0
6673,8825,0
59,7173,1
19628,43,0
20516,21891,0
21385,8,0
139,20365,0
40,41,3
16866,5,3
13575,16238,0
12222,21469,4
131,5170,7
11240,19,0
122,7802,0
139,8518,0
11752,8755,0
1,10331,1
19404,91,0
19851,83,1
18631,72,0
12937,4037,0
5930,6588,0
1,11423,2
7065,94,0
19860,19997,0
8230,834,0
14442,19993,0
13793,17,2
13793,15,0
11255,8789,1
15965,3453,1
2478,6677,2
15361,17887,0
26,58,12
10849,7979,0
16524,9777,1
243,8,0
14567,18527,0
1614,58,1
17367,4107,1
174,6600,0
122,22255,0
22405,24,0
16188,54,1
13574,9777,3
11304,20897,3
14567,871,7
0,16329,1
1928,58,9
15736,5735,1
11564,7979,0
12751,816,0
10568,10638,7
16729,18828,0
21437,3,1
2296,9371,0
10345,5322,0
139,4576,0
14945,15689,0
12294,3800,0
18575,20346,0
10568,15912,0
11416,6994,0
1505,5942,0
19993,5860,0
134,16778,0
10207,18609,3
21384,40,1
37,8710,0
1129,17240,0
18,19318,0
12068,130,0
1,19532,0
19993,3459,0
100,5,0
10898,7774,1
11416,20520,0
5170,6706,0
13673,7745,1
20387,49,0
16045,17177,0
154,2260,0
108,8902,2
17367,7245,5
18828,3728,0
15361,61,1
139,4280,0
144,7075,1
18828,3727,1
8,9115,1
10568,20702,0
110,16524,0
15689,20579,0
13271,18314,1
17367,21019,1
10568,7572,3
12226,15232,5
12070,4037,0
15745,16501,0
13575,1705,1
4628,9938,1
15658,2741,0
1608,47,0
1126,6791,3
26,7774,0
10345,17340,0
112,17654,0
12519,154,0
13,17866,3
15722,16680,0
18965,5285,0
16554,19,1
132,324,0
11193,17503,5
10042,11485,1
44,7444,2
61,6573,0
12423,21566,0
1750,59,1
6993,8789,1
10570,6677,0
17728,652,0
6095,6560,1
18588,70,1
11187,11584,0
1,99,0
1037,144,0
12875,21051,0
1,91,4
14227,17218,1
16979,6493,0
18405,4037,0
19,21888,1
2118,3389,2
125,5860,0
11877,21451,0
738,8813,0
22255,84,1
22255,83,0
139,16100,1
11763,6677,0
10568,17365,3
6157,6463,0
133,15361,0
6677,6741,1
4276,43,0
19858,7979,0
6157,8480,0
61,6221,0
2214,324,1
1005,10089,0
92,9419,1
29,7658,1
13610,83,1
16979,20201,0
13,131,12
13,136,7
15903,70,0
20520,7979,0
13269,150,1
21019,3215,0
14184,1724,0
1233,70,0
65,7292,3
18177,20750,0
8,8895,1
8025,8813,0
11902,5623,0
20930,65,1
3453,3487,0
289,7725,0
1466,15361,0
15232,2361,2
13,13092,0
11543,42,0
14261,21244,0
13328,77,1
77,834,0
15509,77,3
16347,488,0
17516,19530,0
5149,7818,0
1117,1705,0
1423,16590,0
16917,59,0
17634,7397,0
11124,14537,1
7979,8789,27
5769,8080,0
17320,18314,2
21713,289,0
11638,2682,0
21772,7979,3
10464,18746,1
14865,618,0
10835,83,0
132,134,1
17799,4628,0
11770,17807,1
18314,91,0
5784,7745,0
13,19790,7
0,19078,0
0,2064,0
108,6885,0
12673,14272,0
15541,9610,1
26,5038,1
1180,9777,0
5895,7979,1
1705,2564,0
10470,51,0
14335,798,0
14987,94,0
11990,26,1
15406,173,0
679,83,0
15709,73,1
21019,77,1
15011,5350,1
1408,16593,0
108,41,5
18524,6606,0
5327,7979,0
130,13728,0
86,9907,0
86,9906,0
4527,7586,0
13654,26,1
10183,9192,1
22304,37,2
1126,83,7
17681,21015,0
15965,16142,2
11187,21232,0
12938,14272,0
10345,9946,0
14449,18246,3
1409,8593,0
17087,8766,0
15745,9700,0
19,20273,1
138,21881,0
2103,40,1
1215,19104,2
17367,6410,1
14322,19993,1
20251,9777,0
7719,8262,2
1075,15689,0
112,1297,0
12719,24,0
1334,65,0
4706,86,0
22450,8,0
3313,4983,0
136,15306,3
13793,76,2
13814,5331,0
13793,70,2
13793,73,1
48,5961,0
10213,21523,0
1,21437,1
8701,94,3
18828,22170,0
10808,5772,0
6472,96,0
0,21117,0
12847,26,2
32,49,1
17,24,1
19644,9777,1
22153,8514,0
13607,2846,0
32,43,1
15689,18838,0
2567,58,0
19,3453,2
19859,2637,0
102,7658,1
15136,8824,1
11733,3733,0
5048,7979,0
15389,16719,0
14272,17422,0
3179,4433,0
10568,19972,0
22207,81,1
11875,16979,0
1126,7330,3
10127,13332,0
5,63,5
20388,49,0
10533,4037,0
5772,7667,0
4879,7572,3
68,9777,2
11680,19993,3
14272,6,0
16862,17367,1
21162,83,0
16722,22340,0
16415,18654,0
14263,83,0
108,8961,2
112,131,7
112,94,6
14227,5707,1
10042,26,8
13327,7979,3
16398,488,0
20619,93,0
1705,17975,0
130,3386,0
3840,4695,0
93,96,2
10325,8132,0
14771,21751,0
17721,35,0
131,3248,0
17340,83,1
10543,6820,2
13509,14567,0
12744,8288,1
13089,5463,0
86,9597,0
21129,2846,0
18577,8701,1
14126,1513,0
10543,58,3
14958,19,2
14567,4750,1
18075,7330,3
19,6765,1
1512,20201,0
18123,9389,0
13673,6677,4
20191,7045,0
11206,4727,0
20983,48,0
19,83,3
18123,9387,0
131,20945,2
139,5668,0
21888,94,1
12891,3938,0
1371,17503,0
4037,8046,0
4037,8045,0
18355,18828,0
112,7439,0
2811,81,1
18106,77,1
22207,8961,1
34,77,9
15722,423,0
34,71,3
21592,94,0
0,795,0
1126,7652,1
12922,21522,0
12848,14567,0
1078,15689,0
21159,83,0
15327,17731,0
11915,77,0
1,21330,1
10259,5219,0
6795,7883,3
19675,9971,0
4881,70,2
15732,4781,0
1396,218,0
7017,933,4
19,3844,1
13718,17222,0
4270,94,0
15754,43,0
3152,7883,1
324,94,2
12622,58,3
17476,7989,0
14903,39,0
1077,15689,0
1409,16377,0
10807,21502,0
54,7584,1
14813,18345,1
19,20805,0
1068,14501,0
21256,35,0
17573,19104,2
9027,94,1
3911,43,0
12954,34,0
21450,7931,0
15306,18469,0
2846,49,1
10817,11752,0
20981,21436,1
17503,17792,1
16524,20148,0
43,7593,0
7303,8819,0
21360,7745,0
10622,795,0
17094,2846,0
3266,77,2
5,9388,0
4374,8813,1
12222,933,6
130,7146,0
11900,6677,0
4150,83,1
15026,9512,0
12253,8813,0
122,13793,0
112,19821,0
1928,2452,2
2384,54,0
16100,98,0
12699,6,0
1339,136,0
17219,6157,0
1,12409,0
1353,17905,0
13332,2669,0
10042,3800,0
1525,7444,4
131,136,20
6157,6983,0
6157,6982,0
77,7830,2
10864,8813,0
17503,20910,3
16524,7913,0
109,1215,2
21146,871,1
12343,14801,0
5,8813,4
5350,77,1
108,17888,0
19477,2118,0
2192,86,0
11850,130,0
108,67,2
39,7303,0
108,68,8
12162,7802,1
698,94,0
10568,7584,0
11416,15421,0
2118,9908,1
0,3971,0
18214,21385,0
12557,83,0
14537,9777,1
15894,7979,0
18045,5660,0
5144,94,2
130,19626,0
18121,20515,0
1723,7397,0
17305,5172,1
10,9139,2
19,19478,0
12540,14567,0
14553,1880,2
1026,19,1
16209,19479,0
6885,77,2
13793,54,5
15957,21385,1
108,14537,2
12952,19,2
1,6616,2
5010,59,1
16788,7979,0
14567,3744,1
20997,83,0
17,49,0
11876,15130,0
6795,8789,2
17,46,0
18604,8862,0
40,5480,0
19082,4203,1
10568,15537,7
10568,15535,2
22013,8813,1
131,17618,0
14953,14997,2
1,6268,0
12744,21360,0
3389,61,1
17367,20879,0
11967,13,0
17047,22421,1
15136,5727,0
11680,22415,0
20145,7397,0
18264,86,0
34,7245,4
13767,7,0
5127,7017,2
15745,802,0
19860,7733,1
16805,17414,0
15361,22255,0
10409,21369,0
12055,2516,1
1133,7624,0
14069,6677,1
14449,15361,3
12750,14933,2
76,9,0
13830,15467,1
141,21190,0
14330,7701,0
12226,18206,0
1409,1967,0
17870,7979,0
6908,96,0
3315,77,0
21774,2811,1
3298,6677,2
130,8825,0
17516,65,3
40,5860,0
11844,5728,0
18828,4233,0
16140,4475,0
121,86,3
12902,94,0
19710,21384,2
12745,340,2
2528,70,0
13328,1614,0
130,7084,0
15509,19790,1
1000,8813,0
19225,7979,0
105,19,3
17539,5772,0
10782,21745,0
15492,21829,1
4423,9253,0
19,6560,7
10568,14479,3
14865,1514,1
6504,6616,1
20190,4027,0
16824,2541,0
19048,2811,0
7979,9238,1
7979,9237,0
7979,9236,0
3800,55,1
12788,84,0
118,15,1
11636,7330,0
5113,54,0
14272,17201,0
11637,83,0
13550,8306,0
12822,131,0
13,7188,1
31,6718,0
11752,16046,1
2018,5782,1
12665,18828,1
21111,7745,1
26,4794,0
5177,6,2
10183,21289,0
26,4798,0
1126,9787,1
1431,14865,0
14865,14958,1
13,5727,0
14962,1705,1
15492,83,2
7076,7979,2
3972,9204,0
11347,42,0
10991,14567,0
17047,7735,2
17807,2018,0
12151,17367,1
13638,17503,2
5225,77,0
13549,18828,0
13332,22240,0
14865,6422,0
14865,4628,2
12847,17975,0
11193,13468,4
14677,7979,0
5591,6588,0
14962,15736,0
108,12025,0
1879,4037,0
14865,22271,1
14362,6,1
13,4453,1
12294,12736,1
18577,7445,1
18577,7444,2
21772,7261,1
2390,3175,0
3,3972,2
216,6988,0
11025,11168,0
10568,11719,0
1237,18314,0
14322,71,2
10835,9432,0
5984,86,0
11077,18828,0
29,3418,0
10568,6795,7
1953,6795,1
4603,94,0
7021,99,0
1,17414,1
2407,42,0
130,86,4
17218,20221,1
130,84,3
31,551,0
14813,4787,0
19,9139,2
12350,8901,0
16461,3,0
12423,20812,0
6524,83,0
22466,94,1
17572,20,1
41,91,0
14377,16444,1
566,94,0
13411,14449,1
10586,112,0
18828,3209,1
16866,21244,2
112,6908,0
21005,8288,2
20329,4878,1
16462,19860,0
10042,3821,0
5148,76,0
21019,37,0
125,14273,0
8150,94,3
61,6790,1
61,6791,1
4628,5969,0
1801,77,0
10042,15136,0
20989,2919,0
13489,15689,0
15892,7979,0
3653,6677,1
17216,5408,0
18851,76,0
18090,18828,0
13,6353,0
3937,76,0
11688,14567,1
13593,878,0
112,9619,0
133,21154,0
19601,2966,0
3176,7828,0
15295,17367,0
18687,22127,0
11562,14362,1
10650,6677,3
13715,15035,0
10568,8627,0
13673,8514,2
19993,65,4
13,5010,1
14249,22345,0
14324,2118,0
11325,2187,0
21148,2118,1
11752,83,3
16524,2254,0
127,43,1
18747,5001,1
4823,96,0
17655,2083,0
6402,65,5
12267,842,0
3438,7979,2
12913,20201,0
6402,69,1
16854,4035,0
14865,17807,2
5476,83,0
131,15702,0
1955,7330,0
21116,8813,1
10869,18828,0
11647,17807,1
20221,8984,0
15136,21592,1
10951,43,0
15535,29,3
17503,3300,1
11752,2980,0
100,12865,0
19,2811,4
15286,9777,0
136,19993,4
10568,7735,3
26,9172,0
107,4878,1
11829,2296,0
6,6404,1
142,22255,0
118,2378,1
18587,22303,1
17516,3453,3
1,17088,0
1465,15361,0
14272,22378,1
108,17516,3
6398,77,1
17564,18915,1
10042,13495,0
7129,7979,0
4501,61,0
12184,4037,0
107,1918,0
6,891,0
6,892,0
6,893,0
15012,17,1
7694,8653,1
131,7105,1
15426,5331,0
2024,8150,1
10568,4628,5
14537,4006,1
5131,65,0
8813,9924,0
10042,1614,0
10707,13715,0
1588,18314,0
18464,7444,1
18524,324,1
11705,15492,2
14985,20253,0
133,13830,3
16680,5898,0
10351,20945,1
19,7942,2
3015,7397,0
10562,8,0
14997,6418,1
11702,20477,1
18881,2846,5
20538,76,0
18828,7979,4
131,4107,2
3800,70,1
16926,34,4
19297,7397,0
26,5536,0
26,5244,0
131,17395,2
16815,2218,0
20981,348,1
2846,9341,1
37,7942,1
17662,4093,0
14860,86,1
4249,7445,0
20515,8704,0
11915,133,0
12621,15,0
15922,6665,0
112,15940,3
15316,17367,0
13,17367,4
1,8389,0
10292,29,0
15492,4969,1
150,3103,1
12824,26,0
15272,20201,0
19205,77,0
4255,59,1
10428,8832,0
13026,17557,0
14235,4037,0
20,8,1
16029,7548,1
16029,7549,2
13985,21111,0
16806,83,0
14454,18828,0
21143,22117,1
19405,21305,0
15259,4037,0
57,94,3
131,15136,1
130,17165,0
15011,1502,0
13393,18604,0
18828,22050,0
108,18187,1
10042,20339,0
30,6560,2
54,7720,0
26,7492,0
10820,29,0
108,14897,0
18604,20132,0
27,3303,1
17039,94,1
18263,86,0
2846,537,0
112,19797,0
5836,7701,1
19,7907,1
4965,9798,0
5186,98,0
21457,94,0
10132,14900,0
0,12222,1
18044,5772,0
154,8,3
14200,145,1
15689,4261,0
1786,19860,0
17110,20417,0
10568,5238,0
17135,8,0
20141,4230,0
17975,94,0
112,8044,0
11709,6814,0
32,8,1
1674,7719,3
12543,7733,0
21222,83,1
0,121,3
2118,21723,0
18314,19477,1
11062,20366,0
14897,5177,0
1,12915,1
108,6820,3
11123,17503,0
10128,4037,0
19,9570,2
3487,94,0
45,86,3
131,4663,0
2846,5552,3
18345,5633,0
15492,8,1
21752,7549,3
10624,7514,0
13,16776,0
15492,3,2
15492,6,3
108,29,13
17503,9586,0
13673,141,0
11874,24,0
15232,2846,8
1525,18464,1
110,77,7
11444,265,0
15091,9673,0
6000,7979,0
17025,9938,1
17505,29,3
11530,14567,0
13793,8813,0
14674,16940,2
5280,8491,0
1611,8,0
21829,83,3
424,7979,1
14467,20829,0
3743,54,2
131,7989,1
13136,83,0
12804,5177,0
7584,78,0
7584,77,2
6995,7979,3
1705,5601,2
15689,2370,0
112,15575,0
1500,5398,0
5633,6677,1
14396,65,2
1,11647,1
2745,4628,0
17564,9512,1
10568,17047,8
12025,6586,0
21436,348,1
108,3017,2
10183,16496,2
2125,9037,1
5009,94,7
15361,17556,0
10568,7895,0
1175,6,1
6,6791,1
22255,4628,1
8789,9638,1
18828,6425,0
1182,5975,0
5407,76,0
11178,2011,0
14816,7445,0
20728,72,1
4369,7979,0
17946,19479,0
15361,18069,0
11520,84,0
18575,5177,2
10042,13654,2
9008,94,7
22348,8982,0
11085,16839,1
6410,77,3
18314,9062,1
26,3030,2
10526,131,0
15517,21063,0
15598,6157,0
26,6205,1
1,17209,1
10568,19885,0
6995,8789,2
18747,7979,2
12294,17367,6
1525,9449,2
18828,3904,0
12458,20520,0
17305,6790,1
18747,18828,1
18187,18663,0
77,8818,0
10568,19087,2
10650,8879,1
19710,9008,2
14711,14865,1
14860,22309,1
108,9583,3
16651,98,0
19,5215,0
10536,99,0
13468,933,4
130,15856,0
174,4577,0
10350,14450,1
4555,8992,0
21983,70,0
16651,18314,1
104,16524,0
83,8619,0
11366,2527,0
8288,9437,3
13115,17861,0
17367,3985,1
63,7584,1
1216,8,0
1649,1705,0
12294,8574,0
29,3683,0
1,10,6
19989,9777,1
17570,2516,1
15599,40,0
12843,139,0
1,19,26
5127,933,3
21143,9777,2
12226,8753,0
17667,18075,0
12316,8,0
132,4685,0
51,68,4
17135,48,0
5335,9343,0
7514,8294,0
2024,94,1
112,15965,1
151,8,1
7572,8261,3
108,8962,0
18706,5841,0
18684,19646,0
6242,6903,0
30,7745,0
21969,7979,0
18577,94,7
7979,9638,1
10715,26,0
15024,77,1
17483,4596,0
13795,6356,1
18314,7624,1
19508,5725,0
14567,17001,0
15199,1971,1
14865,18747,9
13652,20084,0
17390,99,1
17573,6600,1
108,7183,1
133,17561,0
1097,9056,0
12226,21123,0
12843,18314,0
12503,19,0
1,954,1
1,953,0
113,5173,0
14395,2260,0
10107,54,0
31,7998,0
5177,70,1
8,919,0
1971,73,2
14799,2186,0
1705,9570,1
21644,21872,0
16045,4628,1
10,153,1
17763,1928,2
18828,21669,0
151,7425,0
20735,8,0
10727,20944,1
13332,5714,0
27,9091,0
0,15492,1
22173,3972,0
12551,83,0
1705,22303,1
1,6560,3
18911,70,1
21111,88,1
1705,18587,2
10936,2516,1
10568,4789,2
1101,11752,0
7441,86,0
13,19710,2
2914,77,1
18828,2196,0
3906,47,0
110,131,5
20182,7514,1
10,15689,0
1093,14286,0
12750,9777,1
14375,2846,0
2423,8231,0
133,15467,1
14376,2846,0
22346,3359,0
63,8743,0
63,8742,0
10683,216,0
63,8744,0
20333,40,0
21566,2846,1
5219,6157,0
20309,584,0
2018,30,0
4340,84,0
3460,8,0
18467,59,0
14126,58,0
12153,324,1
18828,3244,1
11124,5170,5
20829,94,0
136,5782,3
3103,83,1
16796,652,0
121,15361,0
12927,7397,0
20477,39,1
22129,6677,0
12250,8813,0
130,17577,0
15277,29,0
3390,59,0
15277,20,0
1969,20044,0
14711,3800,0
19162,77,0
10848,65,0
20673,6242,2
19600,2966,0
131,20860,2
11900,18380,0
3743,73,2
13793,14567,0
12222,20910,3
2846,4668,0
16046,18746,2
21469,8345,0
13634,8789,2
20943,7549,0
51,9777,4
1,7908,3
59,9777,1
14396,49,1
13395,18828,1
39,6942,0
15689,19439,0
14567,22122,0
10568,17025,2
7979,8460,0
6820,933,2
17344,211,0
17305,8216,0
15232,5552,3
125,17112,0
10568,16194,0
16334,3,0
1132,2118,0
13,16926,3
14537,21306,0
130,19245,0
3142,83,0
17,19161,0
20420,8288,3
77,9583,2
15448,9816,0
14865,16172,0
108,15535,3
29,4147,0
11418,58,0
108,19790,3
105,13014,2
3973,5,1
11178,17975,0
108,19798,0
21772,7076,2
1250,54,0
14711,17503,4
424,8789,1
17150,18747,1
13673,2846,2
11793,1705,1
54,7882,0
11423,19,2
10254,1500,0
3436,7979,0
2846,7584,1
131,15306,4
17866,19405,0
16890,19143,0
14316,19328,0
108,11891,1
10568,16854,1
20191,6404,2
19888,2118,0
11092,83,0
3654,94,2
6759,8874,0
10345,18730,0
12222,830,1
13875,94,0
16839,7245,0
6318,87,0
19,7908,2
13125,78,0
10568,4998,1
0,45,2
63,7745,2
6670,7979,0
17367,20698,0
5027,8992,0
21396,7882,0
136,19790,7
18740,4037,0
14322,324,1
15361,3258,2
18134,6,0
15011,9970,0
108,13793,2
1,37,5
16541,3653,1
131,17356,0
11368,8375,0
15361,2789,0
6677,8545,0
108,20917,0
12643,324,0
11395,17305,0
2566,2846,0
130,14591,0
18262,19062,0
14676,29,0
14265,17316,0
13755,18714,0
19642,652,0
19610,5331,1
13467,7086,0
11562,14865,1
15152,18075,2
14227,8789,2
18881,4437,1
7397,7717,0
65,9234,0
15856,8293,0
10,35,0
14026,20084,0
6404,7042,1
3014,83,0
6820,8712,0
19857,77,1
3916,6677,1
13329,14908,0
12841,59,0
6308,94,1
116,17888,0
14069,21005,2
1705,830,4
16393,1645,0
14501,20191,1
130,5536,0
11858,14567,0
18553,19,0
1971,54,3
13623,6791,0
19639,7979,0
18314,4392,0
17572,8,1
1353,7584,0
1085,808,0
17503,7364,0
13574,49,0
13328,94,0
1750,6832,1
14674,83,1
11764,14084,0
15689,6191,0
1397,17320,2
17367,836,0
12202,1705,0
13,20860,2
16524,20498,0
1,6504,2
2200,83,0
154,19,4
11840,3453,1
17377,21144,0
136,21275,0
19806,39,5
10568,18251,0
17572,42,0
17345,6912,0
19827,7979,0
10243,7806,0
17503,6017,0
324,8879,2
1409,16858,0
14939,18123,0
2096,5009,2
6832,9777,0
17573,9027,1
131,18083,1
131,18082,0
11339,2260,2
17367,456,0
15204,20988,0
4986,8294,0
17866,9271,2
1,12622,2
14272,16015,0
14865,19,3
1715,18828,0
12297,13465,0
12297,13467,0
14272,51,5
1,12952,2
10834,83,0
2033,6897,0
16046,58,0
6677,8288,4
5,8890,1
10066,42,0
6653,7384,0
5038,94,2
14553,5009,4
16805,21829,1
19405,6573,1
14304,16021,1
13987,37,0
132,9437,1
2056,7145,0
15745,21698,0
7,7415,0
13183,77,0
1,14304,1
1,5409,0
112,18588,0
5177,9963,0
13,5001,2
2965,83,0
14962,17150,0
19224,20201,0
14567,16509,0
11701,59,1
13269,7514,1
17805,6864,0
133,19208,0
2846,3916,1
2811,7979,1
14396,8879,1
729,7979,0
10568,6675,0
1,18,1
10042,10543,1
11304,14304,2
19710,7266,1
13441,8514,0
13332,16323,0
21,8,0
17040,94,0
10568,6016,2
1409,18597,0
11793,13332,0
7397,8619,0
26,9192,1
17047,933,2
17349,83,0
17,19104,1
19479,7979,0
11255,7979,1
11132,8480,0
13723,26,0
13672,98,0
11253,4628,2
1146,42,1
14865,2557,0
153,94,2
16229,21620,1
12745,7745,0
11866,8701,1
108,2637,2
20123,7979,0
14479,7883,3
2308,77,0
14702,26,0
4560,488,0
11708,5772,0
12389,4881,1
112,190,0
11179,14736,0
14861,8636,1
15745,2350,0
14200,58,2
35,9,0
3588,6983,0
143,5947,0
13815,21723,0
11752,13654,0
5096,7979,0
21141,70,0
122,20878,0
1,16046,1
13673,5,4
17321,54,0
10543,4628,1
83,8653,0
8789,9238,1
15965,26,1
1588,70,0
18979,2017,0
12467,20201,0
112,17367,6
58,65,14
1019,142,0
6289,83,0
10042,1928,2
15689,4787,0
12385,5660,0
18684,2965,0
108,12434,1
10603,14026,0
14796,26,0
3478,9938,1
84,86,3
14567,21019,1
324,3266,2
12389,3165,1
45,9260,0
22352,3966,0
12201,86,0
21368,84,0
20406,5744,0
3298,5,1
1705,489,2
15689,5782,0
112,2310,0
43,8189,0
19087,22349,1
10,19,5
10183,26,5
20130,5744,0
4037,7750,0
12456,133,0
16952,83,1
10535,14262,0
10353,18747,1
130,19896,0
18940,2118,0
125,22255,0
10089,6113,0
2915,77,0
108,153,0
15361,7337,0
18881,35,0
19702,7397,0
12660,9008,2
2374,7979,0
14865,21146,2
10620,141,0
7717,83,0
21736,8984,0
12294,13793,1
16188,18314,2
65,9619,1
17603,21752,0
22079,6015,0
7701,9362,0
13506,18314,2
19187,19882,0
20930,6402,1
17820,22155,0
11915,15745,0
13308,5735,1
1,6521,0
3363,4373,0
10103,20981,0
4879,7719,2
8879,94,1
3303,9095,0
3972,9643,0
7105,7989,1
5782,65,2
130,21843,0
10042,13573,0
22304,52,3
17181,7330,1
48,57,2
21005,6677,2
3267,7979,0
2682,7397,0
23,79,0
1705,6007,1
21117,3972,1
14272,148,0
10568,21370,0
17209,7908,1
108,3861,1
12227,9397,0
1833,5896,0
10325,130,0
1000,12423,0
1363,7979,0
134,38,0
18747,9272,1
5596,7979,0
19806,21384,0
17339,7245,4
83,9265,0
14104,14711,0
108,17061,0
14567,2713,0
14272,76,0
19938,83,0
6820,77,2
11304,6795,3
2238,27,0
113,12858,0
12766,133,0
1409,21070,0
22207,47,1
61,7733,0
14771,48,0
11680,3972,2
2846,8288,5
133,13411,0
31,6513,0
11106,76,1
11106,73,0
11106,70,2
15882,6,0
15238,18123,0
63,9437,1
18828,19957,0
14449,21385,2
18828,19959,0
16188,3,3
17763,65,2
11023,19161,0
16496,16906,1
17746,37,2
20588,798,0
2882,4864,0
21394,47,0
707,7399,0
111,21481,0
131,9271,2
1097,9057,0
11752,13397,0
11752,13393,1
10651,14775,0
14456,21005,1
3645,8288,0
127,9731,0
13531,5001,1
118,6885,0
10568,116,0
84,9270,0
136,8525,0
3266,6677,1
136,8526,0
77,7946,0
14567,5527,0
12664,9209,0
15731,22053,0
18828,19604,0
18828,19603,0
13182,3729,0
11304,11793,1
15776,3,0
5267,8468,0
13468,6795,4
13616,6157,0
2681,7397,0
14084,289,0
6999,743,2
15136,18777,1
18933,3241,0
18933,3240,0
1525,94,3
17305,7421,0
14567,19728,1
12535,15136,0
13182,65,0
16551,1705,3
16969,1928,2
1,9138,0
1,9139,2
12701,1396,0
14184,3138,2
17807,21238,0
11752,17025,0
10568,13217,0
20465,76,0
20093,22349,1
10568,30,0
103,136,1
15361,9277,1
22255,8789,1
20931,34,2
13985,14814,0
10042,13146,0
16188,4411,0
14771,86,2
21316,77,0
7942,83,1
5318,6820,2
11871,13793,1
5335,6157,0
20464,9777,1
12767,133,0
153,7292,3
15361,3745,0
11028,7694,0
16932,17503,0
15011,19728,2
10568,933,9
19860,7979,3
13014,5488,1
18564,21295,0
12226,3617,0
1146,22428,1
4437,8288,1
11967,17516,0
18590,77,1
69,77,3
13420,18828,0
16047,4037,0
287,5772,0
10089,9001,0
21359,65,0
43,8213,0
13791,2118,0
1672,94,0
13506,14567,0
70,9492,0
12519,13317,0
15745,5380,0
13793,7480,0
12277,139,0
3654,5170,2
10183,859,0
20944,47,1
8254,9419,1
12222,7017,3
17305,18372,0
14865,8285,0
14914,6465,0
16489,871,2
20651,4509,0
154,19728,0
13308,17503,1
17,324,1
10568,8097,0
1396,9443,0
6677,7584,2
10568,7719,3
17924,48,0
11444,13793,0
10042,12847,1
10042,12846,0
10042,12845,0
19187,4597,0
13673,8813,1
19,22378,1
14227,17503,2
19635,289,0
154,19187,1
21995,86,0
6789,7733,0
11680,77,3
19,3334,0
11132,17219,0
131,6912,3
19460,31,0
13146,17608,0
18828,1913,0
12006,131,0
18345,8288,1
15199,3743,1
150,15856,1
14385,83,0
19,2932,0
11752,20812,1
150,5463,0
133,7139,0
11124,131,7
7128,7979,0
15795,5009,1
12698,6,0
5,94,3
13671,8638,0
13637,7979,0
20883,5331,0
15105,3886,0
14227,7979,3
22365,7900,0
13,16447,1
2846,8514,8
17367,21719,0
14272,90,2
142,7802,0
19610,22349,1
148,73,0
13964,2118,0
15,6205,1
3972,411,0
4576,87,0
19337,3,0
4719,77,1
7330,8254,2
10247,77,0
15962,6995,1
13791,18314,0
21634,77,0
14272,17367,4
1479,86,0
81,94,1
14026,7841,0
12660,26,0
17581,21384,1
20377,77,0
3465,912,0
42,9328,0
133,18781,0
1217,2672,0
11701,13,2
10042,10761,1
12701,54,0
16944,871,1
10568,130,1
10568,7017,4
11370,94,0
83,899,0
1,20547,1
17232,6398,1
14456,8813,2
11458,26,0
18746,7076,2
17339,9777,4
0,13531,0
1068,112,0
17267,8396,1
1705,4628,5
3022,80,0
58,7584,1
131,7584,2
154,458,1
6828,94,1
6791,83,3
8,9570,2
4315,7397,0
10761,18289,1
10188,11745,1
36,37,0
21502,63,0
11106,16524,0
14433,6157,0
153,58,3
5,8288,6
12273,20221,1
21651,6803,0
15232,6043,3
14865,1960,0
13793,15530,0
14808,27,0
133,86,2
15745,6090,0
2823,58,1
29,4123,0
144,2804,0
19710,9777,0
1,16229,4
1362,7979,0
11711,18314,0
17573,94,6
7383,7979,0
12905,130,0
14021,8514,0
10089,5306,0
18445,8,0
17821,3836,0
677,70,0
17222,3744,0
111,7420,0
26,6820,4
10749,70,0
1810,2668,0
1291,8813,0
13510,3800,0
11633,13605,0
9479,9777,1
15204,7719,0
150,83,1
21751,96,0
10651,6677,0
144,2874,0
125,16107,0
13014,2637,1
3903,9777,0
3015,83,0
4475,86,1
1409,16375,0
20476,21719,0
19280,6157,0
410,6577,1
65,7183,2
18609,3017,2
20365,7942,1
18564,21019,0
1597,77,2
17731,6,0
10569,18345,1
14272,2929,2
423,5898,0
15204,5257,0
19058,3051,1
17503,2412,0
86,9281,1
14942,18123,0
17305,18314,6
20614,9253,0
1030,14567,0
2846,8099,1
14861,86,2
18890,9209,0
6993,7979,1
288,5772,0
1,22201,0
17199,54,0
14272,2254,1
1,14621,0
17339,40,3
12552,77,0
17483,20795,0
11718,19637,0
108,112,13
19504,7701,0
29,6127,1
13129,14865,0
1989,2033,0
14272,7554,1
19,21330,2
20645,2846,0
14272,7559,0
1060,5177,0
11764,58,1
13795,59,1
14433,83,0
15238,5,1
116,14272,2
21752,47,3
16866,94,5
15535,26,2
17503,1993,2
13244,94,0
10568,7731,0
324,77,5
324,72,1
10511,3074,0
12751,15856,0
6677,8814,1
1533,83,2
16940,83,1
14803,17367,0
1892,5772,0
14395,3972,0
15509,22323,1
22378,6677,1
139,15091,0
11877,12467,0
142,22117,0
125,42,0
1744,8859,0
2497,86,0
15539,7162,0
12664,14217,0
11752,17181,1
3087,7979,0
11304,21469,3
18973,19124,0
22207,57,3
15465,9106,0
133,18162,0
18083,4006,1
5379,98,0
10042,2995,0
127,3327,0
3836,83,0
10568,4879,4
10527,13793,0
22364,40,0
21116,4374,1
1364,7979,1
21387,5177,0
14501,41,1
14026,6918,0
17396,20673,0
144,2696,0
11304,12222,5
14148,2381,0
11840,290,0
11106,37,1
19082,3872,1
14099,84,0
1059,5177,0
65,8685,1
11566,6677,0
13793,138,1
13793,139,0
13803,19993,0
112,12775,0
13451,17305,0
5116,7979,0
13803,19,1
1514,18747,1
65,6778,0
10042,8702,0
11876,16979,0
1533,16783,1
17805,17806,1
5676,7330,0
4957,7979,0
13395,2516,1
17581,94,1
18778,58,0
17232,65,3
124,13793,0
22068,2542,0
17734,3266,0
133,5459,0
13811,987,0
12,17367,2
18828,20019,0
21005,8813,3
139,36,1
5329,7979,0
21257,35,0
83,92,5
15152,92,2
65,6820,6
65,6826,0
1744,2118,0
16688,19061,1
1705,18177,0
15511,7330,1
3,70,3
14272,21673,0
14272,21674,0
15940,21143,1
12843,40,0
17268,18915,0
15292,17,0
10568,17534,0
11124,20464,3
3453,6820,2
18314,9635,0
21499,7979,0
13793,5264,0
17305,20666,0
12222,13468,6
15541,16567,0
21222,5219,0
17305,4775,0
18187,68,1
1705,5001,6
1803,31,0
1705,9037,4
11482,15361,1
108,913,0
108,14666,0
29,68,5
7447,94,1
289,7798,0
29,67,2
10685,39,0
14771,49,0
13353,7979,0
289,5863,0
11718,14711,1
20536,289,0
0,8604,0
16896,61,0
13486,14148,0
1928,7749,1
16298,83,1
15736,17503,2
7554,84,1
1525,5041,0
14332,3800,0
108,9788,1
15734,9791,0
13671,2118,0
17780,3486,0
18166,3800,0
11102,39,0
13474,16868,0
10568,20988,0
5267,9777,0
15361,21094,0
14567,21308,1
14813,2846,1
21592,58,2
18604,83,0
131,3061,0
12073,16402,0
12927,21157,0
13574,17611,2
18828,8377,0
10568,3478,1
0,6627,1
1465,1832,0
163,44,0
13227,8,0
127,14565,0
2214,7583,0
20516,2846,1
41,6402,5
1126,9942,1
17305,17505,1
13574,4744,0
112,17505,2
14567,2201,3
10568,11021,0
133,21491,0
3872,4203,1
2096,94,2
20014,59,1
10991,59,0
16926,9777,2
21566,49,1
20509,9777,0
18079,7979,0
15538,6677,0
17503,6795,7
17503,6793,3
18075,7044,0
1408,15933,1
1,10381,0
1,10382,1
1,10383,0
13795,77,2
16800,3453,1
135,51,1
133,13956,0
19790,34,7
16557,3276,1
21911,8833,0
3165,70,1
10,4232,1
13623,7733,0
10345,3915,0
6677,8878,0
6677,8879,5
12226,5552,3
2963,6765,1
15723,422,0
289,7046,0
21111,63,3
2103,94,1
41,4719,1
13061,21719,0
18166,4433,0
1864,6242,1
3533,5280,0
10638,21469,3
108,14272,5
22378,4232,1
108,14271,0
6714,7587,0
16045,17503,2
5976,77,0
1076,15689,0
22401,94,0
5628,7397,0
2118,22266,0
16089,18747,1
107,20329,3
1,2343,0
15937,22323,1
1,13609,1
14304,26,1
13575,8125,1
12519,21165,0
121,17305,1
7278,8984,0
18106,2478,2
10568,4859,0
2516,3727,1
16848,4037,0
2158,94,0
112,14537,3
10553,488,0
16534,18314,0
10568,19610,3
11877,4629,0
19998,7397,0
33,8,3
10638,12222,6
15930,73,0
11793,17711,0
20848,26,1
16374,21640,0
6084,7397,0
19672,22295,0
10128,15745,0
133,1434,1
15695,21171,1
11253,19,0
13916,154,0
131,22378,5
136,6402,7
14009,8132,0
83,9799,0
1,7907,1
2306,7701,0
131,2076,1
136,5170,8
17340,37,0
131,3292,1
18746,8789,4
153,1928,2
19209,20190,0
1,7438,0
1273,2846,0
14997,238,1
481,77,0
14227,2615,1
11718,835,0
11524,17503,0
14567,5094,0
13420,17503,0
61,8576,0
7979,8461,0
18647,29,0
13326,4629,0
12305,133,0
22152,8288,0
12252,8813,0
348,6247,0
10153,133,0
70,9243,0
19980,76,2
1513,2567,0
11915,2056,0
22349,4716,0
4577,73,1
17503,21462,2
10638,7017,3
112,7245,6
3,56,1
3,54,7
83,9942,3
20812,8813,1
19,8895,1
112,20275,0
19,58,6
130,19157,0
19,57,2
134,5,5
1674,8261,3
1674,8262,2
17570,18828,1
10691,130,0
2811,57,3
18746,8923,1
10,10382,1
12161,9777,1
19,21019,1
13985,14701,0
12552,18314,0
16033,8,2
131,15011,2
37,4545,0
19650,72,0
3363,8813,0
17503,7883,6
12790,8,0
12937,31,0
7188,77,1
21360,6677,0
1408,8,1
20121,77,1
21866,54,0
18828,19228,0
10568,5843,0
3662,83,0
4910,63,0
111,265,0
1005,124,0
17769,26,0
13468,14479,3
2495,31,0
13365,139,0
17339,18314,0
3103,7514,1
19,20638,0
29,43,1
10470,3971,1
10729,5228,0
29,4523,0
102,90,2
14865,17204,0
130,4081,0
10568,21870,0
29,55,1
13317,14227,1
136,20464,3
61,9760,1
11339,59,2
10089,11026,0
15209,84,0
12635,18314,0
19898,4628,0
10345,18686,0
14184,58,1
22088,86,0
4475,45,1
650,7979,0
1705,20221,1
11347,11412,0
12434,40,0
2846,5782,0
59,9198,0
11701,17047,2
1,14992,0
14900,20872,0
136,34,8
17436,22011,1
26,5084,0
131,8685,0
10568,21119,1
19187,2251,1
2260,77,4
12389,6180,0
10317,17213,0
21636,84,0
14272,20498,0
21636,87,0
125,19838,0
15922,48,0
3729,77,0
112,2285,0
112,2281,0
1,20191,11
1,18828,1
18684,6392,0
18577,58,1
13,17564,2
4875,8813,0
112,16783,0
15136,58,4
11085,65,5
16846,29,0
11680,137,0
22026,40,0
18075,4518,0
133,19348,0
8633,8824,0
11565,7979,0
17503,1953,1
15535,65,4
13,2932,0
8686,94,0
11249,94,0
13793,84,0
19860,4570,0
12745,22131,2
18075,83,5
223,77,0
8254,9388,1
15277,18609,0
1615,83,0
10042,8367,0
3907,7549,1
1353,16490,0
21774,7979,3
13,22249,0
19710,77,4
13830,52,2
2846,8926,0
14265,798,0
131,14539,1
127,17928,0
1,1705,4
127,17927,0
131,14537,3
7584,87,1
12746,6677,3
21111,4232,1
13591,3,0
18659,83,0
37,4203,0
12485,143,0
4232,5,2
14865,17565,0
1,17503,4
7303,77,1
29,4203,0
18828,83,1
1981,5772,0
3453,8961,1
7652,83,1
488,5886,0
40,7183,1
10568,18587,1
118,19806,3
11866,94,3
13332,9627,0
20191,48,3
13593,13793,0
47,692,1
3022,324,2
14016,92,0
12226,18345,3
16021,6885,1
11790,618,1
10568,21469,4
10445,2824,0
20319,37,0
139,4276,0
37,4348,1
3328,54,0
12226,8514,4
19600,8958,0
260,94,2
102,2637,1
17007,5781,0
15012,22132,0
131,14250,1
11108,133,0
14553,20798,1
4238,7514,1
130,13149,0
11843,1963,0
13,19396,0
17367,17978,0
19646,6,0
12988,22416,0
13793,17942,0
16402,58,0
17213,17503,0
10438,1408,1
13793,9253,0
12911,154,1
102,108,5
15937,9105,1
16142,94,2
26,529,0
1166,13574,2
10243,17257,0
10812,77,0
54,8644,0
18714,5054,0
13858,92,2
11642,15530,0
10242,1396,0
52,96,1
15576,7979,0
12924,41,1
13718,3395,0
14227,3744,0
14567,6493,0
7444,9449,2
125,3972,0
5488,659,1
15011,17,0
7425,94,1
1,830,2
18314,3972,0
14442,8,0
14234,4037,0
13079,6157,0
26,9384,0
18604,22271,1
12151,18891,1
112,20299,0
13259,26,0
12389,70,2
19,33,2
19,30,3
65,933,3
10568,8262,2
1,163,0
19897,4628,0
11193,17047,3
4150,7330,1
1372,5331,0
58,7292,2
133,3334,1
3,37,7
18881,7742,0
108,16935,0
14272,20148,0
16524,1673,0
16496,26,1
15599,19728,0
15530,4613,0
17785,659,1
19253,7438,0
5388,7979,0
6549,76,0
10541,43,0
17367,22304,0
14900,3239,0
10568,18446,0
150,21977,0
17491,18609,1
0,84,4
10638,1705,4
0,86,8
366,6718,0
18082,19531,0
1585,19407,0
11124,15657,1
12151,13830,0
1705,6347,1
10122,86,0
11304,9037,3
14771,14861,1
1124,17503,0
19546,7979,1
15130,4620,0
157,2846,1
10728,21646,0
21186,47,2
107,14539,1
133,5380,0
21317,31,0
112,20906,0
15342,8658,0
10089,18033,0
11339,77,2
15361,9323,0
12746,5633,1
131,14071,0
17503,18604,2
19710,2914,1
10242,9777,0
5536,94,0
3334,93,0
20191,6081,2
21930,65,0
125,15530,0
1409,16399,0
133,3512,0
133,3513,0
21993,9253,0
17,2612,0
14865,5001,1
18828,503,0
31,4503,0
13793,18714,0
2260,59,3
7584,7979,0
7657,94,1
18847,937,0
18714,9250,0
13591,1513,0
19,7584,1
21752,692,1
15373,26,0
131,8403,0
17557,7330,0
13186,63,0
1513,21723,0
131,15854,1
18122,20515,0
1928,5038,1
12853,8,0
18828,20254,0
14676,17572,0
4969,83,1
17305,17894,0
10275,18828,0
19790,77,5
19790,71,3
12597,289,0
18946,3838,0
16263,7,0
7160,83,0
18911,4881,1
11712,18314,0
10321,2118,0
4813,77,2
14823,17945,0
2014,26,0
21369,7514,0
11876,4230,0
15361,17785,3
133,5605,0
14507,18828,0
10183,20848,1
127,17715,0
112,9583,2
3972,48,1
1,9838,0
1,10345,5
1249,43,0
10132,15856,0
12542,131,1
22043,5010,1
135,8081,0
4388,6126,0
20406,289,0
13793,2118,1
112,21882,0
15695,835,0
136,324,2
11106,5177,2
14865,17503,4
8261,8337,0
135,5931,0
10350,59,1
12144,6677,0
13947,8685,0
14865,19249,0
13673,4232,1
11268,18684,0
16673,8320,0
151,7330,0
1515,7979,0
1662,3143,0
1662,3141,0
14272,8397,0
10778,1463,0
83,8773,0
10950,4037,0
11781,14567,0
20464,5170,3
16032,3453,0
13793,3790,0
17672,65,0
13985,4787,0
16783,6791,3
10568,21408,0
2025,7444,2
11875,9684,0
131,17516,3
15826,29,0
4368,94,0
1928,65,4
14912,8591,0
11478,15361,0
154,20166,0
14160,40,1
133,21754,0
20897,21450,1
15232,3644,0
11871,54,1
17367,40,3
133,15519,0
15232,18345,4
5009,8701,1
17367,17999,0
12,9970,0
19,7444,5
17503,489,1
15386,86,0
108,7584,1
13683,4628,0
1705,3051,1
131,13328,1
26,6727,1
6696,900,0
15511,6157,0
112,7069,0
14900,7784,0
1353,20427,0
29,6081,2
108,11171,0
7444,8849,0
6085,77,0
15511,83,2
2898,5318,1
10,8,3
1,30,4
11718,8,0
11781,3800,0
7,8,1
2118,61,4
20466,22304,0
14921,17367,0
5411,8,0
11253,7979,3
17637,3103,0
39,8254,2
11238,17503,0
14322,18445,1
1150,14450,1
3902,77,0
2846,9999,1
7330,92,3
4879,8261,3
10438,15933,1
10788,21745,0
13,22415,0
1,11752,5
7624,9062,1
21019,2118,0
21244,5,3
22402,7514,0
13116,22352,0
1,6404,5
102,21989,0
13066,17861,0
12959,13715,0
10568,1674,5
10568,9627,1
10470,11193,1
18468,8227,0
1126,16783,3
16569,54,0
15689,21208,0
26,7444,1
14395,35,0
21478,86,1
14958,8,1
86,8636,1
18973,21723,0
15232,7822,0
20436,7444,0
13332,4524,0
15,19806,2
12555,83,0
15937,77,2
65,7246,0
19,20365,1
11644,9777,0
13510,17222,0
112,7844,0
5280,7584,0
3654,77,4
12155,6347,1
10002,18463,1
14567,21362,0
15517,19708,1
108,17367,5
108,5553,0
11476,13,0
4813,9777,2
133,18688,0
14264,68,0
6745,7979,0
47,7549,5
12490,17,0
1513,17120,0
14184,19,7
10606,1117,0
16037,20247,0
3971,7883,3
20128,8984,0
20620,488,0
10464,7979,1
4958,6714,0
122,27,1
136,71,7
1266,70,0
15,21556,0
136,77,13
19050,7979,0
77,8984,0
1102,131,0
14304,6793,1
11662,9938,0
18828,9669,0
618,9938,1
1238,21005,0
4512,5601,0
138,8795,0
15361,21385,3
16188,18730,1
5772,5940,0
17503,21362,1
137,138,0
127,16469,1
108,90,3
14865,19212,0
18524,6677,2
18314,3504,1
84,9133,0
11085,26,3
3315,9777,0
5885,618,0
11025,8787,0
45,76,3
213,8194,0
14567,17807,2
21974,6795,0
12,131,7
131,20038,0
12,136,3
21050,31,0
11680,7,1
1743,6242,0
2846,3298,1
12006,94,0
7397,8773,0
16312,4037,0
12503,139,0
3517,49,0
3,48,4
14800,18973,0
12226,16524,0
4609,7195,0
7701,8549,0
108,17491,1
108,7727,0
14837,59,0
21105,7774,1
143,15292,0
12720,4517,0
13654,8194,1
297,8525,0
19061,7479,1
11635,83,1
18746,3438,1
16862,9194,0
15843,22011,0
10771,12280,0
10350,77,1
15930,19644,1
121,130,2
15059,15679,0
2816,7979,0
20568,8,0
4148,65,1
16398,8762,0
18461,7514,0
18828,21118,0
3533,5264,0
131,18468,0
12847,58,1
15232,21777,0
130,7303,0
1175,21148,1
13425,70,0
13793,1513,0
72,8501,0
72,8500,0
15689,8680,0
4787,8813,0
105,2963,1
14330,6795,0
14406,26,0
13,59,4
2846,9779,0
5593,6653,0
15036,2118,0
110,3654,3
131,2018,1
14851,5331,1
3453,9525,0
16680,17504,0
13034,18577,1
16651,42,0
12931,4434,0
13481,17305,0
19122,3655,0
6735,9777,0
16410,40,0
17866,77,2
12222,6999,2
324,6402,3
10727,19027,1
112,40,8
112,41,5
1353,20866,0
11877,1964,0
10568,3484,2
5461,83,0
10898,131,1
11106,3,2
13610,5628,0
11106,6,1
105,5000,0
11041,14814,0
11023,3023,1
13,6207,3
17556,5264,0
8706,933,0
2061,5010,0
15530,22331,0
26,4705,2
19958,2118,0
14953,1705,2
13395,3800,0
14865,18604,4
112,7226,0
13,7266,1
2637,5011,0
10650,63,1
19104,26,1
19104,22,0
139,21523,0
130,18730,0
18576,86,0
1,18965,0
22001,22356,0
108,21896,0
13793,289,0
11915,13817,0
11378,20358,0
15745,20102,0
131,20931,2
18314,20862,0
1166,17611,2
1397,16535,2
8564,9513,0
20579,2598,0
10545,7979,0
15856,17637,1
4628,9235,0
1215,20728,2
144,18560,1
10568,17315,0
20,2418,0
12528,26,0
22222,54,0
22255,6242,1
16805,21774,0
18828,2876,0
15,20477,1
11444,14681,0
15,8254,1
11541,17390,1
2874,73,1
15733,83,1
5552,8514,3
17305,7246,0
13334,9486,0
11347,12127,0
19405,37,4
107,77,2
20518,7514,0
16979,8230,0
12120,14007,0
17977,7979,0
16489,77,0
13327,14711,2
13099,1513,0
23,8,1
10860,31,0
110,4306,0
138,6810,0
108,5536,0
17427,20515,0
13116,139,0
7444,94,9
39,8833,1
112,20945,1
20253,21463,1
20129,739,0
1928,9083,0
10568,13468,12
14567,4281,0
22179,3744,0
20182,4986,0
6800,7173,0
47,5749,0
13705,7397,0
11304,653,0
14184,33,2
59,7830,1
269,9253,0
3,9064,0
3334,52,2
18106,6677,2
15883,6,0
83,9419,2
11891,16800,1
13244,20475,0
12213,6191,0
18123,9390,0
130,17384,1
17367,9777,4
19806,7302,1
18959,900,0
131,8992,1
11877,14728,0
83,8933,0
21514,77,0
112,18609,1
1614,7749,1
16854,58,2
136,5577,1
10744,98,0
131,20232,1
7138,79,0
11764,15136,1
15232,8099,1
4813,7245,4
7979,8074,0
21111,6677,2
1,20750,1
11752,19,3
131,19728,3
878,98,0
12222,16953,2
2319,238,1
6205,65,2
15963,7979,0
14885,19,1
12912,20201,0
109,72,1
12467,8230,0
133,16329,1
13985,9924,0
12915,15541,1
13381,31,0
11249,77,1
13793,20,0
13269,15856,2
21414,26,0
11247,15689,0
21723,5744,0
2909,45,0
11269,5898,0
0,21478,1
5389,7979,1
32,79,1
14947,15689,0
14304,18403,0
10834,7397,0
19710,94,3
7443,9008,2
15106,6,0
26,7091,0
16764,7188,0
142,878,0
13917,7652,0
1705,6793,1
17734,21117,0
104,127,1
10366,7979,0
1971,3743,3
1,18308,0
1,18309,0
19540,6,0
11752,2931,0
131,15535,3
13,77,20
15013,3154,0
131,19790,6
15361,1866,0
20813,44,1
0,6183,0
0,6182,0
12015,4714,0
68,9788,1
22131,8813,2
13332,20499,0
22253,7979,0
22155,8,0
11902,13271,0
12503,9908,0
15537,1705,3
0,16292,0
112,68,4
11049,59,0
618,815,0
18775,2212,0
15723,7979,0
21888,9008,1
15361,21222,0
12966,3983,0
5389,8789,1
17195,83,0
131,18445,1
2025,9748,0
17316,20588,0
17503,21171,1
7245,77,5
4628,7883,3
0,18293,0
17181,6991,0
11762,6677,0
14638,76,1
3030,4705,1
13167,18828,0
12638,17367,0
16797,7979,0
17807,21239,0
14727,26,0
21556,48,0
14567,2544,2
15011,77,3
16651,17199,1
20798,5009,1
112,17649,0
16854,6999,3
142,17503,0
19821,70,0
18604,22214,0
18246,21385,2
1,5337,2
18626,6207,1
17503,20221,4
2681,83,0
13862,26,0
19,22012,0
12875,21049,0
22352,6988,0
131,71,9
131,77,22
12740,3655,0
14272,6589,0
5744,7798,0
17503,26,2
12746,15232,2
17305,8131,1
14508,14865,0
1396,22255,0
19997,7397,0
18314,2,0
2846,3626,1
15509,3972,1
16799,40,0
12659,3,0
122,9760,0
12,4964,0
11057,65,0
10650,2846,1
14465,18590,1
13793,77,2
11023,18,1
13,145,1
14501,3,2
17935,3348,0
14567,19037,0
130,6403,0
14933,9777,1
14567,19038,0
12,6912,3
7584,8813,0
4372,8789,1
21161,83,0
29,795,0
0,20191,2
3166,83,1
17503,22011,1
6,8396,1
14775,88,2
131,6127,0
12226,2361,2
18744,20812,0
16046,7979,2
131,14322,4
18261,86,0
19710,2260,1
4562,9341,1
26,3122,0
14450,2811,2
134,9437,4
12110,49,0
13636,7979,0
16731,94,0
10568,5735,2
18314,18940,0
11877,4231,0
11877,4230,0
16905,5331,0
34,6820,3
10210,8448,0
6677,9341,2
112,13820,0
21396,47,1
10730,6975,0
16688,7479,1
11713,22,1
16462,21166,0
17866,6,0
5536,77,0
3334,37,1
11564,17772,0
17516,5577,1
14823,7979,0
13510,16979,0
18781,37,0
3453,40,2
3453,41,3
2615,5707,1
13014,19,1
15934,26,0
14674,6157,1
1101,17503,0
5587,83,0
2846,9101,0
2995,65,0
12479,14567,0
20420,8813,1
105,6560,1
31,80,0
16469,5177,0
108,55,1
108,51,4
10568,618,2
16046,8789,2
10568,615,0
39,9027,0
22331,6445,1
13033,7979,0
11705,6,2
108,11840,1
12294,19302,0
108,15964,0
20084,9269,0
16969,58,1
3220,9103,0
2517,7979,1
18714,9946,0
11186,17,0
4281,47,0
13292,2564,0
17800,4628,0
10207,108,4
1,4317,0
22402,8728,0
17267,6,1
10946,12015,0
55,73,0
55,70,1
14865,18035,0
2736,5331,0
59,9271,2
14654,8332,0
112,1954,0
5331,616,0
109,17,1
12768,133,0
11249,12,1
20836,98,0
1705,2319,1
26,65,10
1458,18828,1
19713,8946,0
42,7584,0
19841,7548,0
17395,20329,2
10351,4107,1
22257,7979,0
11896,9103,0
2112,77,0
16158,65,0
2593,93,0
131,15517,2
11060,9777,0
6002,7514,1
18746,21449,1
11877,17543,0
13793,19229,0
21973,7979,0
13150,17503,0
17807,21146,4
108,19709,0
10345,10351,1
108,17543,0
125,14091,0
1406,4010,0
16179,7979,1
2846,4437,2
10568,9159,0
11781,17222,0
10042,13420,0
11769,21829,1
16304,8311,0
13,2021,0
11800,129,0
13873,16805,1
14953,19023,0
14227,5735,0
15537,6016,2
73,7847,0
2598,7745,0
16142,19,2
17007,8,0
83,9629,0
13673,13985,0
13506,2118,1
101,15232,0
3306,6,0
8813,9999,0
116,16524,1
3626,8514,1
22207,9777,4
5928,9342,0
18828,363,1
59,9862,0
21723,42,0
7310,83,0
16164,6,0
2214,77,1
1705,19804,3
10291,5772,0
12423,4787,0
61,96,4
16329,8813,1
61,93,2
11541,99,1
17924,7549,0
14304,17503,7
11770,21146,1
21888,8,1
12220,7399,0
1513,16456,0
3793,7514,0
18828,21974,1
17039,3654,1
13540,86,0
19404,40,0
18747,6,1
7401,8701,0
11635,7330,1
18627,98,0
144,21437,1
15024,9271,1
21308,29,0
125,918,0
112,22207,2
13638,7979,2
19675,7991,0
1705,7,0
10745,20685,0
17305,29,2
1705,8491,0
37,4876,0
21186,48,1
3,6731,0
18830,7979,1
94,9583,1
13099,131,0
10568,6833,0
22034,7173,0
17861,6989,0
10421,16979,0
737,7479,0
2939,7706,0
4504,59,2
6081,91,2
14272,3824,0
11630,15533,0
1409,6467,0
17503,4628,10
134,14775,4
13985,20812,0
12091,16524,0
12064,4037,0
8383,94,0
12622,26,2
17199,2874,1
112,11371,0
19405,76,1
112,11372,0
0,10726,0
112,11376,0
11938,79,0
4487,8813,0
4151,72,0
13531,1705,1
108,7245,2
11304,5001,3
17007,1705,1
6588,7696,0
12423,21875,0
2682,4969,0
16651,2874,2
10364,1513,0
13317,14865,2
118,131,1
6095,7745,0
118,136,3
1705,22421,1
154,83,1
16033,9115,1
17516,22207,2
7245,9777,6
108,22114,0
15963,422,0
1325,19143,0
1125,83,0
14456,22013,1
3585,94,0
5577,94,0
40,9777,9
10042,22322,0
19097,40,0
17516,9583,2
3453,65,2
17692,6157,0
10569,2846,1
26,3502,0
11718,4628,1
1,2811,4
13,1928,1
0,14806,0
16748,9740,0
17503,5215,1
19082,6493,0
18828,4694,0
12503,17784,0
16252,94,0
16979,8588,0
12294,18891,1
65,94,3
13,14009,0
12490,72,0
20958,26,0
4697,77,0
14101,84,0
11423,16788,0
12162,7549,1
16911,77,0
11718,17503,2
7472,987,0
11866,7444,2
17807,9395,0
12,8722,0
12,5711,2
937,9891,0
21239,83,0
108,15940,1
17503,7598,2
112,14272,6
59,7303,1
14272,15361,1
18777,58,1
15361,709,0
12837,16861,0
2201,871,2
2517,8789,1
13354,6308,0
10676,133,0
15361,9820,0
11347,2194,0
11347,2195,0
22185,8648,0
17503,7048,0
17640,7075,1
15100,6942,0
16376,3375,0
108,5318,1
3164,70,0
6795,9938,1
131,21144,0
2187,9506,0
12350,18609,0
1166,9777,2
18915,77,1
19364,6157,0
13793,61,2
10544,14711,1
12162,47,3
14567,16591,2
14742,18714,0
10568,6999,2
4037,5891,0
13793,98,0
1409,9188,0
17,31,2
6600,94,1
16329,20812,2
11745,7701,0
12,77,5
12710,14865,0
1723,83,0
17573,7425,2
1,7042,1
105,6002,0
112,19357,0
5038,58,3
10042,4610,0
12180,86,0
11399,61,0
17912,83,0
11879,35,0
77,9514,0
15361,18034,0
16229,8,3
77,9512,1
10332,8288,0
10470,20744,0
11180,14194,0
17266,18714,0
597,9304,0
22117,9777,3
13793,18564,0
108,19728,0
10544,7979,1
12153,77,2
13591,14567,0
17078,488,0
14771,22309,1
125,19207,0
11002,15689,0
10850,8789,1
154,2251,2
125,19208,0
10336,86,0
11732,29,0
15596,6157,0
1457,18604,0
411,42,0
1881,5009,1
13,34,9
1133,1502,0
17516,58,1
103,65,1
16142,7447,1
134,6043,1
19405,22304,3
12287,6157,0
17181,8789,1
10535,2018,0
6,8632,0
19710,6885,2
11440,16511,1
10,22378,3
21244,94,4
17305,6455,0
17503,19058,1
16591,6242,2
15174,16238,0
84,8437,0
17503,19056,0
10568,12222,14
13104,2516,0
29,3453,1
41,58,1
108,13099,0
11025,8813,0
41,57,2
11858,3631,0
11537,6090,0
21974,2516,1
6283,7122,0
133,9249,0
18828,774,0
16575,7979,1
3530,65,2
15745,8146,0
18214,18463,1
15745,8637,0
16179,8789,1
15828,18714,0
10042,7715,0
7545,94,0
131,1700,0
14362,18747,2
13794,16188,0
10643,22069,0
15492,91,3
16800,3530,0
7979,8370,0
34,65,5
34,69,2
1,21146,2
18730,48,1
19149,4009,0
18730,47,1
10569,20812,0
10321,13,0
6677,8684,0
12703,17503,0
1705,21727,0
6078,93,0
17272,4299,0
12684,83,0
15530,21195,0
15104,6,0
108,3453,7
15856,7514,1
4504,77,2
13,17232,2
15361,17443,0
16489,2201,2
154,19247,0
131,34,8
19708,5026,0
17573,9304,1
13793,21149,0
105,16372,0
17283,9627,0
16953,19804,2
12423,7500,0
16719,2186,0
17559,7979,0
7163,7397,0
112,9777,16
19405,52,4
3972,7,1
145,58,3
130,21369,0
133,19405,5
16229,19,3
131,18106,1
19,20813,1
15537,9938,2
15541,19,3
13411,18246,1
14396,6677,1
133,14403,3
14322,65,1
7443,94,2
19,2963,5
14986,8833,0
16045,18604,1
47,9946,1
4022,9777,0
14567,20673,2
108,18609,5
6145,78,0
10345,20191,1
17733,7979,0
10331,15492,1
14620,5331,0
1705,2125,2
19,21675,0
3257,70,1
14020,2208,0
18746,19546,1
12838,18960,0
11240,17807,0
2489,6241,0
12629,7719,0
118,39,2
15014,96,0
19078,35,0
10638,83,0
2254,51,1
8154,94,0
111,9049,0
340,8813,2
13,9271,4
10569,134,0
5328,7979,1
111,14681,0
102,16524,1
26,9937,0
12521,19851,1
10042,3819,0
10042,3818,0
10907,18890,0
21752,4845,1
13830,14403,2
11874,54,0
17557,7397,0
10627,15361,1
17786,5177,0
77,7828,0
77,7829,0
54,70,6
54,73,5
11701,1705,2
12840,16860,0
14272,801,0
4946,8000,0
5350,61,0
21208,29,0
20523,7719,0
108,13,7
1817,8,0
7292,94,2
21463,94,2
14865,15136,1
16541,18524,1
10568,7598,4
2103,77,1
18314,4118,0
1993,20221,1
1085,6157,0
11899,14272,0
47,48,7
10867,20477,0
13468,3971,3
10353,14865,1
19993,77,5
16839,65,1
112,22218,0
11418,14227,0
10042,16969,1
127,5147,0
22331,47,1
3389,9908,1
3102,94,0
13793,45,1
133,14439,0
13793,42,0
17305,21295,0
2103,22054,0
16323,830,0
14711,7883,1
11845,7979,1
18539,5463,0
15306,6,0
15689,19110,0
12222,22421,3
134,8288,3
57,9777,2
1550,15599,0
2870,7598,0
139,6988,0
730,7979,0
12458,6994,0
3022,72,1
11327,7979,0
40,94,4
18747,27,0
10568,5001,4
10089,1091,0
14802,17367,0
16524,3355,0
108,17505,3
16993,18000,1
13978,15856,0
17436,3300,1
18345,8514,5
6,886,0
18716,5772,0
76,86,6
6994,7979,0
17516,71,2
17503,9037,2
2260,7183,0
17516,77,3
2398,6,0
77,8824,0
19857,6912,1
14443,70,0
1360,3,0
17611,9777,2
20386,3,0
17305,5405,0
12660,18577,2
10568,4922,0
10818,14322,0
22255,289,0
10568,20518,0
12037,18314,0
6270,77,0
10642,1409,0
41,77,5
17365,6016,2
10361,94,0
16591,20673,2
4711,779,0
14582,8626,0
10848,14331,0
16554,44,1
1,15492,9
17503,8789,4
15856,5130,0
16029,2900,1
13793,6814,0
65,9266,0
31,6702,0
12730,15745,0
289,3422,0
10042,22043,1
18714,9065,0
10864,9437,1
1,48,5
10568,779,0
16188,3303,1
122,3303,1
1361,7979,0
12713,70,0
19,19104,2
6677,8514,2
13,6820,5
14567,8673,0
670,84,0
8254,83,3
10245,16911,0
22255,54,2
112,15958,0
21449,7979,1
10568,15736,3
13411,7045,0
13501,42,1
20948,7701,0
11178,20303,0
1705,8125,1
12911,19082,0
133,20577,0
15292,7415,0
16591,8,0
12475,86,0
1215,72,2
18714,6665,0
5215,6818,0
15530,19454,0
1276,83,2
145,16866,2
14500,19327,0
12622,65,2
127,8358,0
57,81,3
12947,14775,0
153,22378,3
15511,6991,0
10568,11701,3
13034,7169,1
14450,47,1
13793,5586,0
6356,77,1
14450,48,3
37,52,4
11247,8813,0
15530,6442,0
13328,26,0
10568,12171,0
13744,17232,0
1446,8132,0
11680,1750,2
4701,6130,0
16882,17637,1
6308,7657,1
20537,5,0
19993,3654,2
3257,54,1
21158,83,0
10568,19539,0
20078,9020,0
14865,17150,1
1,16575,0
22252,7979,0
11781,16979,0
11701,5001,4
19806,65,1
21244,8040,0
20420,6677,1
15689,3972,0
16505,4727,0
18097,6677,0
2516,3209,1
7455,9777,0
13,9037,1
2494,2527,0
0,130,5
0,133,4
10568,20897,2
18881,8514,2
1533,20040,0
54,56,3
82,83,0
13793,311,0
15457,17503,0
10495,17503,0
20247,84,0
10568,20093,1
21288,7979,0
15204,8261,0
127,133,2
14567,873,0
127,130,3
10432,17807,0
15856,16883,0
15856,16882,1
10079,111,0
10568,13827,0
21984,70,0
13634,7979,2
15232,8814,1
11347,836,0
18762,7701,0
11900,13985,0
108,7749,1
19806,8833,1
22,46,0
4189,72,0
14102,84,0
11991,3276,1
131,21105,1
14227,18828,3
5331,7686,0
139,6969,0
185,35,0
14227,15144,0
18684,22045,0
19989,3803,0
10568,2125,1
1926,20687,0
1772,4628,0
13468,1705,7
22309,86,2
6402,77,5
1064,19248,1
102,15535,3
10644,1409,0
131,17975,1
10345,3800,1
10816,19187,0
18410,83,0
26,7954,1
10568,18038,0
26,8097,0
2118,7039,0
14304,9570,0
13793,7979,0
111,16,0
10207,3017,2
16849,31,0
2077,289,0
3027,83,0
13985,9291,0
143,920,0
21119,7735,1
130,16469,1
21728,5744,0
11178,15655,0
21186,7549,1
14322,6677,2
19027,20946,0
110,7245,4
19904,2118,0
13100,3655,0
15617,7032,0
18769,77,0
12521,3744,0
6793,7883,1
14145,18828,0
14537,3047,0
6537,8053,0
3023,8,1
3292,77,1
3795,7549,2
14915,6466,0
18560,21437,1
14312,144,0
112,17782,0
121,76,2
20936,31,0
105,41,2
11991,65,1
143,2462,0
16673,2118,0
145,8833,1
15689,5285,0
10066,6573,0
10089,9529,0
41,94,5
16783,7330,3
4628,6710,0
18345,6043,2
116,15361,2
11845,18746,1
4562,6677,1
144,56,1
16557,65,1
144,54,3
13308,4238,0
18314,21481,0
12222,1705,14
131,17367,7
17506,61,0
10568,8261,3
108,20928,0
102,68,2
17305,19477,1
18314,2170,0
8525,9209,0
22255,70,1
22255,73,1
14865,14988,0
1,8390,0
11702,39,1
19933,94,0
14325,2118,0
15962,7979,1
115,139,0
15965,7444,4
17221,6157,0
11112,5772,0
17414,4969,0
13793,17367,4
10345,2811,1
2212,8095,0
13220,8799,0
17554,20469,0
7582,7979,0
15361,7584,0
13506,8576,0
1,11821,1
20,6191,0
14997,1705,3
1322,83,0
1,1029,1
142,9254,0
10470,10568,2
1,1026,1
5177,61,2
54,7530,0
12746,14701,1
15541,21330,1
7883,9570,0
13506,48,0
3,8799,0
20464,94,1
1270,12922,0
14019,20486,0
105,108,2
127,8216,2
1513,3608,0
15978,76,0
135,84,1
135,86,1
14567,16944,1
10207,8902,2
17181,7979,1
1150,48,1
108,16800,2
15736,830,0
10850,7979,1
17571,77,0
1847,9070,0
17367,18891,2
17181,83,2
1796,21957,0
19196,6241,0
11642,14272,0
15541,2811,2
131,14272,3
67,68,2
20221,6795,1
1,6081,6
13793,3073,0
21437,98,0
13317,15136,1
10568,5959,0
15361,18246,2
10727,20660,0
19027,21396,1
5094,7979,0
12642,5318,0
10132,18933,0
13,9583,2
11106,130,2
15856,4142,0
2340,54,0
10351,131,3
29,954,1
10638,17025,1
1,4725,0
4845,7549,1
15436,61,0
19247,19873,0
83,9741,0
14567,19,4
10042,5339,0
14272,29,4
10042,2452,1
5408,6520,0
14248,77,0
94,9449,2
1126,21831,1
16021,77,2
1928,2823,1
0,18828,1
10042,11085,1
20231,9777,0
131,5654,0
11335,8813,0
6832,77,2
6157,7285,0
21436,58,0
18952,9253,0
11124,71,3
10543,7979,2
1,8517,0
1,14885,1
11085,17232,3
19934,77,0
22378,4523,0
16651,17305,1
13468,15537,4
18314,18730,1
17746,48,2
18587,6727,0
27,3685,0
18774,63,0
7802,84,0
11563,18080,0
1146,13501,2
12952,830,1
10350,19247,0
108,16789,0
19,3138,2
127,76,3
127,74,2
2846,3259,0
12222,17007,1
14362,14865,3
1705,19058,2
14377,2846,1
14450,4652,0
6402,94,4
136,3654,7
111,7075,0
16854,9801,0
10070,14654,0
11752,16329,1
133,17165,0
34,8544,1
10568,7883,8
139,15361,1
136,6932,0
10568,17630,0
13610,3166,1
14272,9608,0
15361,6790,2
1353,1405,0
0,22255,1
19,8,15
10496,76,0
12648,6,0
102,4577,1
20250,8294,0
11124,136,5
6084,83,0
13392,15856,0
18314,9070,0
14567,15081,0
1,19104,1
14490,54,0
12294,19967,0
2101,6241,0
18828,2516,11
17340,21222,1
16854,5010,1
133,14638,1
11193,12222,6
1158,47,0
14553,2096,2
19027,47,2
20593,2516,0
13,18626,1
16926,17339,2
13949,83,0
14660,94,0
54,7075,3
16866,5144,2
21898,31,0
10568,5127,3
10568,5567,0
12226,7569,0
2516,363,1
112,13692,0
139,19672,0
16651,86,1
14304,1993,1
2870,9627,0
12309,7415,0
18000,289,1
11549,12280,0
4789,933,2
14916,20697,0
14011,17,0
2313,84,0
1097,14227,0
131,8544,2
130,7251,0
17503,7694,1
20191,76,1
12911,458,1
1285,21463,1
12543,7397,0
11179,21090,0
130,22421,1
18746,9508,2
1705,211,0
13,8793,0
17782,5177,2
58,7218,0
11482,130,0
20695,5460,0
16688,9969,0
14710,7979,0
3,6404,2
10568,17802,0
3065,4797,0
10042,15446,0
2118,4338,0
133,4340,0
11304,14056,1
7444,9008,3
1107,94,0
13858,17706,0
12519,5219,0
14227,18166,0
15361,15930,1
3529,5096,0
17792,4628,1
16952,18828,1
16926,65,4
15530,9443,0
131,20464,4
154,18285,0
58,7749,3
16188,19989,0
12514,130,0
14814,9999,0
18881,20516,1
2516,9305,1
1458,2516,1
6179,7444,0
39,9388,2
39,7414,0
15492,37,3
7979,8862,0
14511,878,0
15361,173,0
15361,174,0
133,17573,0
15965,2025,2
10042,8194,1
4628,8635,0
112,14160,1
1397,18314,2
15385,65,0
11789,1833,0
6205,8895,1
13224,6157,0
18,8,2
37,91,2
11989,27,0
18828,21671,0
17861,3974,0
4100,65,0
7169,94,2
20130,289,0
17975,7979,0
14865,21774,0
20845,7183,1
1380,31,0
11769,83,1
20552,8762,0
17503,5601,3
11023,8,2
14775,66,1
10042,4198,0
17503,7979,6
18106,8879,2
15611,8,0
15435,61,0
16805,83,5
77,7749,1
10653,15278,0
1276,16298,1
13738,9938,1
16489,2932,0
20309,7145,0
11701,15136,0
16551,21462,2
116,29,3
10085,2177,0
104,76,1
19896,5177,0
11028,83,1
1,1408,1
58,8824,1
145,22466,1
1,3138,2
116,6790,2
11745,6795,1
58,6820,4
19622,8984,0
10568,11304,9
15930,19308,1
10805,13793,0
11053,22354,0
4956,7979,0
10568,13793,0
10568,13792,0
4075,7444,1
16,73,0
10568,7336,0
1272,21396,0
10501,11485,0
7445,94,2
15378,21681,0
15709,4577,1
6677,8767,0
12521,7979,0
11752,20293,0
18287,289,0
12667,13996,0
1,20460,0
4393,4727,0
2118,335,0
39,7302,1
22355,77,1
19,6095,1
11821,19,1
108,6127,1
14567,16511,1
3276,65,2
12664,7318,0
3056,77,0
21481,84,0
17209,3351,0
17047,5001,2
14636,94,0
11304,17503,6
18828,19670,0
6912,77,3
46,80,0
13393,17807,1
16641,4037,0
10568,6007,1
13,16933,1
11395,18564,0
16418,83,0
12015,13072,0
21245,63,0
27,748,0
17305,21368,0
110,34,4
7169,8150,1
15391,21288,0
18828,5701,0
1608,6735,0
43,6824,0
10111,17367,0
1513,21019,0
22378,71,3
18262,86,0
14470,27,0
15964,54,0
21244,22423,0
14449,6600,0
11630,14272,0
10038,21554,0
13506,16188,2
405,86,0
260,7445,1
17305,410,1
13393,17119,0
14865,21385,0
14711,7979,5
151,39,0
5170,6402,1
1125,7979,0
17025,26,0
15236,65,0
113,8402,0
21387,78,0
1,8679,0
14200,65,1
6627,76,1
17305,5173,0
1215,7425,1
22093,83,0
17663,8705,0
12402,7979,1
12155,1705,1
19710,20317,0
108,13014,3
30,94,0
13468,4628,3
21019,5744,0
3587,7397,0
11253,14711,2
10996,6,0
6811,7979,0
20477,6205,1
5115,7979,0
1705,238,2
20926,6795,0
8514,9391,0
15965,19,3
112,13018,0
2877,4037,0
17807,586,0
17807,585,0
1,29,5
10638,13468,4
6791,7330,3
13613,14567,0
16234,3971,0
10252,94,0
102,29,7
17273,22352,0
10345,10773,0
14567,7436,0
14184,6081,2
14783,8874,0
14900,19849,0
21244,8833,1
13842,59,0
54,6915,0
127,17386,0
11858,247,0
127,17384,1
127,17385,0
11193,1705,5
11686,77,0
154,9570,2
110,136,5
10,2846,0
13858,7330,2
10,26,0
139,1847,0
139,1848,0
130,22009,0
1485,84,0
7979,9603,0
13317,17218,2
12736,17367,1
10128,2118,0
10274,10568,0
139,8402,0
7733,83,1
17933,3464,0
26,8874,1
13420,14104,0
8,9643,0
29,30,1
14567,3557,0
15028,59,0
20967,72,0
16551,4628,2
14227,19237,0
1705,2212,0
17768,18393,0
13443,15689,0
11680,18468,0
10042,20448,0
13574,54,0
13071,70,0
13418,9837,0
12248,8813,0
6,9595,0
6,9594,0
17505,68,3
17047,17503,4
4037,5660,0
20190,6795,0
17513,18314,1
1,18776,0
15703,7979,0
4255,77,1
117,63,2
111,22255,0
10568,18539,0
20946,7549,0
18292,29,0
14349,47,1
17,20728,1
14450,14567,2
14349,48,1
1438,9103,0
10345,9582,0
136,17170,2
108,22207,3
1755,7,0
10216,19187,0
154,17866,1
12622,2158,1
11603,6588,0
12266,2118,0
23,49,1
143,6935,0
13,9098,1
17563,8,0
13832,70,0
5808,7841,0
315,83,1
15299,19488,0
18314,22255,1
15266,2118,0
14056,1705,1
7385,7979,0
15327,41,0
15948,830,1
21043,9654,0
20547,98,0
11136,14711,0
10470,22378,0
21048,31,0
17305,6577,1
17543,42,0
1285,94,1
18595,3,0
17170,41,1
10568,14304,2
13,7584,3
3,5699,0
20750,6616,1
131,3998,0
15736,6795,2
10568,18979,1
133,13793,1
1,7480,0
121,8131,1
12660,57,1
11891,2898,0
21831,83,1
1928,3608,0
4750,4982,0
1880,5009,2
17503,6627,0
16342,83,0
3530,3654,1
13501,22428,1
12222,17047,5
15896,4197,0
17785,9277,1
19405,7942,1
131,1597,2
14524,7169,0
17305,8247,0
1177,17305,0
16935,3903,0
12226,2846,5
17047,7598,3
14100,84,0
11023,18577,0
2518,7979,1
21272,8,0
22070,8592,0
14599,4628,0
163,3684,0
13990,17503,0
6446,6735,0
58,739,0
22268,94,0
133,19079,0
5001,9037,3
5331,7598,1
1,10546,0
131,13767,1
17503,22137,0
1689,54,0
10295,1353,0
13506,17305,1
1705,17503,16
4488,65,0
131,9874,0
15232,2237,1
15535,933,3
21721,7032,0
17026,77,0
17,21620,1
13715,20953,0
10875,18714,0
7514,9572,0
16926,19790,3
22323,77,2
15136,17564,1
21384,94,4
13893,652,0
18577,9008,3
18138,7701,0
13556,17503,0
83,865,0
12280,14865,1
14449,15930,1
10543,14711,1
19136,40,0
14479,3971,3
2209,7399,0
0,74,1
0,76,8
17503,3484,2
130,8216,1
11752,16567,0
17365,9938,2
11877,8515,0
13635,7979,0
111,2737,0
17661,22255,0
112,3309,0
15878,5772,0
18711,6016,0
15492,6504,1
47,6445,1
47,6446,0
17503,3735,0
12745,2846,0
15081,16979,0
16687,4037,0
15204,9346,0
10337,86,0
15689,17361,0
18314,19360,0
4627,96,0
11852,133,0
17340,3362,0
17240,20148,0
14395,17866,0
19724,31,0
118,6402,2
21738,2214,0
43,5612,0
112,2307,0
20552,488,0
15361,20191,0
12744,14775,1
16,3,0
12586,1796,0
18933,7696,0
11156,289,0
11877,16979,0
10568,8736,0
12665,8789,1
15733,18075,1
15776,21042,0
10568,7701,3
13486,13793,0
19308,5001,0
10568,16552,0
20033,21263,0
17252,94,0
142,7584,0
16729,19,0
130,14096,0
6,795,0
17628,6619,0
44,8,2
19,21308,1
20579,9999,0
3795,47,2
10042,20423,0
15530,16651,1
20564,93,0
16061,17861,0
17793,4628,0
131,15657,1
289,5603,0
1,7122,0
12091,13574,0
7444,8,3
4065,65,2
14969,19187,0
16932,4462,0
138,3533,0
112,12606,0
122,22095,0
34,4301,1
10568,1705,15
2516,8051,0
5781,7979,0
12746,8814,2
18992,8874,0
15880,18314,0
16754,212,0
4750,871,1
18747,19860,1
16173,84,0
1353,206,0
2557,77,0
17045,20201,0
18314,20346,0
15537,17365,3
11294,20845,0
15217,6,0
13,13793,3
12537,8,0
7218,9610,0
117,6677,2
19713,7399,0
13,16456,0
1408,8577,0
5983,86,0
15327,65,0
11482,3258,1
20254,40,0
14272,84,1
10243,6094,0
17656,6791,0
133,8146,0
133,8147,0
1409,21069,0
10,14184,3
15286,22402,0
8833,94,2
10259,19997,0
12829,5727,0
107,15517,1
2415,77,0
10651,9437,0
13411,3258,0
4065,58,1
13793,144,1
18505,47,0
13,14717,1
17006,84,0
5860,84,0
8768,96,0
111,14312,0
14009,8987,0
10628,139,0
12222,26,3
40,8027,0
1162,17,0
19535,6,0
21841,289,0
14775,5,4
12434,14537,1
6404,6700,0
14227,18539,1
13817,21754,0
20253,94,1
17232,58,2
13988,83,0
12294,16270,1
12162,3796,1
14148,27,0
18986,289,0
101,13667,0
18828,20042,0
12,5170,2
18539,2516,1
1128,20148,0
289,8512,0
16952,6002,0
16524,29,2
14465,77,1
8288,8813,4
11915,13593,0
108,14490,0
1674,4879,4
19860,83,1
26,933,4
15361,659,2
10738,11537,0
18604,6596,1
6737,83,0
12663,7979,0
18609,4348,0
17975,8992,1
136,2018,2
13419,7979,0
18372,18564,0
17305,3854,0
21608,9938,0
17336,6,0
15689,6551,0
14567,2957,0
12304,14272,0
112,4325,0
13501,289,1
10568,9938,8
10534,94,0
4211,72,0
13718,16979,0
17,3022,1
17,3023,0
15015,238,0
5,5144,2
26,7183,2
21698,76,0
11752,13609,1
11304,1705,10
2359,3,0
15689,16329,0
14953,9938,0
0,10,1
26,2713,0
14567,21370,0
1157,18828,0
651,8317,0
48,9582,0
17,4211,0
19860,2423,1
16304,4405,0
12294,16862,1
13468,17213,0
20674,9253,0
12622,2963,2
19728,2544,1
108,163,0
145,5038,3
1674,7572,3
12222,130,3
108,6421,0
13070,70,0
18663,20928,0
14537,18083,2
131,5711,2
12682,7828,0
5711,6912,2
131,3654,5
16826,22191,0
12497,15232,0
108,20432,0
133,20516,0
14997,17503,1
3744,871,1
18463,289,3
2118,3623,0
14524,1928,0
14567,1864,1
139,2,0
12222,17503,9
15232,8514,5
12,9536,0
16933,65,1
15377,9777,0
3972,6832,1
18828,9305,1
112,18363,0
20124,40,0
108,19847,1
1971,7075,1
7979,9239,0
108,19848,0
14146,14567,0
16551,17503,3
13873,83,1
63,6677,6
14865,16089,1
1309,61,0
21523,31,0
7979,8516,0
112,22117,2
19087,5331,1
1106,31,0
15592,16688,0
1272,3,1
13793,1433,0
112,6402,3
19806,3291,1
15673,39,0
14900,5652,0
13946,65,0
3907,47,1
12377,15940,0
11221,15361,0
137,96,0
795,9169,0
130,21894,0
11680,65,1
11085,16926,1
11688,2201,1
12151,4576,0
10155,94,1
29,8448,0
18314,9175,0
18675,70,0
18345,2846,8
11304,21450,1
14304,77,2
12398,86,0
5,88,3
15689,18056,0
10568,4861,0
10568,4715,0
17181,6157,0
15299,2118,0
22196,7438,0
7908,8345,0
12222,8338,0
10568,13738,1
15896,16979,0
17807,3654,0
1303,2118,0
13271,3504,1
14567,6241,1
14567,6242,4
96,9760,1
10345,17746,1
17340,6,0
19,9610,1
13077,9253,0
11866,1525,2
14567,20274,1
12057,1396,0
10438,15235,0
20,43,0
11640,4826,0
16542,20200,0
58,6999,3
21111,5,4
1530,65,0
14335,17316,0
14322,22378,3
15539,21964,0
10968,5744,0
1029,6404,1
17763,58,2
77,9271,5
14933,8468,1
1,7440,0
1,2963,3
1,7444,3
12490,8425,0
12927,83,0
7,780,0
11326,7979,0
18908,8813,0
10727,47,3
11363,15745,0
54,9562,0
54,9560,0
54,9561,0
20812,3792,0
11320,83,0
18575,2118,2
2056,4997,0
13327,4628,2
130,18854,0
135,13574,1
19407,19903,0
22255,6677,0
18137,7701,0
15361,16411,0
130,19104,0
17232,77,3
112,15227,0
12947,20420,0
19227,83,0
10345,12092,0
17367,5045,0
131,5035,0
15152,83,2
3,87,1
14635,5744,0
16916,22255,0
16541,39,0
10042,794,0
12227,2348,0
59,9105,1
40,59,1
124,17425,0
124,17422,0
124,17423,0
12843,37,0
15237,8813,0
15530,21523,0
10568,17503,14
10568,14851,1
1374,65,0
21362,7979,1
12745,8813,3
26,7749,1
18564,6577,0
18828,21774,1
8701,9748,0
15361,16675,0
20860,77,2
133,22304,2
22013,7561,0
20252,94,0
17170,7398,0
17785,3,0
21384,9008,2
133,76,6
133,74,2
11915,4037,0
134,15232,1
15930,9479,1
15012,16229,1
2929,9777,2
134,15238,1
7075,8331,0
22421,7444,0
5897,7979,0
131,14396,0
0,30,1
18828,19212,0
47,6665,0
15299,7511,0
12057,1250,0
17305,3486,0
12179,86,0
1662,679,0
3266,6410,1
8451,94,0
18394,3350,0
7183,9777,1
1,4628,3
2118,3995,0
21941,8832,0
13468,7883,6
108,6402,2
131,7774,2
14567,6560,1
11124,14009,0
15535,3654,2
26,477,0
11709,18314,0
3188,6795,0
10864,134,1
3944,4037,0
12911,19512,0
12056,8813,0
17305,17513,1
20191,8,3
20812,7745,0
16979,2185,0
20191,3,5
17340,3589,0
15856,7020,0
108,16373,0
1482,15361,0
2118,4775,0
125,19806,0
13793,14215,0
14294,17125,0
150,7173,0
12519,14674,0
16043,488,0
16535,17320,2
16535,18314,2
13075,7548,0
15745,3512,0
145,260,1
11485,18648,0
19790,29,2
4067,6,0
2518,8789,1
11136,7701,1
59,6681,0
59,6682,0
14567,22255,1
14396,3530,1
10568,17711,0
11028,16805,1
17503,5683,0
111,9868,0
16953,1705,2
8,894,0
16722,7979,0
1595,18075,0
12863,17807,0
15530,20263,0
10184,16979,0
4965,77,0
15392,8864,0
13447,15689,0
5786,7979,0
130,9281,1
19638,7979,0
676,6828,0
142,4736,0
102,10568,1
130,4533,0
1215,17,3
136,22378,3
17782,2118,2
22207,48,2
6560,7444,2
16229,20191,4
13,4065,1
3,4348,1
134,88,2
15361,17820,0
15111,2025,0
1958,739,0
17798,4628,0
20182,4238,1
0,11106,3
6,61,5
18828,2788,0
1408,3306,0
3103,6002,1
16805,18323,0
1875,83,2
1327,15689,0
10350,14567,2
11124,15306,3
10568,21107,0
15128,15361,0
16854,9189,0
131,19708,1
16270,17367,1
20420,7745,0
15530,223,0
15530,222,0
15530,221,0
19899,4628,0
15530,224,0
13583,15689,0
16651,18595,0
2118,5583,0
13506,3306,0
49,5536,0
122,7075,0
112,3423,0
108,20845,2
3453,9777,3
11840,94,0
1875,315,1
112,18753,0
15933,21371,0
17573,3654,1
18830,8789,1
17305,22255,1
16447,6207,1
108,5930,1
20420,22,1
108,17182,0
10002,289,1
2963,8,2
131,20329,2
2615,4494,0
11105,37,0
19746,94,0
1,11705,2
136,7245,3
17797,4628,0
10042,8701,0
19104,94,1
2260,4504,2
20366,22295,0
18560,2065,0
136,15535,4
19,44,4
19806,8254,2
3,7075,2
15530,20906,0
14958,20274,0
153,65,5
11062,19672,0
12222,19804,2
2846,6677,9
17610,5177,0
2269,31,0
4640,94,0
6634,96,0
17731,77,0
18746,6795,1
54,7816,0
77,8132,0
5295,65,0
1500,2502,0
2811,48,3
18372,2656,0
18372,2657,0
14567,16489,2
17746,3,3
12521,83,1
10834,6157,0
16142,6560,1
105,6,0
14403,19405,2
13634,6995,2
133,52,5
13474,83,0
7443,7444,2
6207,9098,1
11569,4969,0
11485,26,1
15564,18314,0
19512,77,0
1253,47,0
7548,9777,1
17807,20274,1
12479,14865,0
15965,94,4
16866,5038,2
10980,5772,0
21751,42,0
11642,70,1
18553,19993,0
14903,3707,0
29,51,3
14903,3708,0
10155,6828,1
1364,18746,1
12915,2811,2
1278,31,0
11717,14711,0
13989,17503,0
112,20464,3
18214,289,1
14096,96,0
16979,4620,0
17503,9142,0
29,5930,1
12745,5,1
111,11826,0
112,4813,2
111,11792,0
14941,5,0
70,9468,0
10607,2319,0
22193,8290,0
13317,18747,1
10568,3465,0
3258,94,0
16920,17503,0
7163,83,0
37,6573,1
112,2947,0
26,494,0
1562,5331,0
26,492,0
17516,9777,2
14711,20685,0
131,3612,0
1595,7444,0
1513,15827,0
16541,6677,2
15648,17,0
12384,7514,0
14900,7696,0
11026,5725,0
1881,94,1
11101,39,0
11335,29,0
4361,83,0
12267,2118,0
11356,12343,0
49,65,1
12024,4037,0
18577,41,2
5177,9169,0
12542,136,1
16854,4705,1
11713,20420,1
12952,20273,1
830,9570,1
14865,19248,1
11085,77,2
1272,16188,1
11680,149,0
10778,14865,1
59,8953,0
17503,3153,0
17503,3152,1
131,15940,1
10524,18166,0
2478,8879,2
10568,17263,0
2884,86,0
0,1,5
13793,99,0
13793,96,1
40,7245,4
13793,94,0
40,7241,0
4955,7979,0
15481,47,0
18075,92,3
11240,94,0
3972,77,4
12280,19,1
3972,79,0
1,17393,0
12538,96,0
20747,4037,0
14672,21502,0
15597,83,0
17130,289,0
16979,20141,0
131,6346,0
4372,7979,1
30,58,1
17097,76,0
20989,83,0
289,6865,0
12350,14908,0
108,7842,0
108,7841,0
112,17376,0
4364,4852,0
18746,21772,2
14227,3244,1
11253,13327,3
108,4792,0
12273,5601,1
20191,52,1
10568,22349,3
1158,22206,0
6,96,3
10568,5331,5
15361,15957,1
4162,8254,0
16444,2846,1
13365,13964,0
3242,6714,0
12153,6410,1
5998,70,0
31,435,0
2378,65,1
19089,2637,0
108,5225,0
14775,8288,4
19298,7397,0
14184,8,4
14069,8813,1
16045,18828,0
1875,9942,1
13987,87,0
1744,4081,0
10509,1353,0
15215,17473,0
131,17564,3
10568,518,0
11423,11752,2
1615,354,0
83,9787,1
10089,17097,0
18746,5328,1
37,6969,0
4037,4622,0
4037,4621,0
1408,14567,0
6791,7454,0
17785,3258,1
11745,16238,0
20515,6126,0
13506,20675,0
16926,7245,3
13468,21608,0
11877,19957,0
10683,133,0
13308,150,0
18472,7979,0
14028,15232,0
13593,7032,0
17667,6791,0
14953,7470,0
11752,4027,0
43,5536,0
11630,20247,0
17564,77,4
10812,65,0
10535,9209,0
4301,77,1
6241,871,1
0,9115,0
19465,83,0
14362,18604,1
17067,31,0
10568,11193,8
157,8288,1
18746,7979,15
11752,12202,0
13956,15745,0
10727,12162,2
18609,8902,2
14272,20548,0
112,20283,0
18539,18828,2
15948,1705,1
10936,18828,1
12055,18828,1
2361,2846,3
143,21272,0
1,154,3
255,8288,0
21738,6677,0
1481,59,0
3,41,1
10042,22321,0
118,9619,1
10210,83,0
20014,77,1
13550,14227,0
21727,6157,0
14272,17673,0
1963,73,0
17772,21499,0
14900,19235,0
20495,2846,0
37,4576,0
13,1597,2
289,5853,0
21225,8468,0
112,19266,0
3465,7912,0
112,19264,0
2846,7531,1
10568,5836,1
12750,8468,1
20190,894,0
18945,4037,0
12388,26,0
22455,8,0
17,20176,0
15012,21620,2
2100,2692,0
11642,54,1
13150,3971,0
11093,77,0
21117,77,1
15530,7802,1
12402,18746,1
16760,18714,0
17667,96,0
18022,72,0
65,8658,0
16575,8789,1
5496,65,0
12420,14567,0
1276,16805,1
148,3,0
16100,36,1
112,17141,0
130,4098,0
15174,7701,1
3329,54,0
21244,8890,1
10912,141,0
26,4921,0
18484,48,0
6409,83,0
20206,3460,0
11207,4727,0
22255,8813,0
2423,7979,1
2118,5177,3
2118,5172,0
17305,2429,0
133,20574,0
1995,2118,0
15492,2118,0
10638,933,4
5895,8789,1
1297,20651,0
14865,9272,1
12955,13696,0
1,14184,6
1,14183,0
21019,6814,0
15854,2076,1
4501,9489,0
132,13667,0
1880,94,2
21148,61,2
17082,289,0
1,11002,0
1,11007,0
12839,16862,0
11085,58,3
11085,59,1
12304,16524,0
22391,3103,0
19790,65,5
3870,4347,0
13034,5009,1
15,17563,0
13803,14184,1
252,70,0
11117,15856,0
3,3303,1
6,6081,2
7261,7979,1
19847,20845,1
29,6790,2
1129,14272,0
13793,3,3
14865,21405,0
10042,8375,0
1,3844,1
3972,54,1
1,10351,1
10112,900,0
268,83,0
151,16033,1
1773,20201,0
118,65,5
2118,22255,0
15034,58,0
13357,94,0
7584,94,0
7584,96,0
6885,94,1
15795,94,1
18314,836,0
26,6999,4
19,7,1
3530,8,0
10568,1472,0
131,15215,1
14567,2811,2
14865,20753,0
20191,72,0
4148,58,2
136,153,3
1533,7501,1
14160,77,0
5,591,0
5517,5577,0
18345,18881,2
10744,21918,0
1517,9777,0
10207,3861,1
19,376,0
14017,7330,0
19,372,0
15913,21362,0
22117,47,0
17732,6741,0
22117,40,2
4075,94,1
12829,58,1
14940,18123,0
20547,3,1
17692,7397,0
15511,7979,1
13101,45,0
15129,20201,0
1064,14865,1
11338,70,0
21244,8150,1
10128,5331,0
14403,52,3
2900,7549,1
10778,18747,1
20776,63,0
16651,73,1
16651,76,1
21723,37,0
13673,63,3
1423,83,0
162,65,0
17367,77,7
17367,71,1
14313,743,0
52,6,1
1442,328,0
19744,5488,1
12,8544,1
10568,20236,0
119,79,0
10628,84,0
11816,14215,0
14865,6596,1
11752,15511,1
14900,7848,0
14250,20232,1
1,14865,5
1,14867,0
43,79,1
22207,7548,1
13858,83,2
43,74,1
1705,7908,1
1,43,1
15731,19891,0
17925,83,0
13715,18749,0
1353,16254,0
1353,16255,0
11379,7459,0
16188,2118,1
117,5,2
18518,98,0
7979,8923,1
15511,8789,1
19104,58,2
12619,54,0
5,6677,6
6043,8514,2
18826,7979,0
10042,6820,2
10089,3349,0
13317,20221,1
16462,19,0
13501,17848,0
6,7245,0
14304,5215,1
131,81,0
19989,40,1
1928,21592,1
10183,8874,1
15745,6804,0
13,5782,2
15306,5170,3
1,8832,0
16028,47,0
6795,933,2
131,6514,0
16022,26,0
13,20931,2
144,21396,0
17154,2846,0
1,2251,1
14900,21956,0
1,17746,4
2280,35,0
17125,19,0
18538,26,0
19122,8361,0
2809,7979,0
12736,16832,0
19,20191,3
14272,9777,4
112,4327,0
86,8626,0
9304,94,1
10042,18289,1
7019,7572,0
11992,14900,0
12220,5264,0
10042,18286,0
11926,68,0
16783,83,4
12772,14043,0
21115,83,0
10039,900,0
112,7850,0
29,90,3
3654,9619,0
17097,5725,0
5203,70,0
19828,6677,1
18828,4462,0
2296,65,0
129,17900,0
12299,26,0
15856,18971,0
14735,88,0
1155,131,0
1,12591,0
131,7067,0
112,9826,0
12294,3985,1
49,9,0
49,8,3
15361,19744,1
65,6727,1
15011,17305,0
16952,5735,0
100,20220,0
4475,74,0
17315,19327,0
16028,7548,0
3291,39,1
70,8881,0
1705,20897,2
124,18828,0
11193,20910,3
21514,9777,0
136,65,13
130,2151,0
13793,4037,0
5170,71,3
2668,58,0
22131,340,2
2025,94,2
14421,2811,0
15451,5772,0
22429,86,0
11483,42,0
11603,42,0
7745,8814,0
108,17805,1
108,17806,1
10183,3030,1
15940,9777,2
4037,6787,0
11752,158,0
15695,17503,2
10568,15175,0
10568,15174,1
16854,26,4
142,18781,0
12317,8,0
59,71,0
59,77,15
58,7183,2
133,2032,0
133,2033,0
489,5001,1
4628,7979,6
1340,13793,0
108,15660,0
19308,9777,1
3796,47,1
17436,17503,2
10042,11990,1
10556,70,0
11523,4628,0
13962,61,0
3587,83,0
13293,8762,0
7501,83,1
14272,18380,0
16940,6157,1
101,9437,0
10345,21679,0
6,91,3
6,93,2
13326,7979,0
12222,5601,2
26,573,0
1325,8772,0
134,66,1
107,110,2
1434,19405,1
20152,8992,0
108,2103,1
11752,22269,0
7364,871,0
112,17339,3
16524,20247,0
10871,4965,0
21774,8789,1
26,8685,1
2185,652,0
16940,7397,0
14249,289,0
102,18205,0
19993,6402,3
22311,4037,0
48,6081,2
21148,6,2
17571,6800,0
17805,2811,0
16229,5337,2
14953,6418,1
13,41,4
11106,84,2
11752,17807,2
13146,9636,0
18066,19462,0
110,4813,2
16300,20879,0
11647,7303,0
108,5488,1
8789,9508,2
33,49,1
19454,42,0
12273,17503,2
4628,9600,0
12660,94,3
145,6820,2
10042,15695,0
11440,14567,1
18461,31,0
112,16524,1
6161,6677,0
5114,7979,0
11178,11999,0
15856,6896,0
4310,83,0
2608,63,0
19980,86,2
13715,15827,0
10569,3801,0
14567,21146,2
7382,7979,0
10474,9777,0
134,16779,0
324,6677,4
110,17475,0
11179,130,0
16392,48,0
10351,15306,1
14962,19804,1
15278,58,0
7979,9508,2
14717,4453,1
7979,9507,0
40,4846,0
17170,65,1
12640,1513,0
12746,2846,3
10727,7802,1
19348,618,0
18979,7883,1
12423,9999,0
15856,7140,0
18776,2668,0
