10568,13134
11348,7514
1,6
10568,7199
1,3
6731,894
11798,11799
2586,3
112,7541
1,8
13593,3204
5010,9538
108,21886
19404,37
58,8685
11339,11752
31,6792
18285,20559
11189,131
16241,8789
11256,14272
10720,15856
1705,21469
20805,6
17305,20344
17305,20346
12411,18314
7330,83
5641,6615
497,54
2900,9777
19,3753
2118,4964
1,5268
17752,9783
108,14438
5280,8047
131,6820
2712,94
10042,7979
102,7550
1042,54
11956,142
15856,929
4885,63
131,1336
7652,9728
19668,19669
12519,14567
19,2811
21789,7701
15856,3800
20316,20568
154,22415
48,9946
15361,17367
76,8216
17503,20285
138,15659
11193,15537
10983,14865
13,15601
5225,9777
6088,83
19709,6375
19828,6741
21563,7
14272,21757
19728,77
13501,21699
5280,9317
5,8099
1,3055
1,3054
18746,19860
142,22378
14602,14797
5280,536
476,94
16783,65
122,1530
18707,94
123,9852
26,3176
17503,7388
17503,7386
22368,8792
13034,94
20518,3500
123,1497
123,1499
243,6
19566,2118
129,14322
0,16329
112,20480
20420,5280
7718,83
13041,6
4277,63
131,3016
10779,31
13617,17503
14735,88
11124,3654
12434,17367
13292,13575
10040,37
11285,26
1705,8408
17503,19091
2118,3972
17894,18314
15537,7883
142,17084
174,7443
10066,17367
10568,20910
18551,9291
108,10848
11421,22378
10242,921
10183,9857
21208,9777
10568,21352
16081,8685
2846,3298
3903,9582
10,1408
14625,83
15537,21119
12520,8196
1877,4705
1882,21272
2834,9627
15,151
18314,7439
15633,40
10042,11905
17924,4844
122,19250
13,17516
1160,18246
142,18760
1352,15758
16783,3671
11085,13
13710,17807
15169,84
4764,63
19,6404
15,16553
16979,9661
111,3
150,5823
77,9105
12469,126
1532,2939
131,15657
108,11085
18131,26
19478,26
123,91
123,99
122,4150
6157,664
21019,6677
14567,17299
1396,37
10345,21076
20518,3999
123,15690
16015,18500
1517,17516
1,9570
21839,61
2118,9963
26,4035
1396,622
10150,17
125,20263
17951,4628
11485,13654
14860,6665
131,1855
4081,96
110,5782
14159,27
112,1254
17518,19710
10568,13308
18139,18774
13420,18747
107,131
14567,18604
131,19967
6765,8361
14567,8548
18747,7881
15184,5010
10773,18730
18747,21620
17305,1969
14567,8547
1,20812
3306,5527
10568,1127
14567,9637
12512,4628
5892,9291
1326,5280
12222,8023
18664,8789
14560,20367
1662,17815
176,47
123,12407
662,7397
17233,9777
13714,3
4000,6241
17503,9450
108,9382
27,3
4000,6242
59,7200
27,6
2811,9730
16752,77
14351,18701
123,979
86,9472
20464,5610
11137,18166
10568,19426
20420,9437
131,7183
13,65
13,64
13,69
10568,9291
17785,51
18976,29
11934,1408
15492,6409
15517,6912
19890,7330
131,2557
8685,9727
18747,2937
136,17516
20660,22206
20518,813
17305,3618
2118,5054
13381,7833
15976,87
26,8552
17300,871
12,13567
11076,14567
18489,5527
11187,19103
19,5814
14771,6832
1,17807
10183,12461
13,3729
112,51
131,7452
112,57
112,56
17503,471
17924,3907
10242,13776
17441,94
17426,7067
20196,3803
139,5177
0,6731
10183,5927
58,6970
18,23
20904,77
20904,71
17721,77
14997,17503
131,3972
12989,20128
3298,8813
12708,15
20814,94
20523,8261
17305,18730
5727,8225
13957,15856
17305,17906
14567,17355
16711,7397
5093,9738
12590,1353
13418,17796
131,5582
13567,14537
468,6795
14567,4719
13325,19
11899,7745
47,7075
14567,1944
13,3972
4628,9483
13325,15
6491,8589
17738,3817
1750,77
6241,6242
19799,8799
11799,129
1,18957
17232,94
1353,17223
1353,17224
10410,15797
13506,9852
14160,9777
16046,8679
16142,676
1766,4628
16487,31
3094,61
12073,131
18445,3654
13433,19
131,40
12629,5567
13498,83
18931,7979
17025,6516
12222,3484
3217,5280
19743,22047
4663,58
1928,20464
123,15991
11688,12952
16872,18747
10345,57
14351,22056
14227,7268
131,19205
131,15215
15517,15759
22415,6677
1132,2118
15612,94
12911,2247
5280,5917
5,9437
131,15060
21146,83
15361,17340
17305,20365
65,676
6,6672
14395,61
10568,6731
19,20155
7598,9627
59,9544
13425,6180
5331,9627
12622,13
12643,17182
17305,7502
18314,4392
13,154
1595,5475
15903,54
14788,7330
5018,5225
25,8194
3844,94
1,17477
16533,20255
1416,17367
13114,54
6802,83
18609,4749
15330,83
18747,22049
18075,8254
138,2322
108,11620
10,16046
1533,18075
2968,8307
61,9908
2103,8712
11877,834
1608,6665
15517,20329
18747,5010
10816,20190
10568,3971
19695,7992
11901,19027
20518,22180
10568,19219
153,7598
16100,54
21018,6677
131,16866
6340,8789
4071,77
17644,6677
131,3565
18404,3367
20518,8405
12901,94
14865,7278
140,7942
47,5003
12283,130
108,6127
14567,3973
10042,778
17807,21503
136,14009
10605,15204
13290,207
7173,77
11906,29
17305,5860
1497,48
13323,17737
14297,19104
1786,6157
14026,22340
19,8799
14272,5223
1,6017
20134,289
21911,94
14026,5934
108,19847
3453,57
129,35
10568,21370
1966,19860
14997,6795
17818,19710
15930,9777
108,19848
26,5010
1517,20464
123,8839
17843,9788
13574,17807
1276,6791
5331,5445
13,19002
18121,4388
1591,21452
13,19005
18314,2931
17367,7741
10812,131
20329,3248
108,8263
19832,20518
19,7083
3632,94
10568,602
110,6790
17573,19104
13013,7727
13420,15501
10848,5680
10780,5577
10754,18604
16944,1969
246,8862
2428,58
14797,16046
2118,8544
2118,8015
2118,8548
59,7173
14865,3571
13,15639
20594,7397
11221,1814
3,98
59,6885
139,20365
12628,19122
16046,21146
20518,2806
16866,5
13575,16238
1367,14272
12222,21469
131,5170
5140,7140
13,6400
11240,19
2103,26
139,8518
29,7245
55,67
19851,83
55,61
18468,22415
14674,9741
16847,7939
1,11423
22056,47
13,2232
13614,63
8813,9437
8230,834
233,488
1408,2544
11249,65
108,14573
13793,15
181,20280
5,999
15359,61
3190,6157
1254,47
12952,58
26,57
10345,3800
15535,17503
4787,8813
18838,6677
17216,8265
1396,20921
11060,1517
6665,9091
26,58
11680,7266
131,7445
273,42
14567,18527
12745,63
12202,21119
13,5170
54,7681
54,7683
54,7682
1007,22323
125,721
16188,54
17053,2963
12168,17650
108,13299
11304,20897
17785,47
16046,16172
5458,9014
15926,22109
1928,58
10,17503
5038,65
10568,10638
4571,83
10568,1411
16982,19
10568,1416
3971,9317
139,4576
13379,18314
10568,594
131,16800
133,243
2326,77
18814,6795
17232,17818
21384,40
21384,41
10717,17367
18747,2957
20935,31
19219,9502
14640,16496
17801,26
14905,37
17503,18371
2118,5070
2018,7292
3042,4727
649,77
12756,6665
21887,9777
154,2260
14272,4340
130,16729
13496,83
19602,20726
1,17866
15361,61
1009,94
13607,3800
131,7436
110,12200
5782,8879
112,4930
112,4931
112,4932
16046,4081
1594,22368
15291,26
16122,5530
13271,18314
20947,5280
16590,18747
12226,15232
14250,19205
10568,19004
1353,14941
13567,5170
11781,1864
15481,21394
13575,1705
19175,6332
19187,8634
21362,8789
4787,86
11485,6999
0,4719
1608,47
1126,6791
19673,94
14567,6421
14567,6420
14567,6422
14860,18314
18246,73
14059,4628
11799,6677
5073,77
14567,2558
21556,72
16402,26
16554,19
19104,5280
1124,15173
17,8425
17,8426
10345,11165
12492,131
15814,5280
17807,7510
44,7444
125,1396
11520,138
15232,6043
14567,3306
11520,135
11520,131
26,5225
11222,2118
131,20969
11187,11584
1,99
18166,9480
20190,7306
19205,22415
11551,289
13531,22421
16834,8762
10568,9115
11017,19122
1882,8
1328,17564
125,5860
15659,77
11824,83
11877,21451
6715,9777
10780,94
1009,7743
5217,5476
6157,9230
1705,19104
12911,2260
6677,6741
12631,7217
16410,41
18747,4927
61,6221
15517,2326
20518,7317
31,8925
10242,48
131,69
1083,92
123,895
13610,83
13,15128
16979,20201
13,131
13,136
13,137
13984,6677
18747,527
4198,58
6677,7561
11920,18166
5683,7701
101,17154
14184,1724
12519,8789
65,7292
131,21105
8025,8813
20930,65
13,4148
247,7
3453,3487
14084,1513
289,7725
15537,20752
20668,86
1451,7514
2249,77
17972,65
177,47
15537,830
14371,14567
4140,7015
16730,94
15509,77
21138,9379
10568,5257
8789,8862
12744,6677
6665,9281
10568,13453
15667,83
15823,18166
2947,37
10726,3
10568,9627
18747,5292
13988,17807
5769,8080
21620,975
11106,142
13309,6547
22265,7
10042,12117
7181,83
123,18730
15204,20473
14449,8544
108,9172
16239,8789
11770,17807
12015,55
18314,91
12520,83
17443,6791
13,19790
123,6659
108,6885
12801,19122
12673,14272
20752,4628
26,5038
17366,83
10495,9142
1180,9777
12142,7330
0,17543
13838,20518
14662,17807
17998,2118
5264,9820
1396,21208
20979,7064
2744,5331
16016,77
21019,76
21019,77
10568,3484
4914,83
14694,547
17503,6727
1928,94
1121,15
1018,2056
1396,7741
1705,22421
108,41
19710,9777
21514,2214
1533,8254
1138,18604
17305,22420
130,13728
1398,5040
13308,13988
1416,5744
15592,19061
10183,5244
10927,8634
14567,83
14567,81
1126,83
11004,835
142,4340
11028,2518
1468,20752
19308,73
17503,20683
12031,13
1875,6885
12511,31
2213,77
17064,83
11798,6677
14449,18246
4067,6
20449,9643
3654,5782
18944,5972
18166,18355
7397,9230
12144,21738
2006,6157
58,698
11240,30
22349,4998
11482,3
11781,19212
10568,12460
1353,18314
1024,10568
6789,83
11320,17340
15361,17063
17565,20293
22255,8058
19104,3971
4706,86
103,6402
17305,19076
131,21154
20250,4986
10929,14567
11562,18747
21187,6665
11447,324
136,15011
13858,5070
48,5961
17454,6665
18075,5475
14567,8859
22420,73
20673,9730
18747,19
8701,94
26,77
77,81
11447,6677
6472,96
0,21117
17866,5021
18314,7511
12847,26
15733,9430
10568,4711
68,90
1254,21808
10232,5331
5427,77
12506,2870
16046,6795
16046,6970
2567,58
19,3453
17401,17807
230,488
6419,7397
16456,58
10568,827
399,77
11178,7979
174,94
16090,86
13506,16116
131,19435
10350,7188
125,7369
16703,16850
17912,19
14253,77
108,5318
15081,16046
11875,16979
1126,7330
1377,16402
5,63
5,66
14250,9366
10680,133
13,15011
19576,77
107,3777
12222,3971
12991,17503
4879,7572
11272,11680
16979,8363
16979,8362
16979,8364
11680,19205
18971,4818
15856,4433
11921,18166
3043,4727
14272,6
16866,5280
108,17888
17233,8468
19602,5331
12397,16045
13159,7397
13227,1396
151,19104
1,4528
131,17975
17305,2383
16854,41
14651,6107
22283,4185
14865,18747
10042,26
15136,7445
13,26
131,7141
57,94
16398,488
26,5937
15642,6795
17785,94
11752,17866
130,3386
11936,31
1096,13327
93,96
12622,14567
13562,27
10345,18730
17340,83
22368,6091
20420,21005
12161,9777
15509,6832
17262,19
6024,72
150,22415
15517,6514
16729,779
13038,6
15668,7397
86,9597
16237,8789
131,3405
10482,15159
1166,77
11752,971
13365,15361
18577,8701
14322,18106
11028,7652
15420,17503
10543,58
14272,14769
14958,19
3768,47
61,659
1379,9291
10568,20726
19,7183
0,8747
15400,17305
123,3232
10042,11357
18204,83
14032,6
19789,7330
13673,6677
17503,9669
16046,743
19156,57
323,6
10491,13
108,6341
15078,26
14227,17989
21362,2932
112,21751
12394,6643
1371,17503
1024,17534
19334,77
19860,5280
12911,13
112,7439
2811,81
15704,8833
18106,77
16046,18664
10048,94
125,5844
34,77
12542,2018
21592,94
10325,9777
12222,1468
146,31
1126,7652
7962,88
13271,3504
7169,8259
2965,3836
10568,16345
2412,58
20518,7156
19310,83
1,712
112,16901
10042,11006
10568,6516
130,18730
13089,20518
22219,3438
10350,4877
1004,87
20190,58
22206,9582
17305,21186
11915,77
297,77
8023,9291
16470,18538
15732,4781
1396,219
20518,7379
20518,7378
1353,485
14508,17565
14701,29
4454,5331
10759,5264
14567,15933
14018,1958
14748,58
13617,7883
19304,6157
13539,26
5863,6596
29,55
18314,1969
14272,297
11125,3846
14727,5280
111,9254
15866,4628
20,6654
3829,7979
0,9654
15107,16705
15858,5100
1396,16714
1396,16715
18754,20518
3869,86
6698,77
14696,297
1041,54
15801,6340
77,810
21119,7735
21360,7745
14941,18314
12583,94
3266,77
20098,6795
14026,6114
20642,21053
130,17505
13490,7701
17759,22102
11360,15361
12222,933
17990,18166
19404,41
14865,2061
4150,83
1791,19459
17060,19422
83,8510
17503,21972
13531,9291
16298,5475
20294,83
112,15334
243,2963
20171,47
17367,20511
1353,17905
16045,16575
566,6192
20011,22378
1,2805
65,6689
1,20955
123,130
17807,5094
5331,5489
5670,83
15517,18915
19176,6
17503,19232
11520,76
11841,14322
11620,5264
17807,6265
131,136
17707,8448
10908,94
21186,7549
77,7830
22210,5331
2018,51
16575,7364
13501,18986
12155,13313
10373,10781
17503,20910
11348,130
21490,5038
12155,17410
54,8113
3095,61
16489,2932
5,8813
5350,77
150,6388
14272,2861
12916,6795
14567,16436
19477,2118
2192,86
19781,73
2385,7330
1200,14553
108,67
11304,4628
18166,823
108,68
7397,8076
16021,17503
10622,17340
18314,3486
15291,77
2118,9908
13,13328
18214,21385
12557,83
16518,26
16151,6390
17305,18430
18166,8672
14537,9777
20202,611
13654,17503
0,1664
47,54
1084,6157
13393,14567
17763,58
14567,2326
2132,5280
11824,7397
7335,76
18314,2686
12222,19104
16839,77
19,19478
12540,14567
110,7245
6173,7397
1,503
6885,77
110,9149
14865,8653
20845,5432
20495,5782
22298,3
108,14537
12952,19
12222,94
16138,18746
18314,5172
12222,91
18166,9674
18166,9675
5010,58
14305,86
131,21868
148,16046
14941,63
1581,3453
14567,3744
10279,348
15481,4845
5756,83
11963,7514
19726,83
6795,8789
19422,73
20788,9291
20579,20812
7330,7733
17169,5280
12202,6340
112,19451
12222,15537
10568,15537
3810,6677
13673,21111
8036,8685
1533,6791
6055,9218
12519,18747
112,21927
14227,20518
16769,21112
18314,19989
7087,7718
12866,13
17912,37
26,4866
17367,20879
18747,22200
108,19480
15212,15748
13,14748
11680,22415
47,9019
15260,9777
18264,86
26,9113
17712,7514
13159,6157
15736,1705
18746,21360
20952,7364
15021,76
6348,9291
19860,7733
13319,289
6791,7733
10582,5280
10042,17763
13136,17305
17503,17657
8216,9777
14069,6677
14449,15361
76,9
63,8514
18663,68
1068,15930
3315,77
2811,3367
111,1272
3298,6677
11879,18524
12389,4881
22011,9181
40,5860
4788,65
108,4062
21999,6961
103,77
10568,12939
11520,6665
18632,6677
1513,16456
20420,8288
14029,47
108,5330
121,86
12902,94
12949,54
12991,5280
44,8196
5180,6665
17472,7105
1229,13706
18391,86
3047,6006
1870,6643
105,19
15408,5000
1818,8685
17503,18331
14567,6468
19860,2965
10042,11116
20572,20594
19,6560
3549,37
112,17611
10568,14479
14865,1514
11874,138
22368,6211
142,19641
14184,20638
1513,20129
22181,22368
13,16839
12788,84
154,4546
2932,376
14018,58
5113,54
14272,17201
19989,9730
131,7830
0,14567
13,7188
20518,250
19,6340
11752,16046
17807,19669
1,58
17564,18368
1,55
6346,649
13987,17251
21111,7745
12040,13989
14567,5792
17785,3303
14227,2516
26,4798
13377,5280
14744,65
1431,14865
3693,5280
14537,71
18595,70
15492,83
18654,19891
13623,83
10991,14567
15092,16151
17807,2018
10217,83
21138,4060
13691,933
5225,73
14537,2157
14865,6422
13377,9857
20518,8803
83,994
11304,7979
4827,77
17864,9777
12475,94
10568,7220
18587,489
15535,7292
14272,7483
17989,18166
7745,8514
108,12025
1394,34
17232,1768
131,26
14865,22271
22378,4340
6585,6677
3880,83
19993,6832
14362,6
11596,3971
14071,5020
12208,594
13,4453
131,8
16612,20845
10568,18944
141,9999
3367,9777
13506,76
131,13410
22102,8220
10568,11719
1237,18314
12519,17807
108,11646
11418,9535
10042,5727
2118,7447
11543,84
2249,59
17565,83
1581,9777
12952,955
11347,12127
12,13696
10568,6793
21384,9777
10568,6795
1180,26
15613,37
13013,13014
14771,2118
12745,6677
13513,94
108,15709
15136,8984
18760,84
12557,17807
1705,6627
16190,17367
129,5280
20828,21877
4705,5280
14683,9291
18046,6735
13506,19477
123,13506
13,15182
13615,6157
14885,7963
16461,3
13988,15191
3906,47
12174,17352
22466,94
21084,22368
112,19806
13201,138
131,17428
566,94
15232,7745
16031,9106
0,12022
19536,5264
18828,3209
22378,324
3080,9271
14026,2634
2944,799
18958,2118
20171,6242
13155,21752
14449,22420
17807,4198
10785,1517
22179,2333
8150,94
13,9007
61,6790
0,140
0,142
14272,7554
18449,4628
10353,14865
18747,6209
14170,18746
11899,5280
3653,6677
15091,2118
10568,12897
17216,5408
13037,6
4518,7330
18234,84
6083,83
13980,5280
19434,61
18576,86
13,6353
11688,14567
14567,804
15852,22368
3432,83
20477,72
94,9802
142,19181
142,19180
133,21154
17503,3971
3971,7292
110,13
15492,8859
16410,9777
4072,83
12222,2125
3983,7359
14567,18938
131,15259
13420,14567
16839,58
20518,21937
19993,65
10568,8628
3455,5638
131,21112
4562,6677
21143,2118
22378,5280
108,659
11752,154
15856,17712
18239,84
14567,16035
1396,14085
11304,21469
11752,83
1170,3314
14680,18314
10373,3971
15214,77
10183,1062
88,999
12522,17305
13215,16783
108,5536
6402,65
26,7292
16854,9451
2870,3971
6402,69
10330,15057
11304,11718
6,77
6,76
14641,17807
108,7064
6,78
5476,83
20515,3428
15429,16046
12377,2118
1955,7330
133,19208
1581,3654
26,7797
14490,68
8846,94
1,18391
0,8751
14227,440
142,6927
17067,9027
5735,6795
5,7745
11907,17
16982,77
340,7745
14865,1639
3083,7701
1126,18747
0,22264
18747,58
58,743
10042,19908
26,9172
125,5536
77,9544
6,6404
18540,20518
18938,2118
22330,810
5361,77
16046,2963
14272,22378
14026,20356
17795,4628
22378,29
13480,20762
13523,61
10042,15965
2118,22475
14304,1705
2230,94
102,61
17564,18915
1272,9777
108,1166
17339,77
11193,7883
138,547
4501,61
130,16789
6,891
11689,7
6157,7540
131,7105
18524,8879
21385,9777
18166,6960
13,18617
10568,4628
10568,9218
1525,18464
1019,13593
17305,9062
0,6005
3183,83
15336,21699
5010,6547
1588,18314
20201,834
105,37
7397,974
22309,6665
135,7802
108,18404
102,17185
7443,9186
17,8820
13181,19422
19,7942
14677,20518
41,65
18881,2846
12506,5331
1276,20762
16530,6157
131,4100
17924,3983
14365,4628
13793,3983
12144,9643
1353,21019
18166,22180
16926,34
108,2661
13477,61
2932,7
26,5536
1396,20922
1396,20923
2478,6677
10,18636
274,54
13,17721
10257,125
14442,65
12168,94
18314,21478
131,17395
1,76
16815,2218
102,73
1396,21523
1724,17707
14860,86
20515,8704
12621,18
15492,61
18595,54
17975,20752
612,9384
12479,17503
15537,3971
1408,9304
13623,61
112,15940
16539,5331
123,2769
15903,2118
12407,6081
18314,3789
6391,8194
65,9271
21312,77
15965,3753
3177,8879
11530,14567
12037,17305
18747,21239
2977,4445
14865,15847
13702,61
17503,835
5076,77
18166,6072
5280,9627
18166,8226
1096,13720
108,15057
12911,59
11240,13034
7701,8478
14865,22215
14865,22216
14865,22212
21076,6665
10183,18538
14189,3983
15519,65
10345,14771
5280,6754
18166,474
13681,37
22314,5280
14468,8576
21446,3983
15024,3080
10568,11861
13490,17503
13560,2118
10568,5050
18747,19763
3743,54
19104,3217
108,18187
6268,94
19087,4998
12460,9627
12280,16229
10350,12911
10898,1096
6460,83
17305,4320
1396,18314
14640,26
1517,9382
47,9730
12718,20518
2846,6797
11193,3971
18746,19593
22050,4462
1311,4727
10274,1674
13393,14865
14351,19675
11106,14603
13265,40
21457,94
108,4749
0,12222
1502,77
154,7
154,6
16982,7330
20587,8931
14701,9999
1786,19860
2326,8219
15931,73
77,853
17110,20418
4162,4163
14198,19104
12774,15147
0,17073
131,22052
8040,94
14958,21146
17975,94
14026,19315
7842,9777
10972,14567
13159,7181
12588,83
570,7245
1674,7719
14797,17998
21222,83
0,127
14184,14885
18314,19477
14567,21774
17934,5641
14674,7875
0,20352
0,20355
13,8194
1,12915
10,17807
11587,17503
3487,94
16046,19
45,86
13715,15035
1396,21195
18314,22117
131,14396
21478,7963
131,5641
15492,3
5555,83
14840,17726
15492,6
17866,22415
108,29
16807,5280
3217,3971
19237,4477
15278,73
18856,87
11124,1855
15232,2846
110,71
11124,40
110,77
15504,5677
18246,3
18246,6
13654,14125
19328,4202
297,3998
16675,5264
16567,19
21469,8023
322,6
20518,3136
10183,1877
5280,8491
17,18632
17,18633
17,18631
2040,8620
17564,9777
15306,22378
12967,47
18263,86
5010,9789
3076,77
16046,20273
1255,341
1408,16469
10568,2116
13,7829
16268,18747
11916,12829
14396,65
18780,83
11765,94
11036,7979
2085,22368
10568,17047
2070,6157
1705,9985
18314,7502
15350,87
14184,16229
108,3017
108,3016
17503,6340
10183,16496
5050,5331
14656,5485
3836,83
13574,6790
5009,94
13987,18528
15361,17556
112,1581
102,14490
10290,18461
13607,87
5177,61
18629,77
131,8992
17766,8309
71,7245
10568,6055
15965,16046
16851,6831
5280,754
5280,753
5280,752
14539,17356
18940,37
17305,7110
14397,9777
18745,7
3901,676
15361,18069
11824,6157
20805,77
18575,5177
1,21490
15543,22368
1662,9741
19122,5474
11033,15
10042,13654
20848,8685
10856,12911
15078,5811
14322,20495
19104,2538
6677,999
14479,16238
112,20876
16952,8588
16046,6404
16426,3179
105,16046
14367,4628
111,16830
11304,5280
10568,19148
6410,77
16240,8789
18314,9062
21887,3376
11124,7452
10568,18020
15517,21063
123,17894
16372,18609
12621,9643
112,622
1618,5280
76,7624
12829,2668
13,81
17516,26
15198,54
11520,1396
2846,6303
13882,22427
5335,83
8468,9777
17305,6241
17305,6790
142,15689
12280,13420
18723,86
18747,5863
10568,19087
4061,58
1581,6402
18,84
102,17305
18166,6188
13332,8491
14711,14865
18166,6187
108,9583
123,4576
1395,22368
47,7361
58,8194
20615,3744
13329,14908
12990,131
130,15856
16496,5280
2018,297
18131,7323
16651,18314
12329,20917
13420,8789
109,17
11752,21146
14567,20365
15124,6732
11482,17305
8288,9437
12746,8099
14524,9777
1630,7
15856,5140
8076,83
15965,65
15124,17503
20647,21138
20420,788
131,5782
29,3683
13468,7018
1,10
16866,21457
15599,40
14859,6665
1,19
10568,743
15688,6677
16985,9777
131,17375
77,9366
102,51
15011,15361
37,7439
18364,20190
13596,2118
19122,7834
2118,3306
14865,4372
4628,9570
19,7218
1,13506
1270,1396
108,5808
352,5641
5339,58
10042,14711
14567,21015
22378,3803
105,3453
30,7745
118,58
4153,6677
6548,6795
18577,94
13,291
11900,21111
10,58
1615,83
10715,26
19503,26
15538,8684
4841,9674
14674,21889
18447,5280
12673,16337
18314,7624
19508,5725
10199,859
14567,17000
17047,20910
12911,77
100,13673
18265,7
122,54
112,7455
3466,40
1083,14567
108,7183
11028,17503
1064,11266
14351,3983
145,26
10568,13020
17734,77
10568,13026
16128,2876
10568,16055
12503,19
11193,3484
1,955
1,953
17164,19710
17807,3362
1408,8859
14395,2260
5177,77
13567,5654
11677,54
14567,2119
13506,37
1394,14009
15232,9437
10991,6730
1517,3453
1705,9570
154,17305
10622,7
18747,4431
2018,8879
10345,14537
15797,20563
17763,1928
14198,5280
20176,324
16783,9777
13949,17503
12471,126
37,87
14733,15964
1397,17305
17,324
1662,9229
17807,21238
5168,8789
19526,83
18166,2239
11193,5502
0,15492
112,21861
1864,21371
15827,1987
663,7397
2118,3994
11165,17503
18911,70
108,3204
485,61
20491,77
1705,18587
1525,4641
19916,7
14567,20190
131,14248
1973,3017
17836,17839
9008,94
1222,18121
5021,7266
4962,61
13,19710
14026,5990
131,2326
15090,6665
112,12434
19509,87
12933,77
1200,5009
13,18403
16551,21478
10042,7195
3077,83
12750,9777
148,18
1126,17667
122,12713
22458,94
17888,29
2249,7200
18828,20254
3112,77
3800,7961
3800,7963
14654,20537
19477,77
16423,6864
130,4238
63,8743
63,8742
11900,9663
17807,6259
16952,17917
4340,84
12222,5280
112,17050
112,17051
14186,68
15,8915
14126,58
12153,324
11713,6677
2516,9831
2516,9830
20752,6795
15537,20910
16046,37
1,43
16046,30
138,16857
21971,94
17503,7501
112,20616
83,92
16711,7568
22360,40
20477,31
4628,6746
4628,6747
11877,20661
17367,297
5054,5177
17738,4149
18368,58
15736,3971
130,17577
110,59
921,9777
15277,29
17164,5010
142,20632
19162,77
58,6346
26,6205
13269,7514
131,20860
17543,94
11900,18380
11438,18747
10437,18747
17305,76
13793,14567
3184,83
20889,65
14568,16302
11546,83
150,7201
0,894
31,9756
20943,7549
21394,7549
20202,33
0,8303
19,3102
51,9777
14396,45
1,7908
59,9777
13395,18828
39,6942
17924,21394
10568,17025
59,8824
14063,6801
13718,756
18314,7529
16453,17503
17305,8216
13,376
10045,3
125,17111
10076,8789
5280,9291
13,16926
35,3971
17367,18746
3016,77
17367,29
117,12745
18588,54
3142,83
133,22280
1322,83
15484,20726
6665,9566
18747,429
17305,20196
14865,16172
12073,297
132,5
14272,22330
6171,6665
29,4146
17564,19790
12847,131
1399,21967
138,9027
12423,7745
3465,8506
17686,77
14567,1577
13673,2846
14865,2575
13465,7086
54,7882
1,19118
14294,6547
22013,8879
5276,9008
21186,6665
141,8879
14865,571
12713,1396
108,8473
1126,1875
131,15306
366,7514
14316,19328
15198,77
14013,22062
10345,1608
17305,3306
13332,2375
14567,18490
1196,142
10568,22270
2883,3017
6759,8874
16927,9437
1705,17975
2693,77
12222,830
11447,5
4022,8468
10345,22126
10345,22125
131,19569
123,4557
11388,7514
1416,15166
19,7908
10568,4998
105,76
11028,1125
0,45
10568,153
14449,19744
108,5177
63,9379
2004,83
18385,7278
17784,3800
20155,83
136,19790
17216,22317
17838,3800
4652,9730
3971,9938
11781,14567
13716,8789
11629,61
4310,8789
5102,6791
3836,4028
26,5280
21200,94
15304,17569
17367,20346
11482,123
15931,7994
4478,8789
2585,8288
1,30
1,8033
7,8
15361,2789
1126,9728
6677,8545
14567,21385
14860,47
6242,6730
20518,4522
11911,77
1124,5534
10664,5331
102,30
2566,2846
130,14591
14865,3438
15865,4628
11193,14304
13,3315
14265,17316
77,9007
11304,21972
13467,7086
22429,86
130,13242
11562,14865
15152,18075
1396,4085
14733,18609
16926,77
17503,21212
7397,7717
65,9234
15856,8293
18166,9281
14272,8845
10,35
13731,22368
12207,131
14026,20084
20917,4183
123,16469
10183,2115
10345,3199
12636,17305
61,7548
17503,7774
14654,31
16084,17
138,22398
2247,77
6308,94
15535,83
17204,17503
12911,1481
6404,6560
10,20420
17935,19509
10568,13007
83,9889
14069,21005
10393,39
142,6721
1705,830
13729,67
13862,84
20812,6677
130,5536
19352,83
1971,54
14567,4198
64,77
7188,84
20518,7514
1133,19728
17067,17721
13862,20518
17503,7364
58,7445
13328,94
17565,26
5536,6462
17899,6846
3994,8239
17367,836
16582,6700
22386,5641
15434,20247
8931,9730
12202,1705
13732,17196
11304,20752
1,6504
3906,9910
14227,2333
10939,6795
154,19
18000,22368
11840,3453
17377,21144
1,18747
16902,26
12325,17807
19710,94
1,4727
131,15466
20860,3063
1581,26
18314,36
1096,110
10328,17963
4628,5969
13420,7364
1980,31
145,16475
15574,3169
5972,9219
47,5623
6795,835
10568,9061
17305,3533
131,207
1170,12418
18,2119
6832,9777
12479,6795
17119,6795
10568,409
10568,12395
12983,1396
14126,348
11339,2260
10325,112
17707,6422
10826,8789
14567,21738
10353,22102
2283,8426
14272,16015
10159,47
19122,22178
12409,17866
108,19709
2466,4727
1662,3189
15327,34
12155,13394
12297,13465
15184,6559
12297,13467
13,16489
1705,6795
14272,55
10531,83
14272,51
1,12952
16906,26
12013,6795
6063,94
39,9388
13624,5280
11423,14625
15354,3357
16046,58
6677,8288
17543,70
18870,9751
16045,8789
1126,19938
11824,16783
13381,16850
18609,6885
19744,659
5038,94
17305,19989
14553,5009
10727,18314
11850,4151
10159,12162
13987,37
6665,7624
132,9437
6574,83
20495,22013
123,3623
15744,8762
15932,21810
112,18588
20518,3179
13,5001
11896,12638
2965,83
17119,17503
13638,6795
16046,18769
13522,61
14567,16509
16620,94
112,15534
2493,4449
1928,5681
11761,22378
18604,8633
14537,29
3,6600
2846,3916
2811,7979
17359,3
13014,7727
5518,6242
17325,6157
12865,13593
18747,3362
11877,15445
21282,83
15492,17367
17516,94
17815,83
111,6927
12222,18587
1126,18385
469,6795
0,6504
13045,14567
1353,2722
1353,2720
10568,6016
324,63
3303,9777
29,6841
18739,7979
17,483
111,40
17821,7397
17,484
17,485
3,6970
26,94
13,6730
17349,83
14209,18747
18550,9460
14567,17637
15535,19
11425,83
20660,47
17170,6727
14272,801
19860,20615
1550,9777
1645,18314
11255,7979
12479,6549
16544,40
18539,7514
4424,9170
133,16626
18411,65
76,7802
18747,9442
16469,7246
16386,2118
13531,18587
10991,1864
11866,8701
11850,15659
108,2637
12291,76
1353,19063
131,15327
16174,84
14702,26
131,18769
19122,2042
51,61
11547,7397
12271,15932
10345,14272
10726,17305
20518,68
16045,16046
14892,22368
17807,8021
15327,9942
19104,6403
247,6242
145,16866
11124,77
22368,6073
21028,26
10991,18747
21444,6157
11955,17807
19,246
15869,9627
11770,83
11799,20420
1533,5555
0,68
11439,2118
1,13949
122,20878
1,12545
1,16046
10561,6
17321,54
15541,16567
83,8653
12519,17503
11439,18293
12519,20190
138,13961
12587,29
6727,743
15193,7979
1408,7246
12745,5784
15552,17
47,7270
58,65
1019,142
10042,1928
10290,8293
20518,22179
108,20979
5223,8790
10651,8879
12819,5280
14567,6352
12,7445
14796,26
84,86
15643,20518
1,15535
11418,6795
20518,21855
11178,8789
12202,17503
15632,77
1705,489
1502,2118
112,7141
19087,22349
16926,58
112,1660
10,19
17503,503
14227,250
13715,2411
10,16927
13,6504
14626,18121
13,6500
12209,18631
15856,18539
16927,6677
20682,84
7701,8491
13094,94
14564,77
10568,14524
2668,6999
18131,2870
6084,83
131,17803
1431,26
54,9921
20083,6554
16382,22368
147,54
112,14114
83,910
21930,6689
18747,7706
112,20578
3281,94
31,6687
12660,9008
15609,17503
1,21570
19,2957
13574,61
1237,17305
20190,83
16188,18314
65,9619
2084,83
16711,83
18285,8788
108,5038
12222,15695
18166,3762
18170,6157
13381,5408
7802,86
16866,58
26,9296
3449,7701
12361,19122
13506,18314
19649,83
20944,3906
117,21111
14865,16252
11689,2260
5207,72
108,913
6286,7397
14490,18314
34,9271
15492,19790
11193,13531
4879,7719
15248,2326
20660,692
7105,7989
14567,9730
5782,65
17,4973
142,22159
14227,20016
138,3972
0,15986
14480,5265
3,9095
1096,131
10042,13573
16142,5320
15198,3972
18266,54
14865,527
11687,9777
14567,629
47,6735
21005,6677
18828,20537
18604,20190
6698,7173
19993,3530
1514,58
14272,148
14304,83
12792,19947
65,69
3791,6560
1353,19477
4359,8813
10325,130
10325,131
14184,6559
11380,17866
122,6081
21018,8545
17339,7245
21506,3627
3654,6832
18166,1850
83,9265
15676,16423
108,5450
2846,5280
18246,19
47,619
108,17062
11524,18828
16414,21138
108,17061
13269,7140
1396,20266
1396,20263
15361,4505
19938,83
11925,17503
17503,18747
17503,18746
15730,77
2238,27
13132,16046
17543,54
61,7733
1118,2005
127,142
1242,87
2846,8288
19955,26
31,6513
11106,76
20023,9777
14567,4652
10726,123
14006,14272
14362,14865
15361,8503
63,9437
134,324
30,7444
1408,5527
13136,3836
5468,8790
15856,6510
19404,9777
17573,6600
16188,3
4065,65
15856,19100
6560,9610
1353,17305
112,3016
15914,2937
15011,6912
16496,16906
14880,5280
0,4340
9437,999
12381,13500
14272,14537
41,7183
21394,47
15945,61
131,9271
19796,65
16046,17503
13,5629
15204,18175
11752,13393
12222,30
108,5641
12222,37
11901,47
17,4151
10727,76
20420,20495
112,16866
10664,16539
1928,21930
14567,5527
4787,5667
21385,4372
11464,20752
142,8544
15011,2118
18828,19603
14567,7671
111,11731
5267,8468
123,2118
1,954
13616,6157
15420,18746
16979,22474
17861,3682
10568,7388
17861,3683
18663,20928
131,810
10665,8589
18314,2429
3693,3971
1987,20858
19790,5654
18539,4238
18285,20854
1525,94
17305,7421
14567,19728
12535,15136
11348,27
30,5280
108,15572
131,1581
133,19063
16509,18604
19,7082
105,13506
17807,17907
136,2557
11150,18815
20988,488
13151,94
10568,13217
14839,77
47,5341
13607,61
12865,6677
15656,15945
140,20365
17447,26
4528,7
20093,22349
14567,7979
125,36
10568,30
136,1928
11770,1864
17419,18166
16996,6
14674,7330
18331,18828
131,14696
15675,665
17503,18020
21699,289
14488,14567
11228,17905
21459,29
8107,86
108,486
19,5010
14771,86
7942,83
83,8410
83,8413
34,6912
5331,5502
13593,17084
1084,5138
12535,136
17516,18747
6677,9
5314,6
5071,58
153,7292
19695,6107
110,12990
112,4846
15361,3745
17323,9777
17007,9668
19215,73
11438,16046
10568,933
14108,94
17630,5331
2878,31
13,19162
17288,9777
11209,4727
17139,21955
1096,19469
0,6081
14251,20190
19728,6677
14674,6791
25,26
14865,9086
27,98
5463,7514
12424,15914
18590,77
21281,6
17300,18166
15783,17503
11900,2018
51,84
6458,7652
16979,4658
16800,20023
20284,8789
18828,9829
13591,6157
12564,14567
4628,7701
13506,14567
26,4447
19412,9777
18020,37
17305,18593
21037,7979
18587,6795
211,5280
12745,8288
1398,15212
107,8224
10183,9367
10,5280
16703,31
112,2992
112,2993
11664,77
10568,2834
10183,859
12222,7018
20944,47
8254,9419
1180,7749
14908,4940
12222,7017
131,9027
17305,18372
17305,3853
17305,3856
17305,3857
17305,3854
17305,3855
26,4663
18167,6665
154,19728
17047,6516
13308,17503
1009,16475
13556,7701
18075,92
16590,83
16590,82
125,13318
1396,9443
16933,58
15732,4038
10568,7719
13269,8293
19745,76
17924,48
4702,7397
22368,4811
17924,47
16764,77
83,975
83,974
11621,17305
83,976
2839,5280
13100,19122
11874,9111
19,22378
10183,16082
18952,3
125,17367
14272,2018
16518,94
2219,6242
1226,5394
10864,20420
14184,19316
19408,2118
108,3089
131,2629
131,6912
1533,7501
112,6343
1353,15011
10422,40
503,8653
14984,19206
5,9341
12006,131
16845,83
14227,2808
15930,18246
11772,76
112,12945
12140,5280
10042,17503
16091,54
20180,8688
16172,58
12703,22172
13,15136
18424,5331
15351,6404
1581,64
1581,65
17491,20231
14865,6282
1273,6677
15111,8685
19828,6677
17430,4388
4787,5
21230,76
13673,5280
19,2061
19,2060
13962,9908
10839,92
1,3306
3477,9857
16762,6241
5,94
10350,17866
18828,19478
18577,5009
4119,83
1705,6793
20883,5331
18166,18746
14678,18746
11029,2538
21186,22206
19541,20518
5331,9362
13,16447
19980,86
18698,2765
10568,11374
22047,61
12,3654
15930,37
142,7802
9852,99
21222,7330
14243,17367
1662,17739
1170,83
10568,9716
148,73
6820,94
14567,18246
0,4444
12202,19
15,6204
12746,20420
135,76
17807,6504
4576,87
19337,3
13950,1615
15856,22109
10727,20231
13512,18314
14272,8270
12423,15232
10939,7701
10373,12973
10936,20518
18828,8377
15783,6
17924,4845
9265,9519
15856,2038
5057,9265
11087,17503
14272,17367
16188,17305
1479,86
1,12222
81,94
2119,83
17116,4969
14026,7841
10004,22368
2544,9730
18911,3295
18287,20535
18237,84
16046,91
18828,2516
21144,3177
16927,18524
101,63
112,3453
1179,6241
131,5536
4831,9291
84,9254
142,2979
13468,7883
12701,54
17077,488
10568,7018
10568,130
10568,7017
11370,94
10011,83
19670,83
17821,83
14456,8813
19744,61
17339,9777
14676,6404
14272,7232
21138,2493
11439,61
1068,112
15535,3417
139,19
21721,3
10,17912
16584,21752
1705,4628
620,7918
19091,21533
13743,5280
154,458
131,20152
40,41
6791,83
1,894
10015,83
17352,18166
1254,48
21472,7733
16218,6
1335,297
6808,7397
14362,9777
12703,16238
3972,8813
36,37
108,18781
16710,19308
14865,19860
153,58
16567,2811
102,14272
5,8288
5190,72
20660,4845
61,7274
26,8023
108,3417
18314,411
5280,8896
18747,21064
11804,14567
18747,4111
14567,2963
14567,2964
18747,19401
15535,17367
4006,7
12392,12745
14184,2061
142,21322
14808,27
12466,2118
112,18753
1158,21752
19175,7749
133,86
133,84
17305,4576
17765,20778
3177,5280
5752,94
1237,1276
21013,27
15709,73
144,2804
14200,94
1,16229
3322,5280
22206,47
11711,18314
17573,94
19019,1988
20762,83
10568,18175
10568,18177
5217,5314
7643,77
8259,94
17455,18314
0,29
2560,8468
15642,17503
13230,61
108,3102
19946,3800
26,6820
1408,19723
10568,9362
26,5735
18604,991
138,13929
16349,29
10622,83
14302,22378
10568,489
13465,15504
10781,2870
9479,9777
15204,7719
150,83
16127,8293
10042,21027
10042,21026
10651,6677
5667,9437
1705,20264
136,19974
14272,5782
12704,1674
11485,94
17667,61
10997,20518
17807,9086
17025,6017
20518,4239
5054,61
11106,795
13689,83
20365,7942
131,3080
47,9582
12140,20518
1597,77
17731,6
4727,9128
3258,61
18020,19
131,5709
11128,112
10042,4795
1525,9008
18,243
17503,3836
15517,22080
10568,13955
18538,493
18424,4998
21490,26
13,6543
86,9281
10,20190
17305,18314
20093,5331
5177,93
22397,83
5001,7329
1030,14567
13843,5217
15481,21752
14567,8931
14567,8933
12373,1396
2118,2632
5177,6
14537,7245
14711,16854
14272,2254
1396,19394
12643,77
123,3306
14588,18747
12552,77
18747,21296
17483,20795
10568,8566
108,112
12202,6795
29,6127
108,13409
12843,17367
1006,17164
3310,94
2002,63
3204,61
14272,7559
21523,27
1,9852
11764,58
10350,6730
12962,22102
11680,13
116,14272
21752,47
18529,7701
16866,94
17503,1993
16142,3753
10568,7731
14865,19479
22283,6372
20190,2516
7583,77
131,19993
1408,2598
12751,15856
6677,8813
13252,17
1533,83
112,15605
16940,83
13574,9777
14958,16046
18747,781
1447,22316
2762,88
5280,9570
14272,2781
20518,2053
22378,6677
11877,12467
12509,2723
65,743
14184,19993
10568,22378
21079,83
2497,86
14506,14984
19824,77
8288,999
1098,54
11494,63
108,18386
3667,94
18707,7401
1,3362
15843,17503
14056,17503
17503,22011
17503,2811
488,8271
108,11715
139,19405
11028,8653
15259,8657
14674,1875
10568,4879
17807,20128
22364,40
14009,4124
17225,6614
1,11253
11600,15273
10042,5010
5060,7883
17859,22457
10568,5478
14748,1958
10011,6157
15091,76
25,9190
16597,1750
10568,9779
14013,521
18,5536
2526,61
18501,21138
10042,12845
11304,12222
13,8178
11306,13955
12033,86
1,16142
14322,8879
15759,17395
13795,77
14304,16046
10876,58
1705,211
6279,8687
14026,5808
20420,8025
18018,6795
65,8685
18746,3827
108,349
13159,83
18371,22368
2682,83
11529,126
19205,2557
0,12647
16393,17305
14702,6999
1514,18747
13058,7979
14126,20981
12040,17503
108,20858
11876,16979
10622,20183
15268,3633
112,15599
10848,77
0,14391
15492,7455
664,83
17047,7017
19710,2260
5375,63
14601,15930
110,19790
14026,19773
15501,5010
22378,3298
21310,2213
107,20329
20518,8900
17232,65
17503,4239
14243,18314
10252,20568
10,6677
13811,987
10159,21752
14069,63
12,17367
15337,5280
134,9437
139,37
130,779
18587,7979
1132,11934
59,6698
5045,7514
15152,92
65,6820
11408,13855
10715,12819
1958,20129
3,78
3,73
130,4711
18562,20594
16534,18314
5335,7397
10568,5735
17998,5170
18634,61
19,77
18747,7330
10568,17534
21243,22368
17462,22102
12519,17975
3453,6820
1371,58
18314,9635
17305,20666
10568,16624
5782,6677
12436,14272
12222,13468
20518,2428
15509,21117
14865,5863
16541,8878
17975,2564
17305,4775
1273,3298
54,7802
1705,5001
15078,17608
1353,2034
108,14449
1705,9037
19237,3179
19122,4588
15275,26
12855,2516
3116,77
13468,14304
10568,5435
14026,6721
5138,6157
18166,20712
31,363
19,5727
133,67
20931,77
11562,14029
1057,2963
108,7319
13060,5530
13506,6404
29,68
108,9566
108,9565
29,67
13703,61
18598,7583
20536,289
14108,21971
10781,7323
94,959
12655,779
1,18246
11553,26
1490,20752
1654,17861
20294,7330
1073,13654
11768,14227
16298,83
15736,17503
5280,7745
10568,1527
13801,18314
11934,2118
14332,3800
21514,77
2811,2963
1718,18314
13671,2118
17859,3530
22378,84
1159,22206
14400,2493
12588,6404
20522,36
15856,4077
14442,8895
12939,83
10568,20988
5267,9777
123,1408
153,5782
15361,7167
83,9496
3351,58
18604,83
7488,8789
21773,94
131,3064
14567,16489
108,11905
21102,22368
12073,16402
77,7885
14184,7979
13574,17611
13518,8846
10568,3478
10568,12629
17305,18088
18314,4964
13513,3632
17763,26
13673,7745
111,17404
17139,7397
131,5729
10755,6
10351,3
5280,8125
10568,2870
10,22415
22109,4238
1126,9942
20897,6795
13,6560
13654,94
18020,83
40,4287
14567,2201
18894,63
15535,17807
133,21491
125,16106
18746,5786
108,14272
16151,2393
10991,59
12519,20752
1753,7
21972,6548
11933,6730
6,6504
20013,47
14567,17866
22378,3971
17065,19465
125,12843
16613,9777
13506,96
20858,2594
10898,5368
11023,11221
3459,8
112,18350
112,18352
17503,6795
17503,6793
1,18803
14272,3275
1,18804
20472,65
11178,18746
13607,6665
19,37
158,92
5177,9908
11923,18166
108,13468
1,11076
1,10388
3,3195
3,3196
111,19001
13718,19212
14026,6918
131,1352
2443,4628
131,17474
18411,18747
17367,7245
17305,19064
2037,7199
4845,9730
21019,7397
1416,6677
12542,324
12992,83
15481,22206
10345,3915
12249,86
10568,6403
6697,77
6677,8878
6677,8879
37,5536
1724,19
5280,8979
15914,7706
15107,2118
17503,9086
10042,17543
2103,94
4570,6157
20518,20752
13965,20206
4784,8789
18166,4433
14701,7745
15107,19
11642,142
18314,688
15805,3530
21011,27
5280,6607
16621,18314
16089,18747
108,594
1353,2262
17836,3800
22401,94
1655,17861
6677,7638
16783,8448
2118,22266
6677,7635
6677,7634
6677,7636
15267,2118
15567,58
12167,19091
20518,22326
12479,6242
4702,8413
16982,83
100,14735
15509,7245
2006,83
17453,2115
12519,21165
18106,2478
123,9963
17564,5001
3362,5001
10568,9570
2158,94
13435,77
18746,5727
3973,9304
10553,488
4628,9145
6157,9265
2939,7881
15439,26
11877,4629
2018,22378
13019,83
17503,17687
1396,5536
11210,4628
15930,73
10805,13701
12222,7883
6084,7397
17025,1705
15361,21660
15856,5045
12222,20264
14567,14958
10409,20518
11841,20495
4964,77
14304,26
14567,247
14567,243
10568,21119
19268,47
16046,1736
5094,83
10238,7
17564,7632
11253,19
715,9027
12423,1605
131,22378
10568,18126
12792,17837
12792,17836
131,19063
11918,18166
12792,17839
12792,17838
19602,20447
131,8219
315,6157
18746,8789
131,7245
10215,6677
14172,2853
10,10568
11554,77
10210,17707
1273,2846
481,77
19710,4372
13325,19806
11524,17503
14567,5094
13420,17503
1444,20013
10781,3971
102,15856
108,9788
12305,133
133,5555
12676,20917
17073,17305
12252,8813
21752,6540
1705,3090
10534,58
15292,6437
17503,21608
4728,5280
131,20990
16985,1928
20293,83
22270,6516
14184,18747
17707,83
13308,4628
12403,17807
10638,7018
17503,21469
51,6677
12423,4236
112,7245
12631,14481
3,52
14674,1533
11438,17785
112,14537
2544,6730
3,54
6677,9643
83,9942
13636,724
21926,6795
13400,665
13,13275
11354,489
14456,6677
1396,6504
10290,31
19,55
11085,13654
1166,13
134,5
1,21675
11004,6795
1,140
1674,8261
20420,999
51,5280
131,21063
154,15858
17137,18538
1,6700
13316,4628
11689,15748
12518,20879
1595,20010
859,9581
20518,8580
21889,7397
108,18750
13181,73
22126,9764
130,15011
12542,17807
37,8255
10495,14304
2018,6677
12552,18314
20931,58
15843,17204
131,15017
13691,17503
10831,17573
10244,94
21885,3
11554,131
17503,7883
12559,16142
17316,7979
13654,9142
14755,77
2229,84
131,19019
20084,7582
11023,94
3716,61
12057,54
21360,6677
20121,77
21866,54
15537,6833
6677,9005
111,263
4910,63
111,265
16046,21094
7103,83
2560,9777
17671,58
11085,12952
6279,8588
14880,2870
11642,76
17650,61
15216,20
10568,9329
10991,16436
12696,69
13365,139
18246,5001
17339,18314
18747,22034
13269,17637
19,20638
17441,5276
15090,86
14567,19348
15945,2118
18828,4494
1928,8194
18881,5
18562,83
15,9388
13977,20518
130,4081
58,9570
21565,98
13607,8468
3093,61
131,7749
11339,59
17367,5225
15209,84
355,6
131,9379
21220,7181
12635,18314
1510,40
15358,486
14680,17305
11078,17516
1396,6081
10183,9384
10534,11752
10543,20931
10568,15695
1705,20221
15361,3589
11193,11718
26,8882
12434,40
12434,41
6677,8431
11701,17047
20981,2205
5475,9430
123,6993
15361,7004
15361,7001
18234,76
15361,7003
15361,7002
26,5085
142,76
1705,7701
2260,77
12389,6180
17565,18747
19743,20262
12559,19
20662,2846
21636,84
18747,8448
3729,71
2018,612
12588,17503
19478,2963
10526,131
17367,4576
18314,2947
1,20191
108,15964
20,20527
14227,17569
112,1954
13,17564
105,14567
112,16783
15136,58
59,9630
11085,65
11680,131
15136,59
18635,5280
22013,6404
16194,5331
18747,8634
15537,6016
16979,17438
11410,2118
22004,4628
16518,5752
6242,6852
4818,6510
13593,7928
16164,18747
11249,94
19860,4570
20951,26
18214,289
10929,19156
3654,9777
10345,16936
18075,83
15011,19728
16329,5280
3376,8468
3972,61
18166,22179
12479,130
153,71
1353,16490
31,5803
18287,5863
13,22249
19710,77
13830,52
2846,8926
5210,94
16046,17807
5365,8657
21362,6493
12153,12746
131,14539
1,1705
131,14537
15034,65
125,8159
16952,20518
12746,6677
133,19527
18609,19883
6192,94
4232,5
14865,17565
1,17503
17503,9145
10495,6795
14222,14227
112,17367
10909,94
18464,94
19770,7
7652,83
13574,8789
14490,8255
18747,18966
108,897
118,19806
18013,83
11866,94
54,7614
14941,5
16944,2201
17488,3
47,692
18,9062
15930,54
131,3453
111,9821
18557,83
20221,8789
133,8132
8538,94
10495,8653
15856,5021
14953,2788
111,5536
15744,488
21078,29
16021,6885
14326,14865
11070,16151
10350,16021
10568,21469
13015,18747
14272,8216
10183,16804
1240,351
12568,63
2130,22381
10654,9777
19860,9265
8867,94
86,90
743,9627
260,94
139,17866
18604,18747
11104,112
15191,7979
12519,2260
15800,6340
11554,13
0,12170
1126,18020
10,11193
130,13149
6628,77
138,595
138,594
1513,2132
13,19396
13420,19
5070,83
17503,19478
17503,19479
11538,3983
11764,94
16402,58
17752,6157
7324,9220
18579,65
102,108
14597,22368
18895,5280
16940,8413
16142,94
14814,5280
17326,5744
18,79
21191,77
58,9037
15914,3043
20420,3810
108,6220
26,529
16677,289
10936,14654
13,15535
1166,13574
17503,933
54,8643
10812,71
10345,3253
131,9147
13,6247
10,30
14567,17300
14272,15262
1944,5527
4577,54
14567,6493
17785,2118
14508,20190
11877,21774
1071,20518
1,830
14865,15071
17503,20752
18314,4528
13325,14958
13079,6157
19104,65
11601,289
10279,14126
11447,8288
14567,3204
15204,5567
1106,363
112,20299
10756,6
12389,70
107,22080
21747,9037
19,30
10568,8261
10215,788
14567,4097
21239,5527
11193,17047
14253,16926
10851,131
17305,4000
16229,6560
12153,4301
17503,82
10686,11485
3452,9291
1328,18915
17005,9083
65,6885
3,37
13416,77
21287,77
16919,18746
10095,15645
14272,20148
17305,3803
18634,20017
1517,7658
11221,15704
16496,26
10,11752
22013,6677
13,14702
18609,19410
6677,755
18745,4528
15601,22296
14010,17
131,17763
3,4846
17491,18609
0,84
19368,9265
0,86
14814,63
13032,72
1496,61
14567,5856
1585,19407
112,12066
112,12067
15212,1754
26,2811
15749,7
13964,47
10568,5825
7020,7514
10572,5331
107,34
20726,22459
17571,94
12666,8263
16927,8879
1,17196
17837,3800
12989,131
18739,8789
10648,18550
66,6677
1183,16046
13,21239
10206,19
133,2647
14567,19366
16783,7652
16046,7444
107,14539
10003,2015
17367,17785
11934,77
19389,3983
15342,8658
11339,77
11441,399
15361,9323
131,14071
16175,84
19710,20853
125,15350
14145,18166
6896,9990
10242,9777
18747,2061
5536,94
17305,5833
11619,17924
18654,22053
19,74
17305,5527
1180,15136
21930,65
17807,2428
12947,9437
13365,61
17667,83
3191,3457
58,6246
58,6247
3783,8813
12792,3800
13654,58
15797,22109
11901,20231
14865,5001
12144,18314
12829,16933
2260,59
19918,20708
18235,84
17853,6340
6369,77
138,7425
12855,14865
10991,13
17503,745
10,6404
5294,65
131,9310
18178,63
20828,7572
5074,77
12403,18166
18752,6677
132,13673
16394,94
1285,94
17557,7330
3,5699
131,15854
18122,20515
15736,6795
18166,9535
20190,7768
17503,9570
15136,77
1,8653
20858,2595
4340,76
59,64
4969,83
16007,18986
17738,7397
2846,999
3057,7
22415,77
4719,9777
14227,8306
11902,18314
19790,77
108,21754
1126,3670
13481,6241
17807,933
19993,94
17807,931
7160,83
18911,4881
6157,8640
14955,18166
10321,2118
19790,5170
14272,9510
10340,22109
11876,4230
15361,17785
11240,44
11798,129
66,8288
11240,15965
3972,48
150,15520
1,10345
112,20333
21220,7397
16469,3623
131,13696
19478,20958
6,83
15085,15358
19710,59
19710,58
19206,3487
10345,21886
12542,131
7218,9610
2147,83
1499,15492
1771,4628
1,1724
4303,7721
11562,19479
14756,7992
11934,19477
4388,6126
6677,9437
104,6677
17503,9912
30,65
1674,5567
3736,83
15797,18166
18314,829
11688,13506
21391,5280
14297,2538
19789,83
10646,54
10568,1468
15036,3983
18046,9777
14865,17503
10568,1461
151,15292
20548,5394
13308,2517
14567,2805
13186,9856
19213,9841
135,5931
18747,83
10350,59
12144,6677
13947,8685
16046,17119
107,297
10638,7017
22368,8229
14272,20680
14272,1813
6,9278
3451,9291
16475,94
10042,743
7701,9857
14567,4320
14567,4321
11752,6
17352,2724
14567,4328
20848,65
19677,22368
2219,243
1513,8685
1126,5094
18915,19626
1969,2118
20420,63
16783,16985
10306,6677
14272,693
11679,4628
2965,4006
15537,17047
0,5678
0,5679
11106,96
10568,21408
13989,6516
17785,61
11875,9684
22157,8799
10,20910
100,999
11320,83
20860,8194
17859,2018
11535,6
112,15227
1408,3372
14160,40
11764,5863
3972,7245
12744,9437
133,21754
1481,77
15,1882
10568,4367
17305,22117
6581,77
14567,14663
14567,14662
77,9970
15232,3644
17367,41
19167,26
138,5639
133,15519
122,15949
15232,18345
5009,8701
19,7444
17503,4462
17503,489
11645,16979
15386,86
10568,20752
13,7245
131,1328
12542,77
14567,5583
22434,6016
5687,8915
19743,61
10042,11987
5641,77
17807,83
1256,1374
12627,8932
112,7069
10773,3901
10638,12911
5710,980
5225,77
11223,125
17975,5094
14596,19352
3311,9777
139,91
108,20345
17815,7397
1,37
11416,9145
18166,19237
1126,19310
16541,3653
17059,61
14865,8789
19018,70
13,8227
131,18867
19122,7602
10,8
131,17356
2118,8239
6795,9142
19,58
1573,22368
10,5
2118,61
139,17784
18747,6596
21916,4698
15856,376
7330,9174
15677,2661
111,6441
12631,8916
11602,13
3568,58
2367,4628
14322,18445
15535,2018
14085,15361
1607,7701
123,15492
137,15659
21650,47
10250,18747
2015,58
123,20019
1,105
2832,363
19989,54
108,20917
4879,8261
18345,20516
19478,7741
1,5292
13,22415
1,11752
1533,21935
21019,2118
4372,8295
21200,4658
13882,7168
14567,4604
1877,2870
10042,20261
112,19472
0,9
13903,31
1,6404
11388,20518
13066,17861
108,3367
18747,19955
10568,1674
11124,14537
1425,31
17564,77
1276,150
13393,18747
10568,15420
1126,16783
14537,3654
11485,58
16569,54
136,5170
18754,20563
26,7445
21494,77
20805,9014
6082,83
21478,86
86,8636
6219,7727
1595,22378
11403,2118
12073,58
0,22133
1353,1502
4663,94
18287,289
15,19806
12555,83
10691,130
107,13
13,14395
15937,77
19,20365
12280,20518
10042,17058
130,76
3654,77
13988,17503
18464,3632
14984,3487
1,13325
19066,6665
14567,21362
8194,83
16982,6560
10130,10495
1065,18314
12829,58
131,18368
133,18688
14174,8789
628,94
1,12588
15361,9304
47,7549
12636,18314
22028,4628
10568,15886
6665,8324
21437,54
14885,18747
7321,94
10568,14211
14184,19
12713,18314
19478,2811
11752,21362
11872,123
7019,7572
61,9096
61,9097
16979,9929
10627,8548
14865,16045
154,4877
13490,4303
136,71
110,297
136,77
77,8984
14463,1966
16496,4445
1126,8524
108,6586
133,13681
10640,54
14397,8468
10568,15221
17862,20932
108,1581
1,6970
1215,20176
108,6727
10568,2762
31,9167
18249,83
14304,18020
108,90
20945,76
18524,6677
18314,3504
12222,18131
11085,26
3315,9777
14727,20518
15856,21977
27,6462
15361,16763
12,19790
108,15940
2428,26
2118,8576
17007,3217
16979,7637
5280,5369
1416,77
45,76
2260,6524
21974,6795
16876,7330
108,15659
131,9970
12,131
131,20038
12,136
12992,7397
13965,3191
11680,7
14373,94
123,2476
5239,94
12006,94
4176,6791
12503,139
17952,8789
108,12351
15343,9431
13,18875
5075,77
2598,7745
15856,18355
3376,9777
108,17491
15509,18715
108,7727
131,6643
4303,7701
297,9382
11718,5280
11106,6665
11554,3983
11546,6157
1864,20171
13654,8194
20231,7245
12625,83
10568,13313
17503,9931
131,15011
5280,5892
11221,20992
12155,19602
11635,83
13,16800
11023,7444
18747,3571
16850,31
20285,30
14640,16804
10568,1119
18560,54
10350,77
15083,15609
3749,5280
121,130
13,13726
20568,8
3367,676
10042,16046
18828,21118
16021,19710
12037,139
18909,94
15360,15361
131,18468
13034,21463
16471,5728
12847,58
14567,16646
10042,12375
10042,12374
12952,16046
14567,15517
15198,21117
108,9395
13425,70
11187,17
11017,18853
16469,2118
11353,26
10568,10663
10568,10664
111,18595
13793,1513
72,8500
1928,26
8468,9039
131,7447
105,2963
10437,3
4007,83
14406,26
13,58
13,59
5763,83
68,7245
13689,7330
14272,5394
110,3654
14272,21527
10568,4698
13269,4986
16511,17000
17905,9156
131,2018
14851,5331
22207,9777
1342,17663
14567,733
136,17564
112,12292
14567,735
2811,3901
19122,2872
1513,4400
13,17866
10568,5346
40,5093
1481,59
17503,18830
19122,3655
6735,9777
11312,7733
16410,40
12423,9779
17866,77
7470,94
324,6402
10183,17137
17894,2118
22349,5331
112,40
112,41
1534,47
20148,9777
14911,19410
6346,77
10410,4433
18,18747
601,71
15494,6
18,33
10654,8468
16590,7330
10898,131
11106,6
17828,20121
14227,22179
10568,2977
20331,84
13,6207
13718,21200
18445,94
1166,1866
12120,47
19465,7397
22029,2878
108,12161
17170,77
18121,6479
142,20896
41,5225
21478,3800
26,4705
3906,9677
19958,2118
14953,1705
16046,20750
324,5
14865,18604
112,7226
21384,7319
20812,5280
13,7266
14865,2957
19821,54
18930,7979
14394,19
19267,6241
4142,7020
18236,84
2118,4000
14745,65
20754,7514
1,18965
15509,6
14227,19308
108,21896
131,8852
108,21895
19162,6400
131,20931
14537,7452
64,8
18314,20862
12697,65
41,4577
131,59
15709,7444
14604,41
1525,7443
12172,13556
1525,7444
17305,4048
5419,9777
17807,6261
21725,61
15856,17637
19175,5010
17503,6547
16669,3
10345,21474
17503,6548
10345,21473
17305,61
111,2813
17305,68
1,11770
21111,88
13654,4198
11485,8653
16940,7733
108,15358
16496,65
13858,15361
14649,3629
10,12222
11752,16996
11348,779
133,4448
15,8254
11422,22378
10159,11901
18562,7397
19845,26
86,9906
20518,2133
54,6462
10627,18
15733,83
10568,10781
14568,7701
16340,17
17305,7245
4198,65
16418,83
17990,7514
10042,18356
1,2260
12073,77
17721,7188
19405,37
12732,136
14885,7961
17196,18553
15668,7330
10307,10568
107,77
13409,13593
14865,3362
2696,37
16979,8230
54,944
12120,14007
10239,3577
13,4179
16489,77
19058,94
13217,21490
4487,77
23,8
18539,779
18538,21880
1,7095
18747,5001
14567,6678
1615,7397
20518,5059
15057,18609
108,12985
7444,94
20568,94
10966,20791
18314,18962
10727,142
10227,11221
21005,63
10568,13463
16061,17
14604,6
112,13805
21971,3667
1928,9083
108,18663
10568,13468
2995,6547
8110,86
2429,61
3755,47
11713,18752
16718,21608
14865,3941
21370,65
19993,6600
21005,9437
59,7830
12643,7583
14454,18828
14865,2015
13365,27
18106,6677
1119,17047
15883,6
83,9419
136,58
15856,6438
10568,21364
19839,6400
14029,18747
11017,8988
1,12306
16783,17305
19404,40
16496,16804
3298,8514
4896,87
17367,9777
1276,7330
17720,77
19291,9777
14012,14865
18314,7150
3693,5510
16594,3800
14272,17198
18801,5280
20674,94
1,7643
18609,57
11520,84
21746,6
83,8933
18747,8829
18747,8828
14,17
17325,19860
13593,2979
12280,17503
16854,58
22368,8745
19122,6765
19,6418
12982,1396
1126,9419
140,37
1062,26
10965,5280
16046,21362
11764,15136
20518,7664
12260,20935
2834,5331
10848,112
21111,6677
13961,5331
2375,7701
1,20750
22206,9677
17988,7582
3,6385
12741,2118
10650,14272
131,21986
2118,9970
6136,8468
131,1866
131,5367
131,5366
18314,18797
15890,5268
6205,65
10568,18781
12569,63
12829,8194
5683,9936
7337,83
109,72
11338,12389
15517,3568
2205,3304
131,13567
11249,77
1615,354
13919,3376
13269,15856
378,65
18747,21634
10146,7397
16575,17503
17246,77
26,41
10350,19
14567,4048
1456,18746
10350,13
12588,1457
2963,7095
2015,83
12588,18604
12479,3744
17763,7245
14865,20709
18515,37
4727,6574
14865,20706
20231,21752
83,9787
5009,9748
14272,1581
2004,5464
10183,17801
13854,18314
7443,9008
20495,6677
16764,7188
18135,22378
17852,8789
15212,7
17047,21119
13617,6795
17787,6
11630,14272
19540,6
131,15535
18385,19622
10495,18604
13,77
13,71
17503,18587
15013,3154
131,19790
136,6485
12745,7745
13,9310
0,6183
1353,5119
1700,19459
10568,21629
1513,4179
14,7
12362,659
17503,19860
77,9932
14865,19512
138,8941
138,8940
8075,83
15537,1705
14865,6017
5428,77
21224,9777
22206,4845
11483,2118
22091,7330
13593,595
19571,4628
108,11840
13804,14026
15361,21222
12966,3983
6241,9455
10514,112
8849,94
15542,20518
17617,61
7330,9520
7330,9521
4161,5841
131,18445
1126,1533
19177,21111
17316,20588
1662,20986
17503,2518
7245,77
17503,2515
17657,6795
3258,73
13,6885
16372,20765
112,1297
13506,140
12729,14567
18539,20518
18353,19702
13167,18828
17736,2118
17807,21239
14537,19790
14567,2543
21556,48
14567,2544
10568,14409
15011,77
15011,71
21063,77
13858,18075
2766,5280
17315,17503
19821,70
13960,150
11437,3051
136,18337
15537,5280
5197,83
17503,20221
13862,26
15856,7803
19,22013
7701,7918
108,13729
20190,7330
2811,94
20171,3744
131,71
131,77
2846,5782
14272,6589
0,19527
5744,7798
150,7330
10238,20267
3311,8468
15011,21143
14508,14865
22102,8634
14227,7622
11945,123
15011,6677
15232,22378
12162,7772
11874,1215
18314,2
10345,48
18895,5510
15509,3972
16116,19477
18781,3453
102,5038
130,15737
13215,7397
10727,9777
108,3418
1705,9857
18403,20805
5280,8890
16743,18147
11085,16046
18587,20897
13,5577
5672,94
10568,15465
154,22112
14465,18590
18730,7549
19860,21472
14272,7457
145,21244
10568,6727
13,145
136,34
131,20774
10042,4798
4197,8363
14567,19037
11193,9938
14933,9777
18314,9281
12073,13
18020,466
5091,7979
7087,83
15286,17305
19578,5280
6,8396
11752,6791
14449,6127
2870,830
139,16808
21463,4601
131,14322
18261,86
11304,14711
26,3125
10568,18424
0,7444
112,14413
11348,18539
26,3122
13325,20813
16731,94
14674,8254
131,18322
10727,125
10568,5734
18314,18940
18131,5280
8099,9437
34,6820
215,86
15707,6157
118,15965
1396,1588
6677,9341
112,13820
22104,22368
11713,22
10736,47
17807,6409
20518,5130
17866,3
17866,6
5536,77
5536,76
20516,2846
14908,19410
52,6
13035,5280
12519,20221
18314,21186
14567,18077
14567,18074
14567,18075
4705,9857
14567,18073
2631,77
13510,16979
10,14567
18781,37
3453,41
108,228
118,7302
20585,743
2568,3571
3108,71
15933,6242
3453,5177
63,6677
15934,26
14674,6157
1393,5280
1971,5530
12479,14567
18715,77
20420,8813
17066,19510
1157,20518
108,57
108,55
14778,16151
12352,14885
15204,20988
16046,8789
10568,612
16046,16591
19492,9777
16851,31
1125,7652
246,4148
140,54
16418,20285
14015,17503
20518,4142
4729,5280
13619,5280
15856,3447
14819,26
1882,83
0,21904
1,15351
5,8514
10831,94
150,17271
14018,14748
488,6116
4462,9669
2823,8194
17367,6409
10967,5280
2598,6242
19781,8518
31,8212
131,570
14865,19
10207,108
10586,26
14567,3362
11108,133
17267,6
5184,54
112,7583
55,73
55,70
12280,2061
21726,61
19212,990
138,18147
2117,54
14677,16232
10447,21284
112,1517
2986,94
14272,16448
14159,18
13607,2118
22465,94
18609,7842
15858,77
14272,9733
109,15
133,3334
21014,27
11038,7979
1,6646
15574,17503
11249,12
11249,13
18357,83
18166,8875
1583,16854
19122,4310
26,65
19916,19953
4871,59
1458,18828
16046,9923
1864,9945
4375,84
19304,20229
15940,6409
20615,83
14227,3800
22378,4786
1786,8220
13706,14272
108,6864
11319,7397
112,21976
612,9627
1182,14865
1928,65
16210,7649
112,12701
10568,5120
13098,16567
131,15517
13308,1705
11060,9777
13453,16046
17807,4739
13,19
10345,6665
18746,21449
11124,7245
18609,913
93,9908
131,14009
11437,18604
12207,77
18747,2963
18747,2965
17948,8789
14712,20518
17856,8789
1408,18376
10042,15312
10174,289
11150,5280
10568,9159
15856,5393
5191,72
11642,17305
17164,58
15659,17721
11171,20518
108,8918
22458,6192
15361,73
112,4929
1962,5567
18769,19
4376,7701
11046,3
12768,76
16142,19
11916,58
19,8196
131,4179
65,9912
8475,8762
13506,2118
1705,743
3306,6
10350,9105
14272,4080
13066,139
13962,15945
3626,8514
1371,7883
4528,458
1165,61
14567,4717
20402,5264
16369,86
7310,83
1126,6789
4628,8508
112,14396
3972,84
2214,77
18757,3
40,4813
1614,17807
12423,4787
61,96
137,6791
61,93
11554,126
14304,17503
1124,4700
1705,7444
14865,7979
1620,8587
6176,94
12146,7
1674,5331
130,13506
11085,17339
10804,77
13540,86
133,6081
18469,2118
18747,21845
5009,7401
58,94
18747,6
18730,6665
14272,3531
12744,3893
10543,131
1,83
15024,9271
59,695
10345,20030
20896,22206
14272,17785
14560,19316
10042,573
8685,94
21146,4969
37,4877
3,6731
10817,14865
4384,6
10345,10773
16318,94
10568,6835
10568,6833
6730,8931
5603,5744
2947,40
3080,77
2939,7706
14272,3824
13988,16046
17707,18075
619,9677
12678,18565
13593,5629
17503,4628
13691,19
14567,9852
16418,18020
16475,8040
2428,8789
4562,9341
12142,83
10820,76
6665,8073
6665,8072
18463,18747
10,3372
19538,5264
1353,5860
1714,6665
14026,9689
15914,17462
2118,22305
17503,2375
14567,7436
17196,6404
18314,6349
0,10726
19,22296
11441,77
1,17119
19161,77
13531,1705
108,7245
6082,7397
14272,22319
16046,8
1864,2201
9669,9691
15361,19538
2846,30
11908,17
16866,8890
37,5894
17047,3484
131,3530
15802,8789
13317,14865
17711,18529
7207,9777
10568,9384
1517,67
6095,7745
15507,17066
1396,9777
10338,16046
7245,9777
11192,112
15965,8
21119,6017
83,8509
145,1525
10548,14567
19122,3595
10549,14567
18314,86
13481,14567
16426,17271
15615,7745
5577,94
40,9777
12025,6586
21244,21463
19268,692
20580,21745
5530,9919
5177,9963
8685,933
1055,150
1,2811
16743,17
1209,16979
0,14806
17503,8623
15361,2965
14128,6560
131,297
12222,9115
3190,3880
1166,131
21019,65
65,94
13,14009
1620,19516
12490,72
440,7776
11520,40
12847,4198
17503,9535
112,136
108,73
18747,8862
41,9777
108,77
2118,5726
14334,8944
131,17066
16808,18314
14625,18747
11718,17503
16969,17807
11866,7444
14864,17807
2412,9538
20615,21774
17807,4142
13858,7330
15747,15932
16979,20588
112,90
1,1861
10042,25
131,9536
937,9891
10547,6242
3585,94
7,83
108,12666
21239,83
108,12660
10568,3217
112,14272
17077,8762
1353,21188
10183,9234
13567,14971
14155,14865
131,7145
4072,5476
15361,709
13004,14567
11124,94
1353,7092
2201,871
1910,6665
14567,3340
13886,16238
15987,94
1396,14639
15100,6942
15327,20969
20900,94
12222,19
14449,6790
14674,3880
13593,9516
15634,65
13,2260
6795,9938
131,21144
15535,20511
14567,1614
21448,9777
2740,3800
20518,20563
17305,4412
11249,34
17807,22397
10773,18747
154,19710
12162,47
16046,6016
16046,6017
16783,17707
19316,5010
15818,16553
1823,6677
2518,6795
13574,22047
14304,19860
37,4576
10568,6999
17564,9037
77,94
12611,16680
1966,83
14771,6665
13623,1875
108,3047
90,9788
1,11470
20190,3483
13531,5280
12,71
12,77
18747,8789
15965,691
14026,14891
131,19423
10568,830
40,7439
112,19357
10568,10605
5038,58
6002,83
23,5536
10042,4610
10568,7501
7246,9643
11688,6730
12980,3456
19672,61
13,1928
3262,83
19122,20207
15011,19170
10568,18385
10207,18386
14872,6665
17569,4773
108,12865
1767,4628
22117,9777
13,14253
12153,77
1716,5475
11879,6677
3632,7444
2118,22117
17007,17503
2709,94
100,117
11263,58
3669,5280
125,19207
20518,9258
10336,86
18187,4062
16495,7829
13,34
4787,8879
21036,7979
103,65
13217,17025
18314,22339
10668,4873
134,6043
15331,5280
10568,19031
133,20193
10568,5502
16590,19479
110,2018
10568,12929
3117,77
17405,68
112,17744
112,17745
112,17742
112,17743
112,17741
12621,7246
19710,6885
151,4162
10,22378
21244,94
10042,17164
10350,6
17405,67
11339,154
10568,20530
10408,20518
150,22392
3978,94
84,8437
17120,5280
13104,2516
16453,7701
1,14561
29,3453
41,58
1752,7
108,20333
10568,18587
17305,5399
17305,5398
10568,20285
13410,4198
65,6572
15610,16046
12509,6649
11832,13332
15226,65
20256,20722
17975,3612
133,9249
1119,19104
472,9777
15771,7397
12884,54
3530,65
83,8859
18166,9456
108,16576
14184,15501
12535,9007
17503,20264
3311,7690
17807,19670
1231,6
131,1700
14362,18747
18424,9159
21481,84
22013,6560
15492,96
11520,7188
10107,54
34,65
1238,83
10007,9777
112,15930
1,21146
13232,6727
13,17356
3971,933
13468,17503
12037,54
18730,47
19,4377
10321,13
6677,8684
4628,8789
16926,18965
10279,20981
14272,3803
10373,10568
22359,40
108,3453
15856,7514
12283,96
13,17232
110,11124
108,11240
12434,14490
1,189
13176,63
17351,83
154,19247
11123,14567
131,34
16046,9570
11187,12209
22378,4424
12221,18528
14845,5708
10568,6017
15455,26
17989,7108
14071,16769
18166,440
4321,6351
6795,7095
112,9777
19405,52
20726,21352
145,58
19405,54
14018,739
11520,3972
10183,14783
14748,1513
11441,59
11916,19223
16229,18
131,18106
19,20813
15306,18
10016,83
4871,77
18289,5553
21738,77
2811,8844
2278,35
13,4198
133,14403
16704,6
7443,94
19,2963
17367,5536
112,14453
8468,9268
20294,6157
10568,12155
1180,58
111,19423
13949,17807
21460,6677
1581,324
15611,83
21641,5280
108,22283
47,9946
102,18609
4022,9777
108,22289
14567,20673
108,18609
12040,7954
1705,2125
1416,8813
18314,21208
12423,6677
10290,3032
12037,13506
6586,6864
11240,17807
1864,2957
133,7960
12629,7719
122,3
5671,83
26,8824
324,3530
31,3629
31,3627
17471,19019
17047,933
15081,8789
1119,17025
11674,14623
3040,94
14490,2696
15748,18403
111,9049
3314,77
20176,72
15517,9514
15537,3484
13159,14674
14463,19860
11682,13957
3632,7169
6721,73
627,94
17454,7514
111,14681
10882,2939
15540,26
5331,7872
1376,7701
11348,1516
16176,84
2852,7979
21752,4845
16568,94
11304,1705
18143,8789
1849,19710
11874,54
17557,7397
14217,7207
19459,19956
10042,15439
16783,19726
2976,3800
54,70
54,73
108,15827
14560,17503
14567,21239
11701,1705
13506,2544
154,9014
110,17564
1,14958
21887,8468
7382,8789
17819,21188
129,20420
11762,6677
13955,9938
131,9514
1768,4628
122,8081
11929,26
376,7266
22283,8223
5054,9908
29,9777
10568,3273
16046,9211
15704,18577
21208,29
20523,7719
11602,71
11602,77
20122,7912
7652,8254
11100,6677
10495,1125
108,4179
13,3628
21463,94
142,17158
16541,18524
10568,16729
698,86
18793,19213
2103,77
10715,153
138,4151
20190,6
3328,54
10568,14656
20518,3103
17298,26
17752,83
14484,31
3323,84
19993,77
5475,83
13500,31
10568,7371
12179,86
10042,16969
11106,21725
10583,5280
14272,7772
246,2932
8517,99
133,18658
142,779
3102,94
20615,4727
1253,1353
14567,8862
131,3568
17305,21295
17534,488
108,16032
13,153
58,7829
1,8279
125,5842
11036,8789
17861,6863
15306,6
7330,795
131,1517
6,61
12,13
17340,17707
57,9777
17065,83
570,77
3367,3901
10568,211
14250,17564
112,1550
13103,14490
19429,6795
112,21939
139,6988
10568,818
10568,2930
15535,8859
17503,6259
40,7410
10339,3983
21371,6242
3022,72
18314,1896
2846,7745
5010,65
2742,71
14567,19790
19,2805
14272,21682
17225,61
14272,21685
18747,27
17117,4628
126,920
13501,3110
76,9254
2070,83
108,17505
108,19744
12975,2118
12470,126
16530,2118
21959,83
1007,15937
21944,96
21461,6677
15096,18121
1098,27
108,18293
108,9310
18322,6820
1126,8194
16704,18747
19653,9751
19303,6791
131,16926
17837,17838
131,18715
6,886
14674,7181
20744,29
3,8548
12865,72
76,84
76,86
13607,14567
17516,71
17503,9037
17516,77
151,94
19213,73
4238,7514
18747,2308
17305,9070
2829,5280
10568,19339
14443,70
1,711
10042,3284
1360,3
10568,19058
112,17763
17,21556
17305,5405
1273,22378
12660,18577
15204,17592
13,18590
10568,9197
10568,20518
17950,8789
12037,18314
11799,20495
17785,6790
14272,4844
15,20813
102,3453
15306,16089
41,77
41,76
37,6081
10361,94
4711,779
1396,17746
10727,7549
138,15148
11437,18166
14272,3311
16554,44
1,15492
17503,8789
18746,4310
67,90
7999,94
131,21143
3627,5408
10042,11382
18553,4462
118,65
21119,6833
5009,7443
22303,7444
127,3905
16426,2859
1126,7566
19248,2570
10864,9437
20231,47
10568,779
2118,5172
122,3303
1,44
1,8517
10906,72
16046,16142
22368,2695
17503,5001
14422,72
6677,8514
6107,8343
19706,61
13,6820
670,84
15492,76
7652,8448
48,6665
11249,131
17711,2375
7140,7514
112,15958
1371,6795
15288,61
21449,7979
10568,15736
102,21490
16530,17
86,9091
12153,3783
130,18226
2118,4081
11720,15537
566,8701
21362,8862
11841,8878
123,13046
14456,3972
125,16424
21948,83
153,6677
11554,1353
12475,86
10183,94
10899,83
1396,222
1124,7979
19160,77
1399,4528
0,21620
6017,6516
1276,83
14865,22200
11338,13425
131,16089
14885,3800
4528,77
15659,3654
76,9731
14297,5280
13500,20935
10434,18747
53,76
123,20083
10568,5060
26,9570
15306,71
10568,11701
150,20518
12222,13531
108,18196
10969,31
10568,22434
37,52
11841,6677
12503,8850
7134,8789
17854,8789
10560,6677
7934,87
19175,94
14567,16920
2963,65
4701,6130
5093,6423
17738,7943
16646,5527
5280,9832
20931,6522
19993,3654
3257,54
130,90
15,16555
15,16554
20898,94
15,16551
20201,4629
14865,17150
154,17517
153,3971
19146,94
154,17518
11781,16979
20128,2557
12222,14304
10002,14865
12220,18528
2921,8589
21244,8040
20420,6677
14026,5943
18781,54
15361,5264
14227,17917
17503,4067
1,14184
17047,2125
1,14183
13,9037
71,77
21019,26
7207,8468
18747,2797
16496,2018
6554,9963
1608,9582
7,8718
0,130
0,133
7397,8509
16680,3827
1049,15332
10568,20897
18881,8514
17305,22476
2018,65
20333,77
77,7849
14865,8862
54,56
15,920
21727,61
10532,5641
82,83
131,8948
11752,8862
10213,125
21141,70
1614,83
10495,17503
1353,20017
10568,20093
2711,94
18730,20231
1353,20018
15204,8261
17859,8657
16752,20643
11602,58
2249,4871
14567,871
127,130
13878,17367
7397,9265
14773,86
18756,3
10432,17807
19091,9142
17807,601
20813,3102
10079,111
10568,13827
13673,5
15494,27
1705,18748
19,19710
14252,17
2834,2870
15232,8814
12222,17025
11124,58
70,9095
19376,7
1007,77
11347,836
1353,18634
14567,3308
35,6677
27,61
15806,8657
108,7749
125,5373
1233,54
16729,17503
12629,4879
2768,5280
14102,84
5280,5834
1502,21143
14227,18828
1,22378
3800,5735
6122,6791
58,6643
7979,8789
20812,9999
14004,22102
595,61
108,14506
13,7830
6418,7997
10568,2125
53,86
11684,14397
5077,77
131,6402
7444,9449
13,20005
18314,3306
19,728
8288,9341
1772,4628
13468,1705
14442,19104
22309,86
6402,77
20298,26
1064,19248
14436,22368
1353,9539
8872,94
3638,65
12,34
14227,9674
10568,234
2193,86
48,4846
11877,6550
13427,13957
13739,17765
15965,26
131,19469
12222,16046
20937,77
1353,20191
21462,94
15748,7
1156,13313
14304,9570
14538,6677
15481,7549
11004,15574
108,17696
18747,22251
14275,17367
8036,94
17557,83
594,87
19632,26
6677,9662
3432,6791
16783,1928
5553,58
19947,3800
2707,7245
10470,22378
142,4475
108,7691
12,810
14567,7942
18166,251
14007,14190
131,14449
1229,14272
14322,6677
13704,61
14227,20563
14395,17721
14567,21910
1,3259
3114,77
5784,6677
123,22269
10042,58
15232,18380
4963,61
123,22266
14328,7639
18293,18609
18744,20190
13,1750
10,15084
6793,7883
16172,18604
3373,83
21450,7931
14537,3047
13831,6665
22109,7514
22458,566
3879,83
18,96
18604,3078
19710,9014
121,76
16944,2118
18355,7473
21224,6136
20475,94
2118,2260
11991,65
14958,17807
11900,6677
16496,5927
21752,9677
12975,61
15034,5280
5762,83
5225,7245
11439,6790
12236,17503
19515,5641
22368,9574
15535,65
41,94
16783,7330
18747,8985
112,6908
15965,58
13269,20250
11698,16423
13136,18747
18314,2822
21146,5475
14009,18629
144,56
144,54
154,18403
18314,21481
12222,1705
3,6462
131,17367
15704,94
77,9310
3,6468
1864,871
4940,8657
17503,5060
12933,3654
108,20928
17855,8789
10584,5280
102,68
12829,22368
17485,6677
17305,19477
10459,94
15332,77
133,13830
10431,17807
5577,9008
61,795
17807,7509
17807,7508
17807,7507
17807,7506
17807,7505
6242,6912
3,6793
18760,3
5310,54
5310,56
19756,22368
14672,63
10345,2811
153,30
1383,18166
13510,19212
12651,18314
17,18147
10,65
17,18148
11193,3217
18123,5375
22343,6
12542,6677
16816,54
18314,5080
29,6404
17305,21481
108,7444
26,830
22246,58
16866,26
138,21313
18314,4320
1,1029
142,9254
10470,10568
14771,18314
54,7530
11206,18747
5641,7054
14272,9509
10223,18314
13,5860
18747,7979
131,1416
1705,5280
10568,6548
10978,7979
1513,9789
10568,11720
1431,18747
15204,6492
14567,9212
105,108
10568,13581
17355,6730
15809,86
1180,13
340,6677
17807,6822
18532,743
135,86
10320,94
14567,16944
3568,7830
14567,16764
12202,16046
1068,54
6665,9946
1125,17807
14567,20987
5280,9857
13506,9730
108,16800
15397,29
14376,2846
4657,77
17807,18769
6677,8880
17912,6730
14272,2087
15361,5067
5070,7330
20643,77
10568,4799
15541,2811
131,14272
1502,86
67,68
13998,19
20945,6665
20221,6795
22154,83
1033,14567
1166,19710
4846,9777
138,17067
15931,61
10242,47
16711,1786
13623,16059
15361,18246
12675,7330
12701,142
20295,76
16475,17252
10568,4578
10568,4571
16242,8789
19387,84
14395,7
12847,17447
47,6540
10213,1396
7,8774
11106,133
29,3418
1620,77
14674,83
0,116
19890,7
13330,14272
4845,7549
17954,9777
83,9741
14567,19
11769,4969
3719,6017
16979,4145
17912,18747
2070,7330
138,20998
131,8179
14272,29
1,12909
94,9449
16021,77
16,54
108,20241
5045,7
12620,6242
2708,9777
20231,9777
131,5654
15940,77
6832,77
14322,18524
11683,51
10183,26
124,83
15501,17503
12557,58
11905,14865
1509,2118
13,13394
22368,503
3983,7360
11085,17232
3983,7362
3983,7363
16059,17667
1396,6442
1119,1705
13468,15537
18314,18730
18742,20518
13673,88
13467,15504
7397,8221
17990,4433
56,73
27,3685
18774,63
7802,84
7181,7397
108,660
59,7490
17503,21905
6560,9673
108,16789
16464,83
127,76
11554,6677
17573,3102
108,16783
8216,86
1,12409
14396,51
138,15292
12222,17007
15382,94
1,11106
1705,19058
0,1785
20190,6560
4278,8743
41,7829
22013,3372
2544,2598
15420,4628
13317,16046
17503,20098
111,7075
15456,7
11877,14728
12280,19
14227,21146
1674,20523
16953,22368
17202,7104
34,6346
122,18390
10568,7883
20518,7710
22362,5093
11485,8194
130,20250
1916,2118
3022,31
14567,8353
14272,9608
18747,22271
61,6998
10568,1483
150,16426
3577,7551
1353,1405
61,6997
19996,63
110,14272
14567,15889
21053,31
10678,133
17653,18634
108,983
19,20750
3906,619
11124,131
13392,15856
18314,9070
10840,83
14567,15081
12933,131
14567,2811
291,8928
19175,58
19327,22368
4072,5217
1,4556
20250,779
12756,133
21246,63
11193,12222
1158,47
10934,5280
13,18629
19860,6157
10568,16866
11546,7397
11354,6795
131,21526
15931,17433
13,18626
154,21362
1328,9271
13949,83
14660,94
54,7075
16393,18314
7746,8514
21960,83
14567,18489
14567,18488
20952,5010
10568,19096
1126,14468
110,7830
10568,5567
18021,72
10568,21791
22378,2511
123,4562
22092,2516
15856,9516
2870,9627
105,61
7979,83
83,9514
11900,7745
20546,351
11900,7747
83,9518
18075,1875
9268,9777
15433,18314
12026,5244
4558,54
10591,6677
17580,22368
17321,27
131,8544
130,7251
3432,7397
14711,17503
20726,5331
10830,94
1285,21463
14272,5468
14272,5467
12222,9291
15537,933
15511,18166
16028,18609
7933,94
4148,58
5429,59
16436,59
18747,4877
13193,3800
20518,779
10042,7774
131,17345
10473,5276
0,4787
15797,4433
12975,9908
3472,7
5130,77
20518,9813
2900,7270
51,77
133,4340
11593,54
16126,7642
17025,17503
20834,86
15342,18131
2581,26
13858,17706
11901,21752
13325,16554
16969,17503
18747,6574
16783,3453
4628,7775
14227,18166
3654,3998
150,3179
10387,17503
13418,9145
1353,895
16952,18828
739,8386
131,5225
18075,4969
131,20464
108,19206
154,18285
58,7749
7802,9777
7397,8413
16686,18747
139,3972
19855,37
18881,20516
19479,6340
16046,9040
12559,14567
6404,7330
12260,31
14243,86
15492,37
10568,21284
14569,581
12222,5735
10568,18454
12827,94
14958,6462
2309,486
18345,2018
112,14160
17,3577
131,19839
1397,18314
799,9777
2833,9230
12222,13575
3972,93
37,90
37,91
3972,96
19423,94
14537,9250
11520,17367
7169,94
1866,77
16488,4628
11841,129
109,4162
11642,14272
14567,20615
20845,7183
11769,83
1068,73
21974,2516
123,6554
17807,18747
14026,6188
22117,40
2517,4628
1931,9791
377,6
20552,8762
17503,5601
1177,17305
118,21930
12750,21225
13092,131
20643,59
19723,7246
14626,6124
131,14250
18106,8879
2065,9730
131,19161
10726,6665
109,1215
14567,614
65,933
1595,83
142,4846
10568,5973
10568,5972
18,6
5868,739
18314,8255
4677,9777
5280,7292
7727,7841
116,29
11874,9777
20728,21556
4787,7745
14272,9170
19205,20128
16244,17305
15488,18604
19,20568
17707,20638
14009,77
19535,6665
1,1408
15975,7701
1159,47
131,22415
131,6249
83,9230
83,9231
18747,528
16757,83
83,9728
17818,77
16329,6677
0,20328
2018,26
112,20203
17234,17807
4077,7514
10674,6677
1655,7
58,6820
21208,37
10568,11304
17119,8862
17672,65
0,18955
11618,2005
16179,8789
18166,9459
16046,27
16046,29
111,14356
13171,15361
2385,83
16653,20518
10568,11245
7445,94
14927,17866
4571,7397
17573,5469
1157,18166
131,3177
1,16469
1064,14865
1396,7802
13111,7979
11253,83
10345,16276
10345,16277
6677,8767
54,9582
17859,8928
10651,8813
129,6677
17637,18166
20750,7908
19162,69
6828,7444
300,5280
8150,8259
14647,20464
15599,9777
17503,654
21309,2213
17007,20420
16046,9186
11339,18747
13607,5160
10938,5217
9310,94
7514,8542
12222,65
14567,16511
3276,65
10,7883
108,13574
3056,77
17096,2846
112,16859
14227,586
20518,7088
125,21587
125,21586
125,21585
14396,29
31,9815
11124,13
11304,17503
19860,7330
6912,77
22047,7337
11458,77
13393,17807
10568,12449
14567,17975
84,9777
17058,20518
21245,63
108,19410
108,19412
17305,21368
110,34
111,54
18166,5926
5276,94
7169,8150
4046,488
7330,92
10042,5553
14537,15509
26,9186
15856,813
19181,2056
36,5529
10727,1396
5331,7573
10145,2041
118,94
19,20958
18204,7397
14272,22329
107,21239
131,6006
16238,5060
108,11554
18262,86
14865,2569
12222,19885
659,6790
15964,54
8955,94
11752,12519
11720,2928
14322,9
19122,8988
14545,6
405,86
12559,17807
11543,3983
130,20518
26,2755
3971,5735
17902,22368
15858,2260
260,7445
14865,21385
139,140
21999,7514
151,37
17807,20811
13,13617
22352,6988
20518,57
10568,22209
12789,84
16496,4705
17503,17975
21974,4628
10568,5589
17924,2885
3080,6346
5225,8224
54,5530
123,4545
14190,3773
20518,5131
16059,86
14304,8789
14272,20247
18166,20563
18489,19205
12629,8261
1,12553
108,13013
12911,4528
12155,1705
10966,15645
108,13014
30,94
67,86
15914,8634
18314,21738
10183,21142
10996,6
10666,5331
4969,6791
17305,9018
11674,54
17807,21146
17503,19637
26,5810
112,12
17807,586
1,29
25,58
18590,26
6791,7330
6677,8576
3973,5639
444,6
10252,94
102,29
12498,1533
16729,20518
4896,7960
18759,3
17305,9908
6210,94
13,3369
1705,933
130,18166
8848,94
14184,16046
142,84
16081,65
48,57
14783,8874
21409,4628
15668,1615
20812,7745
351,7572
18166,19094
11193,1705
110,131
14662,2516
110,136
10350,154
15856,7266
12259,86
10,26
108,16423
483,5744
14567,6550
1485,84
7979,9603
12736,17367
12952,14567
13286,16046
65,8957
7733,83
6600,94
26,8874
16738,87
7639,9791
16532,17
4613,8469
5,6043
2937,4727
16866,65
20913,6136
16393,5527
3372,4232
18947,77
10568,12222
14322,15011
22368,3235
10242,142
118,151
10568,6276
12363,16171
1517,16800
11193,5280
1335,17395
12154,86
7657,94
1281,5280
20518,8728
19,21362
10513,112
13574,54
13071,70
19084,6345
6,9595
1944,871
17505,68
17047,17503
14865,990
108,19086
13593,21322
21237,22421
17410,19219
3902,77
10257,17663
1559,7912
15125,18747
10016,7397
17807,4648
12792,19946
20762,6157
112,7072
15306,96
11085,1517
15306,94
18424,19087
10568,5001
21999,2829
21840,61
17305,410
17807,20155
21773,7445
17,20728
125,2512
131,19140
2838,5280
11543,2118
2118,6414
15306,18747
125,37
8150,9186
6730,9730
13332,16054
125,19404
10,3530
10392,39
16046,2811
19,20099
17305,7624
1755,7
154,17866
15856,4818
1215,72
17570,20518
17503,18227
148,29
65,71
20793,4388
2932,9544
65,77
11752,19882
1255,13643
13468,5502
14026,7108
5280,7941
5808,7841
11562,47
7266,77
22368,2918
14056,1705
10568,12820
10805,595
18246,61
12380,3629
3113,77
11017,13100
1177,18314
14272,67
16933,22368
3143,83
3972,5
6665,896
16232,7514
10470,84
13040,6
17305,3504
0,18951
16046,44
2379,5909
10042,11045
16864,65
18595,3
297,3654
11764,8194
12169,77
14567,2444
15299,17305
13186,63
12280,14184
10726,133
131,724
13949,14560
2515,6795
17231,20518
4969,8859
65,9388
4072,7330
250,2516
20518,20855
131,3998
6136,9777
144,18760
19710,2778
12660,57
13613,6
125,1341
65,6727
15668,1875
16229,19
14171,18746
321,6
108,3901
17503,6627
7160,7397
10568,2633
7701,9145
112,15523
11085,41
10350,11772
6678,9730
19860,4914
18796,94
138,15259
12222,17047
20518,7063
108,17060
15896,4197
12812,6665
15537,9938
14537,34
131,1597
13162,6002
18747,21385
10568,6399
11688,6242
17305,8247
11769,21146
11246,9627
112,3654
10387,6795
21385,2907
14128,19
19860,6802
12226,2846
17503,20897
1823,21138
17047,7598
77,9601
14537,6006
7741,9777
11348,16120
1662,7718
14567,17912
17462,18747
19728,3994
14567,16394
14567,16393
3,898
12506,13332
15518,18166
20658,77
108,12247
5001,9037
1769,4628
133,19077
1,9416
12,13291
6820,77
1689,54
14816,94
10295,1353
17154,2846
13506,17305
22378,51
1705,17503
14865,19839
15456,8198
13,8928
11602,4148
15643,18166
7330,9254
17026,77
18747,4659
131,15332
11642,17367
18747,19479
18609,4184
16436,18314
14567,2932
0,11226
6655,8007
11437,14865
18240,84
16035,83
17794,4628
22323,77
108,16985
1533,16783
21384,94
18577,9008
11922,18166
18166,7622
1218,7514
19787,76
13556,17503
13022,6
123,13671
22368,6060
12280,14865
14449,15930
19728,7666
151,17573
5716,94
94,980
18539,22109
17711,4067
0,74
0,76
17503,3484
16783,7397
18075,21146
26,9857
13,1849
112,3303
12641,7
13,15332
112,3309
47,6445
47,6446
131,2103
12745,2846
17639,7397
11901,6446
11901,6445
26,5834
58,59
13,7443
10327,108
11750,8789
153,5280
10681,133
18746,6795
14449,40
14449,41
17182,4651
16046,1705
22270,5331
15232,5
27,5536
10147,83
11643,2516
10983,2516
14018,1513
13892,17503
123,7502
123,8630
139,5010
17503,7492
20518,4794
112,20786
11718,835
10988,3629
16,3
20250,7514
112,1652
2544,6242
1,11085
112,1658
123,4971
13,2698
18166,8709
110,14009
15071,18747
2876,440
12596,289
11757,4727
19272,9777
11877,16979
65,9727
2118,3958
14084,14703
15733,18075
2885,47
10700,84
10568,7701
11482,133
6677,9779
2230,8150
14456,7745
21889,83
13,4269
21472,7397
4896,52
17252,94
18746,3088
19,19728
22378,7554
10966,5280
15136,18590
21490,30
15856,6511
10042,20423
15611,61
18131,9291
10350,17305
16812,7733
17367,4619
17367,4618
13413,14272
1705,18020
20837,5841
12546,130
1,11339
20754,779
37,3972
14322,6777
5527,6242
22368,25
10638,3971
112,9583
20518,20632
1931,7514
18747,3836
13,19954
21478,6665
15204,4879
122,22095
17367,20945
12746,8813
10568,1705
14188,22368
15661,6677
15517,2957
16172,26
15880,18314
17305,829
17,20877
107,3998
10350,7671
11850,138
1705,17619
1581,77
13,1614
12964,87
3060,4628
11221,8833
10534,9777
12986,15517
6559,9538
10183,9575
18747,19860
251,7622
16678,63
3637,6677
21012,27
10206,16142
10183,13823
17,19653
16116,4877
1124,243
17503,22301
17323,54
2557,77
16469,19723
7690,9777
17503,21774
18663,9788
17202,61
13,13793
8468,9310
131,14213
76,96
117,6677
108,17054
10252,16142
16866,2018
1993,6795
47,7476
14567,2762
707,7399
10042,2432
1000,9437
14172,8789
14250,77
15136,20464
18314,21813
14567,6730
8833,94
17047,3217
14567,2428
12865,61
11106,61
18368,26
122,19821
11899,6677
14184,5010
19478,9909
18233,84
107,15517
2415,77
16116,2118
10651,9437
15055,3971
4749,6377
18781,73
8792,94
12611,8789
1,5431
17763,77
129,8025
2996,94
1065,9777
18505,47
57,7183
17818,4198
21752,22206
13,9271
10720,7514
131,4368
3473,7
14026,4781
16952,18166
18314,8015
2767,5280
12222,26
15306,8948
17503,8755
1162,17
19535,6
10568,15055
18432,7330
1352,15320
125,21274
6404,6700
4628,8862
324,4211
14567,5518
6677,8015
19122,6898
21311,59
13531,5001
13,13882
17232,58
10100,8879
1353,8415
111,8433
11683,14272
14148,27
18986,289
10954,1396
17025,3971
14865,15991
132,63
5393,7514
1750,3972
123,13801
20901,94
15579,1674
12975,139
15136,18747
77,8685
3783,6677
18747,21050
108,14490
1674,4879
19860,83
4628,501
13559,2118
26,933
15361,659
15578,7979
18730,9777
15184,20518
5727,6795
15537,5735
10568,5515
18747,6422
14026,19817
4462,5010
14885,21478
13708,18747
18577,5225
18747,19670
112,472
131,6041
10485,14865
1371,26
7322,9627
17731,34
14567,4000
61,7264
125,20320
11252,142
26,9727
1160,15931
14567,2957
3532,6
12304,14272
13501,289
10568,9938
1487,77
123,16976
5280,9912
10534,94
19938,6
12222,16591
4211,72
13718,16979
17,3022
14874,17905
10246,16045
20931,26
17067,4151
5280,6798
3627,9793
13338,1615
14771,96
19162,19839
26,7183
14395,5860
20752,5449
503,8871
1928,7829
18505,19695
1513,22316
0,18
17503,18882
5217,83
10726,16590
12620,14567
0,10
10427,17137
131,18915
10131,7701
13149,16343
1,12519
17503,9181
1157,18828
15667,7397
12854,17807
19790,7643
16128,6279
7218,871
20242,7526
63,66
4221,54
10766,94
5393,8293
16146,16979
19728,2544
17351,17807
7270,7549
2004,479
1817,19993
13118,77
14409,7719
14449,61
110,19469
13506,5527
14567,154
123,1969
4028,83
14481,8916
12155,17503
11554,1513
15270,21654
11437,17503
16854,3654
12557,17220
108,1517
19738,26
18746,18930
19063,6523
13575,5735
131,5711
112,2982
14184,83
139,19781
12173,1353
2837,5280
131,3654
10042,18286
11079,14214
1226,20548
10328,289
10682,133
6410,6677
12162,692
19707,61
2118,3623
15856,3032
2118,8638
14567,1864
20171,2740
12222,17503
145,94
13324,9985
11040,8852
21224,8468
15377,9777
12910,19781
12222,6727
3972,6832
154,3456
112,18369
12155,13308
12162,20231
18828,9305
112,18363
112,18362
112,18366
18380,6677
12865,138
5280,8321
58,7908
16551,17503
11347,1396
18386,4749
6404,83
14865,16089
15537,18020
1309,61
18930,8789
21523,31
112,22117
19087,5331
22433,31
1106,31
0,14159
17164,26
122,19542
1179,4000
15535,30
131,17859
15535,34
12519,12557
112,6402
11835,5280
21437,3
14072,26
14701,20579
6340,6795
1,19532
13946,65
18747,7826
17737,83
2022,4163
150,20240
10428,26
21111,38
16543,40
20518,7562
1,16839
68,76
6157,9231
10568,16483
12392,16329
18591,6
1396,4613
11085,16926
111,18781
19710,26
15,4162
15,4163
18314,9175
5834,9291
2932,6730
0,6396
18345,2846
19988,5331
14865,22282
2557,58
19,20273
17007,5280
7719,8261
18166,18754
5,88
18314,20365
10568,339
11752,14567
12822,131
134,63
2260,8788
4588,7099
2118,7502
18604,20490
108,1416
15,7302
4663,7218
102,7658
26,3655
3,9595
1581,59
2,20190
15890,17807
14524,65
15299,2118
17807,19668
12621,1408
13075,7270
11752,4721
16423,6586
131,3406
15,15292
10,16496
2118,2365
131,3408
15896,16979
16554,20273
12965,3983
15856,9292
123,19895
10994,47
13,18368
21020,65
2185,652
14567,6241
14567,6242
4702,83
133,6411
19984,83
13,16783
19423,73
19,9610
17692,7330
17721,6
18445,297
6665,7188
11866,1525
17358,58
19058,2125
12057,1396
18828,5994
12153,6677
17503,21633
131,17516
1864,4321
58,6999
21111,5
14335,17316
17359,2118
14322,22378
18925,5010
15358,1987
1125,17503
77,9271
1126,18075
1,2963
1,7444
37,9777
16046,83
0,13830
26,4868
15332,2973
626,94
20145,7397
11354,14304
3450,9291
111,17866
12434,9777
15613,6
6678,9777
2118,5340
10727,47
692,9730
5527,8933
8196,83
12222,18020
20180,8309
136,7830
16055,22209
10568,7598
18575,2118
14537,77
15931,18246
20845,660
7439,9777
1353,956
1353,957
2005,83
14962,1705
20848,494
7652,8653
130,19104
10251,18747
17232,77
12947,20420
21998,7
11630,15434
0,223
17503,20859
14958,16229
15083,17503
11678,54
10345,12091
10345,12092
10345,12093
10345,12094
15361,5001
108,15704
20518,21369
17305,18797
13271,16535
17861,21897
15152,83
3,87
1,8851
11688,17763
7522,83
123,5860
112,9619
1,1125
18822,76
40,59
17503,2965
18707,8701
1532,18747
17945,8789
2762,77
12843,37
3453,517
14880,3971
12786,6665
131,13720
14272,6790
10568,14702
1371,14865
20609,77
10568,17503
10568,14851
17196,7652
17807,17975
17807,17977
6665,86
74,76
18992,8874
17356,6912
1374,65
11840,13518
10568,7919
26,7749
26,7741
17503,18815
12395,21654
18207,45
15361,16675
20231,6665
20009,20518
13468,18529
20025,83
15292,7
17785,3
11447,9437
18166,7841
15930,9479
14026,8852
5536,87
22102,938
12137,5527
16059,61
19,9570
29,76
10042,7509
1276,13858
5197,7397
12626,22368
13,14497
51,8216
11458,131
5042,5280
16352,51
131,14647
19352,8594
10351,19
12847,13696
11106,21726
1,20903
1,20902
37,7643
48,7548
11155,13319
1124,6340
130,3623
22368,2871
15695,20752
138,151
112,29
10,153
7183,9777
19,8225
2279,35
1513,16496
16979,2721
2118,3995
11915,5280
13575,5280
11247,86
40,8544
1,12531
10080,7514
131,7774
14253,17763
3037,94
14567,6560
1455,19
5078,77
11124,14009
10568,3448
19137,6017
3444,4570
11709,18314
14865,18134
18747,6860
632,6677
13039,6
2947,9777
11106,13379
16979,2185
13776,3983
16532,6677
102,18781
14567,2219
15856,7020
108,16372
142,29
14537,7230
10774,18747
16416,7
15003,61
15856,9824
16413,21138
2118,4775
19821,9777
13,16252
20285,21791
1,6906
16531,17
150,7173
3979,94
5280,8613
3971,7745
14304,17738
18747,8524
5280,8614
15704,3632
1593,6677
13607,6677
16535,18314
3333,65
15535,29
145,260
5170,71
12654,18314
17839,3800
12222,3217
2834,6452
21728,61
8852,9867
19990,6795
12498,131
17932,94
15136,9007
1084,7330
18364,8789
133,17063
112,6462
107,21063
11105,18314
324,64
133,16625
15856,21019
11752,3362
10645,83
14918,98
14479,6516
10568,17711
1353,13969
125,19751
108,21490
13,19993
111,9868
12621,6677
11530,16591
1399,7
14508,18747
10042,17570
19122,20524
4965,77
16591,19
1511,17503
19017,4077
18238,84
18730,2118
12322,17807
20660,6735
17252,21244
130,9281
10217,18747
100,4308
111,18760
5009,9008
108,17405
102,10568
130,4533
112,7068
18747,243
1215,17
12819,26
19,2018
26,8194
3,9821
22381,83
1875,21146
20093,4998
14783,26
16752,59
18774,9878
22207,47
1,3351
1514,83
13,4065
11752,14508
13393,17503
137,14395
10042,9083
18894,8743
1387,26
1958,739
10,7745
0,11106
131,13288
17859,297
13,9380
10568,19602
2260,8859
10246,12397
3971,6677
14217,9777
20899,94
0,12854
11642,22378
47,7436
15668,83
69,77
107,16800
19410,983
1875,83
21622,9291
12562,16979
10350,14567
8897,982
11124,15306
15490,16046
15128,15361
17395,8224
11106,27
10855,19
15408,660
15232,63
12006,5711
63,8288
20420,7745
17367,3654
14537,17367
110,17367
17503,21616
108,6219
131,3283
18004,7992
131,8224
18365,77
19399,21404
11554,63
2118,842
11554,61
17947,18746
17305,22333
112,3424
112,3423
17367,34
3453,9777
2065,6242
7436,871
11840,94
16128,8112
145,19710
16548,2516
14370,6691
581,7750
21938,7514
10568,148
16669,37
21138,4449
10183,494
18314,19512
20896,47
13294,2866
5667,8813
15842,20518
4727,9127
108,17182
1269,6665
10002,289
108,17187
4377,7082
21239,21371
15930,4015
15930,4014
10073,111
17859,7193
131,20329
2214,297
1705,20752
10866,17866
105,14490
1396,836
0,13506
15543,20190
38,999
2710,94
12865,14567
1928,2668
108,20845
17047,743
3,61
10568,13150
157,8514
19104,94
40,77
12701,4340
15306,19063
10256,9777
3955,7018
14567,3253
297,5019
15361,7241
19,44
15535,8075
14013,5331
20190,414
153,65
6174,6665
122,5341
16151,9235
7813,9791
4640,94
11423,83
17731,77
18187,57
1126,6340
20752,21598
15327,7053
54,7816
15244,19104
5295,65
2811,48
108,14984
10568,18496
17746,3
20014,59
16142,6560
16059,6665
127,18314
22368,4021
10,4232
123,6274
5050,8590
108,438
21564,98
133,52
4174,9384
108,14186
20877,6157
15520,16426
108,7658
22421,9985
7443,7444
83,8448
14984,3453
20744,3971
133,19980
10568,18125
131,17731
73,7444
10162,14272
11485,26
19512,77
1253,47
17,4487
40,98
111,275
131,15398
16386,9200
7548,9777
15535,16046
13892,20752
19806,20813
12479,14865
15965,94
22102,8829
22102,8828
1525,8383
112,16676
6082,6157
16801,20518
14272,15434
12406,70
12209,17
133,2676
10736,133
29,51
20195,7168
11187,14252
13617,58
16150,3800
3484,6795
21087,47
1,13420
15351,18747
13989,17503
112,20464
13,21362
10568,11448
14096,96
16979,4620
1009,16866
131,18629
19412,47
17503,9142
12745,5
2201,7436
153,4799
12321,17807
111,11826
17491,19859
112,4813
4557,54
19744,8789
18166,19017
3529,8789
20904,2693
17503,7470
10568,3465
141,20495
7163,83
12222,5001
112,2947
37,6574
2184,22368
14212,16496
11388,15856
26,493
26,492
17516,9777
1,21630
21930,58
21469,65
10967,15645
6731,8622
110,1394
7444,8408
1513,15827
16541,6677
11301,2516
17339,17367
22368,3107
130,2118
14797,61
10568,11030
16254,86
17653,61
1124,17503
15280,7391
132,999
131,8693
15244,20420
19755,22368
15537,19004
12226,18345
21396,54
132,6677
13313,18356
1765,4628
16854,1928
12,7830
14567,6800
154,4372
17454,18314
11539,6500
15420,6795
18609,26
1533,6789
20518,3289
13,17571
16535,17305
16864,58
11713,20420
131,15805
15136,41
19860,20190
112,1942
112,1941
8878,8879
130,86
14865,19249
14865,19248
17861,9082
11085,77
7875,83
11764,26
135,45
2069,83
17503,3090
19526,7397
4065,58
12685,19122
15535,77
112,1491
17650,6122
2118,2931
10524,18166
2478,8879
6421,76
10568,6143
0,3
0,1
40,7245
40,7241
14567,8524
131,16769
112,12910
13531,19058
15481,47
14891,18166
12853,17503
10042,17807
11877,19134
17367,7894
17367,7892
8099,8813
100,132
11240,94
3972,77
21362,58
12964,19063
5331,7322
16935,9582
11187,16340
1,17393
3298,999
1,17396
8288,8514
107,1201
17807,6938
19710,65
16979,20141
110,17998
138,21021
30,55
22316,58
144,9821
11596,5280
19122,3560
10568,13362
30,58
14334,16979
2853,7979
3102,44
20989,83
14865,16952
63,999
10568,18711
12833,20860
14272,18380
108,7842
5060,7701
12020,14272
108,7841
13558,2118
1353,19172
112,17374
108,11749
10437,83
9095,9821
14227,3244
10350,84
19,21490
10345,1883
10568,9502
5727,58
10568,22349
1158,22206
112,2991
15361,18318
14183,18747
13,17818
12277,139
10568,5331
15856,4986
20518,8579
18166,2516
6,93
14674,3190
10568,14013
12153,8813
11901,6380
12903,94
20202,3191
11187,43
12153,6410
10994,86
11088,22368
17912,8
20145,83
108,5225
5350,61
2637,3453
14184,8
4628,6795
18731,6665
12144,12153
130,7514
10495,12236
11798,20420
5343,84
13435,15361
13989,16046
122,142
131,19728
131,17564
0,3325
83,9783
14524,26
20472,5280
18604,3443
17047,18944
15991,18747
12519,14865
13611,14567
3989,6
4518,83
13506,9963
1408,14567
4519,5280
1124,6795
12466,17305
17232,17763
14227,9675
26,4198
20515,6126
8685,9567
13472,17305
13396,7979
17305,8131
102,135
131,676
18761,3
10042,17447
16238,21633
17667,6791
10568,3090
15797,18754
11630,20247
4797,9857
14026,9022
16553,18
131,9150
77,8544
0,9115
10568,3320
19465,83
17067,31
21469,5280
138,18906
10568,11193
20329,4878
12519,1705
11752,22269
1834,18747
10727,12162
20860,21055
18609,8902
14272,20548
2044,22368
15965,19104
18539,18828
11085,17818
12559,8789
12509,51
15709,6721
19,27
10233,10568
1,154
18020,22421
12222,13308
17367,19790
142,9488
12843,1396
11187,16283
13539,9777
5010,7168
18774,18845
21738,6677
18588,9777
22378,4523
10328,19308
2201,2932
3,48
10210,83
20014,77
19726,7652
18166,21182
108,18749
14449,9777
7330,974
16309,5280
14097,77
22368,4043
22050,2516
10898,13088
17503,4699
1928,20190
11752,21400
17262,17807
11100,8545
17989,20085
1786,83
13691,14567
16025,72
13,1597
2274,47
11901,4844
11901,4845
12509,21019
10939,17503
11018,22378
77,9999
3465,7912
7330,978
1394,77
1068,9479
1166,20845
112,12076
112,12075
112,12074
17503,6129
630,7444
10015,3358
112,12078
19789,6157
4067,6818
3971,5280
12750,8468
47,4844
47,4845
12863,83
17,20176
18747,5215
10677,133
12847,13654
10217,2965
17604,18747
11642,54
1667,26
2118,6
19535,48
3894,63
15601,77
21117,77
19821,3
17305,7075
10155,18609
14567,19352
123,7929
123,7923
10495,18371
17667,96
138,8527
2932,9730
65,8658
1884,94
3791,3813
148,3
15537,22378
10042,12847
102,86
20845,2818
133,18657
19873,77
14098,84
11587,1371
11901,6735
10042,15420
12660,18609
21908,31
12222,20752
17721,22415
12865,6814
19122,22337
14272,15087
18484,48
140,3
136,9037
20294,3143
518,7572
15540,16046
47,9677
2118,5177
14799,8789
13549,20518
20900,8701
15492,2118
3177,6677
7652,8194
1254,17785
131,1988
63,9290
14465,77
14396,5280
17738,83
1705,58
11910,7397
1770,4628
14217,9170
7455,9777
10881,2939
16741,87
11674,9920
8915,9412
1705,5735
15856,17454
17500,5280
1880,94
138,17721
1,14676
21148,61
1,11002
14272,3282
112,1928
15748,22265
16979,3891
20365,6791
15136,65
11085,58
19853,83
16423,2743
19790,61
3372,6677
131,15929
14567,16783
21148,6
20673,47
13531,17503
3,6088
745,7701
11117,15856
3,6081
183,63
1987,21761
17503,9861
3,3303
6,6081
10679,133
19847,20845
4372,9014
13217,148
8109,86
1656,17861
11841,16541
11772,17367
7266,8789
11554,5264
16496,7292
19316,3800
1,3844
10498,123
15536,17807
133,19352
14997,20752
16800,77
3362,6
13671,18575
268,83
19710,40
19710,41
138,21001
6800,77
1773,20201
65,9266
15227,6
15748,17818
12420,15856
12703,7701
4447,94
12829,1928
1583,26
14567,22291
6885,94
17305,4481
26,6999
19,8
4918,77
10568,1477
16927,4787
0,2831
15405,2118
16426,18166
16929,98
6795,7470
15136,1928
17935,5641
11354,17503
11416,3083
2878,5408
14865,20752
10003,14865
6,6221
14160,77
2765,5280
6445,6735
18345,18881
15940,29
15131,54
13791,6241
1517,9777
108,13232
10392,15101
6665,7436
2538,5280
14272,5508
14272,5509
1,48
10726,18314
17503,18289
16590,17503
2260,7
17951,18746
2201,6730
123,17305
15537,17503
10568,4680
19,9673
17692,7397
108,665
1,41
18314,6665
1126,1276
1126,7979
1009,21592
11338,70
18609,983
19424,73
112,12535
10568,2920
21143,6665
10568,2928
13,17763
11647,7303
131,3939
13673,66
11587,26
138,8995
162,65
17367,71
18034,5264
8514,9437
15244,5280
12528,26
17617,6221
47,6380
1877,5280
10568,20236
131,698
133,5566
19790,7245
110,12
14865,6596
10568,7932
14865,991
15856,779
8254,83
5641,61
10301,22368
112,7070
21146,586
11972,77
14250,20232
18121,20515
58,9007
11423,1882
6828,94
14865,15914
1009,145
13858,83
12423,8597
17765,19358
1511,20752
13506,139
14026,4039
14567,4001
13217,17503
13715,18749
16188,2118
117,5
14674,9265
10726,15361
12273,17503
639,86
7908,8194
13,2557
17785,9304
12352,19
1705,8685
6242,9730
112,17052
12740,19122
10568,14768
5,6677
19,2932
14567,2065
13317,20221
1068,3
21005,7745
14272,7429
13109,7979
16703,20518
153,26
2598,5280
18187,94
11267,18747
13574,20845
1513,17120
10183,8874
14272,6081
16046,489
15199,54
15306,5170
5280,8023
2544,9304
6820,9777
12461,26
131,6514
16022,26
122,6462
13,20930
21552,9777
18985,8
20750,22368
19087,20093
10534,13
18781,3484
12974,1559
15011,18314
10650,6677
122,15953
13,14717
13294,19083
1398,7
111,22117
10639,18166
6677,747
111,4348
18538,26
1256,65
18314,5372
19122,8361
13,1570
0,10623
16492,26
130,18225
11440,17000
19,20190
11267,14865
5641,6157
14272,9777
17488,54
1057,14567
17619,18587
13156,3983
11554,6814
15383,18314
13418,4628
18587,22421
18453,5280
3743,5530
16436,2698
19946,19947
21117,6832
20589,8931
16783,83
19309,6791
4961,61
3654,65
3907,47
112,7850
13420,13949
3988,54
16046,7908
108,4348
16635,6309
0,18760
18166,21304
16046,7907
14567,21371
14567,21370
13440,17807
11752,18744
11752,18747
2296,65
1928,22246
21342,83
14272,15710
11710,18314
13518,94
133,18676
131,13853
483,77
10183,10715
11266,14865
21352,5331
1200,94
122,27
131,7067
112,9826
12082,94
26,3487
12933,297
18747,5583
15361,19744
10043,94
4368,94
17503,6818
11420,18340
3200,6242
3836,5475
15011,17305
11699,16423
3744,990
1513,5641
4162,8915
10568,14224
112,2900
14885,20638
11004,17503
14339,84
14567,20171
17,3972
1705,20897
16164,2260
12535,13
19728,2018
11193,20910
19358,20828
136,65
22368,9423
5640,77
5170,77
2668,58
1000,999
10146,83
142,2063
13823,26
11936,7
5067,5264
8915,9388
8576,9908
15914,3571
1,6968
108,17805
18742,7979
14567,21510
15940,9777
15013,18429
7701,9627
1526,17503
22378,9777
15695,17503
16854,26
20790,5280
14865,15277
142,18781
17899,63
11085,34
18747,6805
59,71
246,2811
59,77
16265,7
13,9916
19790,40
11193,13217
17565,21634
112,2018
10568,8685
58,7183
11438,83
18385,83
1,15306
1416,65
1416,63
11619,47
14865,16509
108,15660
19308,9777
11906,14865
12168,6268
15853,4628
16046,4111
123,9062
17,594
17,595
129,8879
17436,17503
5280,687
5280,681
26,9083
1,11688
131,20001
20516,7474
5227,6028
151,1882
13962,61
13293,8762
1230,2254
22100,4781
12965,19695
1,3823
108,2818
108,15408
15269,2939
22282,6
16940,6157
108,19154
101,9437
14197,14567
6,96
5782,7292
131,6656
1,586
3298,8879
15856,4238
13052,4628
19859,9777
3417,6820
18166,337
8857,9627
54,9821
4787,6677
107,110
15490,94
12981,3456
17305,1944
18747,7643
10944,6
1855,9148
19839,26
10568,11674
112,17339
13476,18747
6795,7492
489,6795
10345,22271
142,21726
11741,77
16046,19352
10328,13501
54,7646
18916,5280
15514,20464
10568,18862
15689,86
16940,7397
17508,2118
1514,991
21244,21457
108,862
10568,21654
12563,595
19993,6404
10568,21653
13739,5751
20762,7397
0,13
14272,8383
1,2061
10568,883
13181,17060
12222,16729
19,5527
14865,17807
18378,8789
17503,5735
13949,5010
6802,7397
16854,7183
12280,20190
11934,18314
105,2811
1119,16551
14872,73
13,41
135,20977
17471,1988
11106,84
11752,17807
16046,19975
17785,73
19122,800
1875,7749
20464,5729
8789,9507
108,5488
799,8468
21930,5295
2018,3530
18747,2260
131,13997
5375,5958
21919,6677
18,21148
14084,19884
17305,3638
14026,7582
4628,9600
12660,94
13,17707
139,5536
15342,9857
14567,14679
10042,15695
11440,14567
18461,31
122,15950
131,324
136,5225
17367,51
18758,3
15856,6896
125,14358
125,14359
18252,8658
125,14357
17,9736
2608,63
2846,8514
13715,15827
16142,44
123,7421
14567,21146
11348,15856
6172,7397
5264,8503
10410,18166
324,6677
16046,17604
15158,20518
10351,15306
17367,2018
14479,9627
131,3777
10773,3641
14865,15642
20518,7827
2762,5280
40,4846
14272,16482
17196,8448
4717,6730
2004,7522
15011,40
14567,2598
