18166,9281
13731,22368
12207,131
11339,18747
1,6
20917,4183
2118,8576
123,16469
10183,2115
17232,65
21789,7701
16979,7637
14567,16511
45,76
17503,7774
2428,26
3056,77
15456,8198
11339,11752
11189,131
125,21587
125,21586
2247,77
108,15659
6308,94
12,131
17204,17503
17305,20344
142,17084
37,8255
5217,5314
6404,6560
11304,17503
37,52
7330,83
10568,13007
10107,54
4176,6791
18121,6479
13,15011
6912,77
13,5001
131,14071
6,9278
1971,54
131,1336
108,13232
14183,18747
108,17491
108,7727
1042,54
13,154
297,9382
4885,63
17305,21368
13654,8194
13328,94
108,6885
19668,19669
18166,5926
5276,94
17503,9931
15843,17204
2586,3
11635,83
17899,6846
154,22415
15268,3633
18166,8672
76,8216
8931,9730
11193,15537
10145,2041
18560,54
10350,77
1,6504
131,6006
16238,5060
14865,16952
154,19
14865,2569
19996,63
5018,5225
2015,83
19828,6741
11752,12519
77,9007
12325,17807
21563,7
19710,94
18909,94
15360,15361
131,18468
14545,6
131,15466
16590,17503
20860,3063
12847,58
12559,17807
12952,16046
133,5566
130,20518
14227,20016
58,8685
17902,22368
15361,17785
18121,4388
108,8263
2004,479
112,4813
11187,17
123,9852
16436,18314
16469,2118
21974,6795
26,3176
1980,31
15232,22378
14272,4080
1455,19
111,18595
138,8995
1928,26
131,7447
21974,4628
10568,5589
1170,12418
13,58
13,59
16241,8789
5225,8224
3,9095
12222,19104
110,3654
123,4545
17801,26
17119,6795
20518,5130
131,2018
131,3016
12983,1396
11339,2260
136,17564
108,11749
18489,19205
125,1396
1,12553
13292,13575
19122,3655
1705,8408
19122,22178
12155,1705
12409,17866
10966,15645
108,13014
12911,1481
17894,18314
17866,77
1662,3189
15327,34
12155,13394
324,6402
8514,9437
13,16489
10996,6
17894,2118
22349,5331
4140,7015
14272,51
1,12952
112,40
112,41
16906,26
15704,3632
20148,9777
16046,58
6677,8288
1,29
21208,9777
18870,9751
20190,414
601,71
19744,659
859,9581
123,2476
15494,6
444,6
10,1408
16729,20518
17828,20121
17787,6
14227,22179
10159,12162
12678,18565
132,9437
94,9449
13,3369
10345,1883
13,6207
6574,83
20495,22013
123,3623
14783,8874
15856,7514
22029,2878
15744,8762
13,17516
18971,4818
1160,18246
21005,6677
142,18760
351,7572
1352,15758
18166,19094
16783,3671
324,5
14865,18604
112,7226
112,18588
20518,3179
4067,6
0,14806
20812,5280
13,7266
4764,63
110,136
20898,94
2965,83
10350,154
13858,7330
10,26
1,1029
19267,6241
1485,84
77,9105
20754,7514
12469,126
154,19710
65,8957
1,18965
2493,4449
7733,83
108,21896
19478,26
26,8874
108,21895
123,91
1,189
7639,9791
18314,20862
122,4150
13014,7727
12697,65
19,20568
16866,65
16854,3654
1272,9777
17351,83
18747,3362
1525,7443
15517,18915
1525,7444
10568,12222
19146,94
17807,6261
19175,5010
2118,9963
17503,6548
12222,18587
16518,26
21138,2493
111,2813
1,11770
14860,6665
13,77
12154,86
131,5654
110,5782
112,19451
14159,27
108,15358
22368,6060
16496,65
19,21362
10513,112
10568,13308
13071,70
19084,6345
7436,871
6,9595
17047,933
26,94
13,6730
107,131
14567,18604
698,86
6765,8361
18166,9674
15856,779
108,19086
14567,17637
18166,9675
13593,21322
20660,47
17170,6727
21237,22421
3306,5527
10568,1127
12479,6549
10568,10781
10257,17663
12222,8023
18664,8789
1559,7912
18747,9442
17305,7245
3791,6560
4198,65
176,47
10991,1864
17990,7514
15306,96
15306,94
123,12407
10568,5001
12073,77
12732,136
12291,76
17305,410
17807,20155
13714,3
4000,6241
1674,5567
11543,2118
19122,2042
14865,3362
15306,18747
16979,8230
11437,18166
6730,9730
13980,5280
20518,68
16489,77
18747,22034
14351,18701
16046,2811
123,979
112,3453
17305,7624
131,15259
1755,7
1126,83
18539,779
123,13046
15856,4818
18538,21880
247,6242
20420,9437
13,65
108,12985
22368,6073
7444,94
10991,18747
10966,20791
20793,4388
11905,14865
4845,7549
5782,6677
11710,18314
18314,18962
17565,26
2118,3306
10568,13463
112,13805
15517,6912
21971,3667
1928,9083
108,18663
10568,13468
1255,13643
19308,73
5808,7841
20660,22206
0,68
1399,7
13858,83
8110,86
1,12545
1,16046
13,17721
17321,54
10568,12820
18489,5527
11187,19103
18246,61
18166,6072
59,7830
15358,1987
12519,20190
13823,26
6795,8789
3113,77
6727,743
14272,67
18106,6677
6665,896
141,8879
14640,26
112,51
131,7452
17305,3504
17503,471
47,7270
58,65
2379,5909
1019,142
15856,6438
1019,13593
10042,1928
20196,3803
297,3654
58,6970
110,13
108,20979
13186,63
17367,9777
20904,77
5223,8790
10651,8879
12819,5280
14190,3773
17503,4067
13949,14560
19291,9777
17182,4651
18609,4749
14012,14865
3693,5510
10223,18314
20518,20855
131,3998
1,7643
11418,6795
11520,84
21746,6
18166,9535
18747,8829
12202,17503
15632,77
1705,489
1502,2118
112,7141
1928,8194
19122,6765
19087,22349
5331,7573
1126,9419
140,37
10,19
321,6
14227,250
14567,21015
1750,77
15537,1705
19821,3
13,15639
112,15523
11764,15136
16927,6677
19799,8799
17503,20098
4340,76
1353,17223
18796,94
13,26
19958,2118
12222,17047
14160,9777
0,21904
16414,21138
1,8
12519,18747
21111,6677
131,1597
13162,6002
1,20750
2118,3623
13989,16046
17988,7582
16382,22368
17305,8247
14654,20537
147,54
11246,9627
17807,6259
112,14114
21385,2907
17503,20897
83,910
2118,9970
123,15991
77,9601
14537,6006
3654,3998
14351,22056
131,19205
17462,18747
1396,20266
5343,84
22415,6677
15609,17503
1132,2118
12829,8194
12222,17503
22303,7444
5,9437
15518,18166
14227,2333
15517,3568
17,8820
131,13567
11249,77
108,12247
2004,83
12361,19122
13269,15856
112,20203
1,9416
13506,18314
13716,8789
16575,17503
1689,54
14816,94
14865,16252
10295,1353
10350,13
13506,17305
108,913
1705,17503
15964,54
14654,31
34,9271
13,8928
5331,9627
12622,13
18314,4392
15643,18166
15327,9942
14567,9730
5782,65
7,8718
17,4973
10183,17801
14272,17785
131,15332
18747,19479
18609,4184
0,15986
14567,2932
20495,6677
14677,20518
17441,94
1096,131
6655,8007
11437,14865
15198,3972
18266,54
12006,5711
22323,77
138,2322
108,11620
10,16046
10568,12155
11687,9777
61,9908
19122,8988
20812,7745
21384,94
19540,6
47,9019
11877,834
18166,7622
18604,20190
131,15535
10495,18604
13022,6
153,7598
16100,54
21018,6677
1335,17395
13,71
17503,18587
131,3568
131,19790
14449,15930
18264,86
14304,83
5716,94
131,3565
1353,19477
127,76
14568,7701
20518,8405
94,980
2018,65
18539,22109
122,6081
0,74
0,76
17503,3484
14567,3973
21506,3627
112,2991
83,9265
1,14184
18911,4881
26,9857
47,619
153,5280
1497,48
112,3654
112,3309
1786,6157
1396,20263
13593,595
1096,110
11925,17503
131,2103
17503,18747
108,11840
2238,27
26,5834
13132,16046
15361,21222
63,999
6241,9455
1966,19860
10514,112
17617,61
15930,9777
2846,8288
14227,9675
131,18445
108,9395
11106,76
1068,3
15361,8503
14449,41
16551,17503
5331,5445
7245,77
13,19002
17316,20588
1591,21452
13,6885
10812,131
18539,20518
122,1530
19404,9777
16188,3
20988,488
17807,21239
3632,94
6404,83
14567,2544
15011,6912
10568,14409
15011,77
15011,71
21063,77
9437,999
12381,13500
10754,18604
14797,16046
2118,8544
2118,8015
13960,150
13591,6157
1,11085
123,4971
18587,6795
18166,8709
110,14009
15071,18747
12628,19122
16426,2859
40,41
10727,76
15537,5280
17564,9777
13317,16046
19272,9777
11877,16979
17503,20221
20420,20495
19,22013
131,5170
14567,5527
5140,7140
10568,7701
20518,779
6677,9779
131,71
142,8544
15011,2118
131,77
13574,20845
0,19527
5267,8468
123,2118
1654,17861
17305,8131
13616,6157
14508,14865
139,8518
110,19469
11945,123
20023,9777
10665,8589
12162,7772
19851,83
22378,7554
14674,9741
18895,5510
16116,19477
10568,22209
131,6656
1,11423
1525,94
18403,20805
22056,47
5280,8890
16743,18147
11085,16046
13614,63
17164,26
8813,9437
10350,17305
5672,94
10568,15465
18353,19702
5280,7745
10568,339
108,15572
111,275
131,1581
18730,7549
10568,1527
20754,779
145,21244
10568,6727
123,7502
15535,17503
22368,25
17216,8265
0,11106
26,58
10042,4795
20518,20632
131,20774
136,2557
13151,94
21478,6665
17339,9777
14839,77
122,22095
54,7683
3310,94
1007,22323
18314,9281
10568,1705
14188,22368
13506,37
16188,54
18020,466
112,15930
4528,7
13,17763
15880,18314
15517,15759
19566,2118
108,13299
107,3998
10350,7671
11304,20897
10568,30
1581,77
13,1614
17503,22011
18895,5280
11770,1864
16996,6
18,2119
5458,9014
131,14696
10534,9777
18663,68
131,6514
20518,4794
1513,16496
1928,58
17454,6665
131,14322
18261,86
14488,14567
10848,5680
21556,72
1705,7701
26,3125
10568,18424
21437,3
112,14413
14773,86
134,9437
10568,594
68,7245
14771,86
10568,5735
10568,5734
18314,18940
17298,26
18314,9635
18747,4431
1396,1588
13593,17084
108,3016
12479,6795
18747,2957
18663,9788
22104,22368
16511,17000
153,7292
20518,5131
110,12990
112,4846
2118,5070
17866,6
13673,7745
12756,6665
14851,5331
15011,19728
11438,16046
16866,2018
10568,933
154,2260
14272,4340
14860,86
2878,31
1928,2668
19602,20726
1,17866
1096,19469
14567,21362
0,6081
11677,54
18781,37
25,26
14567,8353
1594,22368
17503,4239
14567,6730
8833,94
13271,18314
3453,5177
21281,6
14250,19205
10568,19004
17300,18166
17564,7632
122,19821
11781,1864
1971,5530
13575,1705
19175,6332
20284,8789
18233,84
107,15517
1714,6665
16116,2118
0,4719
17066,19510
14865,3571
12564,14567
1126,6791
5527,6242
1007,77
12611,8789
4628,7701
13506,14567
16046,8789
17763,77
10568,1483
14059,4628
17196,8448
16046,16591
16783,9777
11799,6677
5073,77
1065,9777
18505,47
18314,21208
140,54
19755,22368
16418,20285
1398,15212
20518,4142
10183,9367
10,5280
16703,31
112,2992
131,4368
19104,5280
10568,2834
10183,859
20944,47
14908,4940
15856,3447
15814,5280
14819,26
10568,15695
11520,138
17305,3857
11520,135
17503,8755
1162,17
131,20969
108,15964
14026,7841
1352,15320
17047,6516
13308,17503
6404,6700
324,4211
6677,8015
19122,6898
16590,83
16590,82
2823,8194
10568,20988
1233,54
10622,7
77,8544
10100,8879
10967,5280
15732,4038
16834,8762
10568,7719
16025,72
19781,8518
14148,27
31,8212
19512,77
11824,83
11877,21451
123,13801
11108,133
13,17232
13100,19122
11874,9111
55,73
55,70
12280,2061
108,14490
1705,19104
1674,4879
19860,83
12911,2260
6677,6741
22465,94
15361,659
109,15
5727,6795
3351,58
3,4846
16851,31
131,6912
18747,6422
20518,7317
13708,18747
112,6343
1583,16854
19122,4310
14748,58
26,65
103,77
108,7245
16979,20201
12006,131
13,131
13,136
13,137
13984,6677
18747,527
1864,9945
5294,65
19304,20229
138,18906
14567,4001
14567,4000
11920,18166
125,20320
22378,4786
14184,2061
1786,8220
142,21322
12519,8789
12703,22172
11252,142
13,15136
18424,5331
1581,64
0,10623
10568,9938
11319,7397
112,21976
10350,59
123,16976
19,20190
1182,14865
21230,76
20668,86
16210,7649
112,12701
1451,7514
2249,77
1864,21371
10568,5120
15931,18246
14874,17905
10246,16045
20931,26
131,15517
177,47
14371,14567
13453,16046
3627,9793
16703,16850
13338,1615
10345,6665
10568,5257
11124,7245
10350,17866
26,7183
10568,13453
11437,18604
20883,5331
18166,18746
15823,18166
17503,19637
1928,7829
10568,9627
18747,5292
19990,6795
1534,47
0,18
14712,20518
5217,83
10726,16590
0,10
21620,975
131,18915
1,12519
107,297
21186,22206
10568,9159
7181,83
2022,4163
5331,9362
123,18730
17765,20778
10568,11374
16239,8789
11770,17807
12015,55
16128,6279
11171,20518
142,7802
9852,99
20242,7526
108,8918
1170,83
10568,9716
148,73
6820,94
3311,8468
58,6643
4376,7701
11046,3
1237,1276
12673,14272
20752,4628
17807,6504
8475,8762
13506,2118
7270,7549
10350,9105
10727,20231
0,17543
13512,18314
14662,17807
17998,2118
14409,7719
1371,7883
13506,5527
10936,20518
123,1969
4028,83
131,8224
16016,77
10568,3484
16369,86
12155,17503
1121,15
122,3
15158,20518
15270,21654
1705,22421
4628,8508
14272,17367
112,14396
16188,17305
1479,86
3972,84
2119,83
108,1517
1138,18604
10004,22368
19738,26
1614,17807
61,96
1398,5040
19327,22368
14304,17503
131,5711
16046,91
1705,7444
1481,59
112,2982
139,19781
12173,1353
86,9472
1179,6241
131,3654
12146,7
12911,59
130,13506
10568,20910
10804,77
3743,5530
13540,86
1875,6885
12511,31
2213,77
18747,21845
3298,8514
11079,14214
17077,488
10328,289
10568,7018
10568,130
12162,692
10568,7017
3654,5782
18166,18355
2118,8638
14567,1864
16872,18747
12144,21738
5280,5917
145,94
20896,22206
13854,18314
22349,4998
14560,19316
8685,94
1353,18314
10727,18314
112,18363
37,4877
1068,112
21721,3
5280,8321
11106,6
16318,94
18235,84
1705,4628
112,1297
10568,6835
10568,6833
63,6677
14865,16089
6730,8931
14009,77
16979,8363
103,6402
16046,21146
6791,83
16046,16172
10015,83
112,22117
19087,5331
22433,31
1106,31
0,14159
11562,18747
1335,297
17503,4628
1179,4000
14362,9777
12703,16238
11447,324
16475,8040
112,6402
11835,5280
14567,8859
18131,5280
22420,73
20673,9730
14701,20579
8701,94
6665,8072
3907,47
77,81
6472,96
112,12434
5,8288
1396,9777
18314,7511
68,90
18166,474
14567,7436
16046,6795
16046,6970
18587,20897
2567,58
20518,7562
14184,16046
15535,17367
13531,1705
10568,827
11921,18166
174,94
18591,6
1396,4613
111,18781
16046,8
1864,2201
19175,7749
15,4163
133,86
14253,77
12073,131
15081,16046
17305,4576
11875,16979
1126,7330
3177,5280
12801,19122
5,63
11348,27
5834,9291
14200,94
17170,77
22206,47
12655,779
11711,18314
2557,58
8872,94
7719,8261
154,22112
11272,11680
22255,8058
11752,14567
10568,10605
11680,19205
16669,37
2118,7502
6095,7745
15507,17066
108,594
10338,16046
15642,17503
26,3655
3,9595
7245,9777
2,20190
26,6820
16866,5280
10568,9362
19602,5331
17807,19668
12397,16045
22283,4185
13227,1396
151,19104
16046,17119
1,58
19122,3595
10568,489
13465,15504
58,6346
9479,9777
20897,6795
10,16496
16426,17271
2118,2365
10042,21026
3585,94
5577,94
16046,20750
10651,6677
16398,488
15214,77
17785,94
123,13671
14567,6241
14567,6242
93,96
133,6411
148,18
13560,2118
17667,61
10568,5050
1055,150
1,2811
13,1928
6665,7188
21384,7319
17340,83
15361,2965
19058,2125
131,297
22368,6091
22109,4238
17267,6
65,94
13,14009
15169,84
10549,14567
12490,72
17503,21633
17503,9535
1597,77
16729,779
108,73
18747,8862
41,9777
6665,9091
18445,297
18166,823
131,17066
16808,18314
14625,18747
77,9271
13365,15361
108,17182
151,37
131,5709
11128,112
12625,83
1,2963
13,145
10543,58
1525,9008
0,13830
17807,4142
15517,22080
15748,7
18538,493
111,17866
86,9281
111,6927
15930,4015
10042,26
1931,7514
6678,9777
16046,743
10727,47
323,6
108,12666
20180,8309
21239,83
108,12660
10568,3217
14567,8931
19477,77
18575,2118
17077,8762
14537,77
12373,1396
5177,6
14537,7245
1371,17503
19087,4998
112,7439
2811,81
15704,8833
17989,18166
16046,18664
15361,709
34,77
14227,19308
12947,20420
21998,7
11630,15434
21592,94
14588,18747
12552,77
10994,47
10345,12091
146,31
13886,16238
108,112
7169,8259
20518,21369
11249,65
12202,6795
13271,16535
1396,14639
17861,21897
15327,20969
1,711
130,4238
15152,83
10568,6516
7397,9265
14745,65
15,15292
11688,17763
6795,9938
20190,58
11764,58
18822,76
22206,9582
17503,2965
297,77
15433,18314
21752,47
10373,3971
17807,22397
12843,37
3453,517
12162,47
16866,94
123,20083
15732,4781
14865,19479
5010,6547
20518,7378
10568,17503
15818,16553
1823,6677
10568,14851
17196,7652
14304,19860
17807,17975
17807,17977
6665,86
13252,17
1533,83
17356,6912
77,94
12611,16680
1966,83
14771,6665
13623,1875
14958,16046
18747,781
108,3047
19304,6157
20580,21745
1705,18748
1928,5681
16188,18314
18207,45
15361,16675
5863,6596
22378,6677
18747,8789
18314,1969
14272,297
65,743
14727,5280
131,19423
10568,14224
17,20877
20,6654
2497,86
6002,83
19824,77
2274,47
11447,9437
17721,6
1098,54
18166,7841
10353,14865
22109,7514
18754,20518
3869,86
3667,94
14696,297
22102,938
19122,20207
12137,5527
20845,660
77,810
10568,5502
123,99
5553,58
17359,3
12964,87
3323,84
13,14253
131,17356
12626,22368
3266,77
20098,6795
12153,77
13,14497
11680,7
15259,8657
5042,5280
108,13468
10568,4879
2118,22117
16352,51
2709,94
17503,21608
11360,15361
17990,18166
4846,9777
125,19207
1791,19459
14272,3311
10568,5478
10336,86
37,7643
11221,8833
13,34
14026,6918
16597,1750
131,1352
18314,22339
1353,17905
22368,2871
10568,19031
12033,86
14322,8879
110,2018
15759,17395
1,2805
112,12076
13843,5217
123,130
16979,2721
5331,5489
11247,86
6279,8687
17503,19232
20420,8025
18018,6795
151,4162
15668,7397
21244,94
10350,6
65,8685
10568,20530
150,22392
13159,83
5078,77
15511,18166
18371,22368
11124,14009
2682,83
11529,126
17807,6265
19205,2557
131,136
11267,18747
16453,7701
1752,7
11709,18314
18166,251
15517,6514
10568,18587
17305,5399
17305,5398
15610,16046
11876,16979
10373,10781
17503,20910
11832,13332
14335,17316
4119,83
8107,86
1119,19104
16979,2185
472,9777
86,9597
16982,19
10568,153
3530,65
1159,47
110,19790
1655,7
2192,86
14567,2219
138,16857
15501,5010
22378,3298
17807,19670
3258,61
1231,6
108,68
20518,8900
14362,18747
11482,133
14243,18314
108,4749
22013,6560
15492,96
2118,4775
19821,9777
10,6677
13811,987
2118,9908
34,65
12,17367
1238,83
10007,9777
17305,18430
16531,17
13325,20813
13232,6727
14537,9777
3971,933
130,779
18730,47
154,7
11824,7397
6677,8684
54,5530
10345,3915
16535,18314
16731,94
19,19478
145,260
6173,7397
5640,77
3,73
14272,3803
10373,10568
6885,77
108,486
108,3453
4198,58
11193,5280
13,15128
12434,14490
0,4787
20495,5782
108,14537
18314,9175
18364,8789
154,19247
19,74
10568,17534
131,34
21243,22368
11187,12209
133,16625
14479,6516
10568,17711
14567,3744
11955,17807
15455,26
11963,7514
18166,440
14508,18747
122,5341
112,9777
6677,8879
1273,3298
19122,20524
20579,20812
1705,5001
16591,19
10183,14783
18,243
18238,84
12222,15537
10568,15537
3810,6677
11680,13
15306,18
19535,48
12322,17807
19122,4588
17252,21244
16769,21112
111,18760
108,17405
7443,94
12866,13
18166,20712
31,363
18747,22200
20931,77
15306,6
11680,22415
108,7319
22381,83
111,19423
21460,6677
1581,324
14783,26
108,7749
29,68
108,22283
47,9946
108,9565
5295,65
29,67
108,22289
14567,20673
108,18609
11752,14508
20536,289
14108,21971
15021,76
1705,2125
10042,9083
11901,47
13136,17305
17503,17657
18187,57
11901,4845
15736,17503
14449,15361
20518,5059
76,9
11934,2118
12629,7719
21514,77
2996,94
1068,15930
12962,22102
31,3627
10246,12397
3315,77
111,1272
14400,2493
3298,6677
11879,18524
15748,18403
69,77
139,91
20522,36
20176,72
15517,9514
1875,83
13,9271
11682,13957
3632,7169
12562,16979
11520,6665
10350,14567
18632,6677
1396,9443
4277,63
15490,16046
15128,15361
937,9891
121,86
123,1408
12991,5280
17395,8224
11642,17305
10568,5515
7488,8789
21773,94
3047,6006
63,8288
131,3064
20420,7745
17367,3654
14537,17367
11304,1705
21102,22368
110,17367
11874,54
17557,7397
19860,2965
131,3283
19,6560
108,3017
3549,37
18747,6574
10568,12629
10568,14479
14865,1514
11874,138
22368,6211
14227,17989
20518,2133
54,70
649,77
54,6462
18604,991
14560,17503
131,5729
14567,21239
17305,1969
10351,3
154,9014
112,3424
112,3423
1,14958
108,20845
22181,22368
13103,14490
10,22415
11840,94
16128,8112
12788,84
581,7750
5113,54
18020,83
122,8081
11929,26
131,7830
8259,94
0,14567
14567,2201
10387,17503
11752,16046
17807,19669
21138,4449
16046,9211
15535,17807
21208,29
125,16106
18314,19512
20896,47
13294,2866
54,7882
21111,7745
10991,59
11100,6677
12519,20752
1753,7
1431,14865
3693,5280
16541,18524
15930,4014
10073,111
10568,7598
18595,70
15492,83
16613,9777
13506,96
20190,6
18654,19891
13623,83
112,18350
17503,6795
0,13506
17807,2018
1,18804
15930,9479
17752,83
2710,94
19993,77
11923,18166
14865,6422
13500,31
10568,7371
12179,86
111,19001
2005,83
10727,142
20518,8803
17047,743
31,9815
17367,7245
142,779
17305,19064
3102,94
12701,4340
18587,489
10256,9777
3955,7018
10251,18747
14567,8862
7745,8514
297,5019
17305,21295
17534,488
108,16032
20518,2806
58,7829
131,26
12249,86
1,8279
14865,22271
6677,8878
22378,4340
4640,94
10781,7323
131,15327
11423,83
17731,77
14071,5020
12685,19122
17807,21146
11124,94
15327,7053
16612,20845
54,7816
57,9777
2811,48
15434,20247
18166,4433
11546,83
10568,211
14250,17564
131,13410
22102,8220
112,21939
10568,11719
16621,18314
6677,7635
6,6504
12519,17807
21222,83
123,3306
17503,6259
11418,9535
16059,6665
2118,7447
123,6274
6677,7638
21371,6242
10568,6793
2118,22266
1581,9777
18314,1896
16089,18747
6677,7634
6677,7636
15267,2118
15567,58
21384,9777
10568,6795
12167,19091
7443,7444
2568,3571
12479,6242
83,8448
16982,83
133,19980
17453,2115
13513,94
18760,84
11485,26
17047,3217
12975,2118
12470,126
16530,17
1253,47
2158,94
13435,77
14272,21685
21959,83
129,5280
21944,96
4705,5280
14683,9291
108,18293
6157,9265
2018,22378
123,13506
7548,9777
15535,16046
13615,6157
2118,8548
19806,20813
20084,7582
15965,94
15930,73
6677,9005
22102,8828
12865,72
76,86
14322,18445
17516,71
17503,9037
13201,138
14272,15434
108,15660
17516,77
12209,17
3298,8879
14567,14958
10409,20518
11841,20495
4964,77
11187,14252
18747,2308
14567,247
3484,6795
19268,47
16046,1736
14443,70
21087,47
1353,14941
1,13420
107,77
18958,2118
1360,3
10568,19058
112,17763
112,20464
17305,5405
15204,17592
17503,9142
2201,7436
153,4799
11918,18166
10785,1517
12037,18314
14490,8255
8150,94
19602,20447
137,15659
17785,6790
0,140
15,20813
18166,19017
10568,3465
16046,8679
141,20495
10727,7549
112,2947
15091,2118
12479,14567
10568,12897
13325,19806
17216,5408
26,493
17516,9777
1,15492
13420,17503
17503,8789
10967,15645
7444,8408
3627,5408
108,19744
16541,6677
21119,6833
130,2118
16045,16046
10568,11030
133,5555
11688,14567
17073,17305
1124,17503
20231,47
10568,779
122,3303
1,43
19389,3983
17503,5001
112,9619
15537,19004
6677,8514
18654,22053
17503,3971
13,6820
12,7830
110,12
8254,83
19058,94
12222,2125
17454,18314
112,15958
1371,6795
15288,61
0,29
13,17571
1608,47
16864,58
11137,18166
12403,17807
15136,41
112,1942
108,57
1,18803
14865,19249
11720,15537
112,7245
11085,77
131,21112
21362,8862
21461,6677
11841,8878
154,17866
3,54
12933,297
135,45
22378,5280
21948,83
13,13275
11752,154
4065,58
1256,1374
15535,77
65,6689
1170,3314
2118,2931
10524,18166
1399,4528
19,55
0,21620
1276,83
1166,13
134,5
0,3
1,140
0,1
1674,8261
1393,5280
131,16769
6402,65
26,7292
17503,18227
131,21063
4528,77
15481,47
14891,18166
12853,17503
1,6700
6,77
16704,18747
14865,17807
11689,15748
22100,4781
3972,77
53,76
15429,16046
19710,26
1955,7330
11187,16340
1,17393
26,9570
16046,6016
20518,8580
8288,8514
10568,11701
19710,65
12222,13531
12865,6677
1125,7652
108,18196
14814,5280
65,71
16982,77
144,9821
11841,6677
12503,8850
19122,3560
7134,8789
16783,17707
131,15011
1126,18747
19175,94
26,9172
12153,6410
26,4705
10568,18711
12833,20860
4701,6130
6,6404
4372,8295
5060,7701
17503,7883
108,7841
5280,9832
18540,20518
2811,3901
18938,2118
15869,9627
16046,2963
14272,22378
9095,9821
12057,54
10350,84
21360,6677
3257,54
20121,77
18747,4927
15,151
15537,6833
131,9514
2118,22475
10568,22349
15,16553
111,265
17564,18915
1158,22206
16046,21094
14865,17150
20790,5280
154,17517
6279,8588
108,1166
10568,5331
15216,20
154,17518
74,76
10991,16436
20128,2557
18166,2516
10627,18
6,891
11689,7
2921,8589
21244,8040
20420,6677
11187,43
21385,9777
18781,54
10994,86
11088,22368
17441,5276
10568,4628
14026,4781
131,16866
14567,19348
15945,2118
16952,18166
17426,7067
17305,9062
12406,70
11799,20420
18731,6665
13957,15856
22368,8745
131,17428
20201,834
17047,2125
13,9037
122,142
135,7802
131,17564
58,9570
102,17185
16496,2018
0,3325
83,9783
19,7942
20472,5280
16426,3179
0,130
17367,5225
15965,65
12519,14865
1049,15332
15209,84
10568,20897
21220,7181
12635,18314
13506,9963
15358,486
10568,1461
4519,5280
1124,6795
17232,17763
54,56
82,83
131,4100
10213,125
19993,65
17305,3856
15361,3589
10495,17503
10568,3448
10568,20093
2711,94
26,7741
131,676
18761,3
107,110
10257,125
10568,1674
12168,94
14567,871
16238,21633
12395,21654
17667,6791
131,17395
10568,3090
16815,2218
2260,77
17807,6938
17565,18747
10079,111
15494,27
14252,17
11124,58
70,9095
17975,20752
12563,595
10526,131
112,15940
18747,7643
16553,18
20,20527
27,61
12,77
19212,990
12407,6081
18314,3789
13,17564
21469,5280
6391,8194
65,9271
112,16783
15136,58
59,9630
10568,11193
5280,5834
1502,21143
3177,8879
11680,131
2260,59
18760,3
14396,5280
18747,21239
17807,2428
22013,6404
16194,5331
7979,8789
20812,9999
20860,21055
11125,3846
5280,9627
18166,8226
53,86
4818,6510
11684,14397
5077,77
131,6402
14097,77
16164,18747
18730,6665
18314,3306
19,27
11249,94
2118,3972
12222,13308
21076,6665
10183,18538
22309,86
11187,16283
6402,77
20298,26
1064,19248
18075,83
21311,59
13365,27
14436,22368
21738,6677
1353,9539
18588,9777
14468,8576
1396,7741
17564,19790
17905,9156
3972,61
18166,22179
2193,86
48,4846
3,48
57,94
31,5803
20014,77
13427,13957
13739,17765
18166,21182
18747,19763
13,22249
15965,26
14449,9777
131,19469
2040,8620
16309,5280
16933,22368
5210,94
16046,17807
11901,6380
108,18187
17503,20752
108,17696
131,14539
11223,125
14865,15071
17557,83
1928,20190
16535,17305
13691,14567
14865,17565
1,17503
17807,8021
12321,17807
14222,14227
112,17367
10568,20518
12,810
19770,7
7652,83
17405,68
112,12075
112,12074
17503,6129
11799,20495
17405,67
112,12078
21186,7549
108,897
3971,5280
14007,14190
47,4845
14322,6677
21457,94
16944,2201
0,12222
14395,17721
17,20176
17488,3
154,6
47,692
15689,86
16982,7330
10042,58
20587,8931
4963,61
11642,54
14701,9999
123,22266
2118,6
14328,7639
18293,18609
20221,8789
10495,8653
17305,7075
13,1750
4162,4163
13607,14567
123,7929
3373,83
14537,3047
15744,488
14490,2696
17508,2118
19672,61
14227,8306
14326,14865
18,96
10350,16021
3791,3813
14958,21146
1240,351
83,975
2130,22381
121,76
16944,2118
102,86
131,2326
19860,9265
14567,804
138,4151
2118,2260
13159,7181
133,18658
260,94
1674,7719
11124,77
18604,18747
11104,112
12975,61
5762,83
153,30
19122,22337
18314,19477
0,12170
41,94
21362,2932
11899,5280
138,595
138,594
0,20352
0,20355
13,19396
13,8194
15965,58
15540,16046
13739,5751
2118,5177
17503,19478
16046,19
13549,20518
45,86
11764,94
18314,2822
3177,6677
7802,86
18314,22117
14009,18629
144,56
102,108
144,54
154,18403
63,9290
18314,21481
12222,1705
3,6462
131,17367
15704,94
5555,83
17866,22415
108,29
4940,8657
17503,5060
12933,3654
20420,3810
108,20928
26,529
16418,18020
12829,22368
10015,3358
10936,14654
17305,19477
7455,9777
10881,2939
110,77
17503,933
16741,87
20904,71
297,3998
18166,22180
6242,6912
1,11002
22117,9777
112,1928
112,1517
14567,5094
322,6
5310,54
15136,65
11085,58
14508,20190
19756,22368
3743,54
14672,63
2085,22368
13420,14567
1383,18166
3372,6677
17,18147
14567,16783
19104,65
17720,77
17,18148
1255,341
11447,8288
11193,3217
20673,47
18123,5375
13531,17503
16816,54
12389,70
745,7701
10568,8261
4372,9014
11765,94
6,6081
21239,5527
10568,17047
11193,17047
18780,83
10470,10568
4628,6746
8109,86
17231,20518
1656,17861
14253,16926
10851,131
17305,4000
10183,16496
11206,18747
5009,94
15361,17556
112,1581
18747,7979
10290,18461
13607,87
13416,77
1588,18314
16800,77
10568,11720
14567,9212
10568,13581
15965,16046
6800,77
17355,6730
11221,15704
16496,26
19710,4372
12703,7701
12829,1928
18464,3632
22013,6677
14322,18524
14397,9777
18745,7
13,14702
17503,82
14567,22291
6885,94
10320,94
14567,16944
17305,4481
18575,5177
6677,755
12202,16046
1662,9741
26,6999
6665,9946
19,8
1125,17807
10568,1477
14567,20987
5280,9857
19860,7733
17491,18609
112,20876
16952,8588
16046,6404
16426,18166
9008,94
15136,1928
14567,5856
111,16830
112,12066
112,12067
12392,16329
6410,77
2878,5408
16240,8789
1328,18915
6677,8880
14071,16769
15361,5067
14160,77
111,14681
123,17894
1502,86
3,37
12676,20917
12666,8263
67,68
20945,6665
20221,6795
22154,83
1618,5280
11447,5
12829,2668
1166,19710
13,81
1183,16046
15198,54
133,2647
15931,61
14567,19366
5335,83
2260,7
16711,1786
5060,7883
18723,86
16046,7444
2201,6730
12701,142
15537,17503
16475,17252
19,6404
18,84
10568,4571
18166,6188
19387,84
1064,14865
11934,77
123,4576
10042,16046
3,5699
18609,983
11339,77
58,8194
15361,9323
26,5280
11106,133
130,15856
16496,5280
112,12535
2018,297
1620,77
14674,83
20464,5729
14145,18166
40,9777
19890,7
12329,20917
1,13506
10242,9777
17954,9777
15124,6732
8288,9437
17367,71
21930,65
1,12588
17912,18747
18747,528
12947,9437
15856,5140
17617,6221
17667,83
18609,6885
21187,6665
47,6380
15124,17503
131,5782
13654,58
108,20241
1,10
131,698
1,19
10568,743
11752,13393
20231,9777
7657,94
14865,6596
14865,991
14865,990
138,7425
7652,8448
10301,22368
10991,13
17503,745
11972,77
14250,20232
4375,84
10568,8685
18364,20190
13596,2118
12557,58
19122,7834
1509,2118
14865,15914
22368,503
14865,4372
17765,19358
11085,17232
11764,8194
1270,1396
16059,17667
108,5808
131,15854
15736,6795
16188,2118
18314,18730
5339,58
5375,5958
15656,15945
54,7530
6820,77
4787,8879
16743,17
22378,3803
4969,83
639,86
6242,6730
6548,6795
4719,9777
18577,94
13,291
11902,18314
19790,77
108,21754
7802,84
17785,9304
7181,7397
108,660
10,58
1615,83
10715,26
17807,933
17807,931
19503,26
12740,19122
10568,14768
5,6677
18447,5280
20180,8688
10199,859
14567,17000
14567,2065
12911,77
14955,18166
14865,18747
15382,94
1,11106
20190,6560
22013,3372
153,26
14351,3983
10568,13020
17734,77
10568,13026
16128,2876
10568,16055
12503,19
1,953
10183,8874
15456,7
17807,3362
11876,4230
3568,7830
16046,489
5177,77
6677,8576
66,8288
11240,15965
14567,2119
3972,48
16045,16575
6820,9777
10991,6730
112,20333
21220,7397
16022,26
10568,7883
133,20193
122,6462
15085,15358
138,15259
19710,59
19710,58
2147,83
11033,15
10345,12093
1916,2118
122,15950
11562,19479
5463,7514
15011,18314
11934,19477
10650,6677
61,6998
20176,324
104,6677
13,14717
13294,19083
150,16426
61,6997
1398,7
1397,17305
15797,18166
17,324
10639,18166
6677,747
18314,829
111,4348
21391,5280
1256,65
108,983
19122,8361
18166,2239
14322,20495
0,15492
16492,26
18747,83
11440,17000
12144,6677
112,21861
11267,14865
11124,131
136,19790
13392,15856
18314,9070
14272,9777
2118,3994
17488,54
10840,83
10568,8628
18911,70
14479,16238
12629,5567
14865,19248
22368,8229
12933,131
1705,18587
15383,18314
17367,20945
11553,26
10568,11304
16475,94
18587,22421
18453,5280
1,4556
7701,9857
20250,779
21246,63
20589,8931
1158,47
10934,5280
16783,83
4962,61
13,18629
13,19710
19677,22368
10568,16866
11546,7397
11354,6795
16046,17503
18915,19626
1969,2118
13,18626
16046,7908
16635,6309
110,131
21960,83
14567,18489
14567,21371
10568,19096
0,5679
11752,18744
2296,65
1928,22246
10568,5567
11354,17503
17785,61
11370,94
131,13853
14253,17763
10183,10715
123,4562
15856,9516
131,7067
112,9826
11320,83
21143,2118
20860,8194
11535,6
20546,351
83,9518
15361,19744
12744,9437
63,8743
63,8742
3200,6242
1481,77
15011,17305
13718,16979
3744,990
10568,4367
17305,22117
14406,26
3217,5280
19710,9014
14711,17503
1630,7
10387,6795
4340,84
112,2900
19,2061
136,77
14339,84
19,2060
12222,5280
112,17050
17912,6730
122,15949
1705,20897
14126,58
5009,8701
11841,14322
11193,20910
17503,489
16028,18609
20752,6795
136,65
16046,30
16436,59
21971,94
12542,77
131,17345
5170,77
10473,5276
2668,58
4628,6747
11060,9777
17367,297
142,2063
20518,9813
12627,8932
5038,94
2900,7270
22429,86
5067,5264
51,77
5710,980
8576,9908
15914,3571
1396,14085
1,6968
16126,7642
17025,17503
13801,18314
3311,9777
13,19
7701,9627
21208,37
13858,17706
16969,17503
15695,17503
13513,3632
13269,7514
16854,26
14227,18166
7741,9777
150,3179
17899,63
11085,34
10437,18747
19122,7602
10,8
246,2811
59,77
1353,895
2118,8239
131,5225
1573,22368
131,20464
2118,61
3184,83
18747,6596
11438,83
14568,16302
14701,7745
16686,18747
7445,94
111,6441
1514,18747
31,9756
0,8303
16046,9040
51,9777
14396,45
1,7908
15535,2018
19308,9777
14567,17912
12260,31
6421,76
123,15492
17,594
17,595
14569,581
21650,47
10250,18747
10568,17025
1,105
14063,6801
2309,486
26,9083
2018,51
14567,6800
108,20917
4879,8261
16453,17503
19478,7741
13293,8762
1,11752
1397,18314
10076,8789
108,2818
21019,2118
5280,9291
108,15408
108,862
12207,77
101,9437
6,96
6,93
3972,93
37,91
3972,96
15856,4238
19423,94
14537,9250
1,6404
19248,2570
7169,94
54,9821
13,21239
18747,19955
15490,94
1425,31
109,4162
17305,1944
17564,77
14865,16172
13393,18747
12073,297
14537,3654
11485,58
6171,6665
47,7476
112,17339
122,18390
21494,77
13476,18747
1068,73
10345,22271
12847,131
21478,86
17807,18747
16046,19352
10328,13501
86,8636
1931,9791
377,6
20552,8762
18747,6860
6402,69
10568,18862
11403,2118
16940,7397
14865,2575
10350,12911
13465,7086
1353,1502
1514,991
15,19806
131,14250
10568,21654
11922,18166
18106,8879
2065,9730
108,8473
1126,1875
131,15306
1,2061
366,7514
130,76
1581,65
19,5527
10568,2762
17305,3306
14567,614
1595,83
3654,77
142,4846
18,6
1196,142
10568,22270
123,17305
19066,6665
13,41
135,20977
18166,3762
16982,6560
1065,18314
12829,58
19122,800
1875,7749
133,18688
10345,22125
123,4557
19205,20128
19,7908
16244,17305
10568,4998
15361,9304
16866,58
47,7549
12636,18314
0,45
5375,63
14449,19744
19535,6665
1,1408
6665,8324
15975,7701
131,22415
14026,7582
21437,54
83,9231
13,17707
10568,14211
11440,14567
16329,6677
18461,31
0,20328
12713,18314
131,324
2018,26
10674,6677
17367,51
19477,2118
7019,7572
61,9096
61,9097
11781,14567
0,18955
10627,8548
14865,16045
19710,2778
136,71
5102,6791
110,297
16046,27
10568,5060
77,8984
14463,1966
11482,123
123,7421
16496,7292
1,37
1,30
108,67
14397,8468
15361,2789
5264,8503
2834,5331
10410,18166
6677,8545
1157,18166
324,6677
131,14537
16046,17604
11253,83
17367,2018
14479,9627
21310,2213
16418,83
15514,20464
11193,14304
1,6970
1215,20176
108,6727
14265,17316
17637,18166
20750,7908
1399,21967
108,90
20945,76
13467,7086
2004,7522
300,5280
18524,6677
18314,3504
11562,14865
15152,18075
12222,18131
11085,26
3315,9777
16926,77
15856,21977
65,9234
21309,2213
