1,8
1,6
2452,58
1,3
14913,6465
10345,11439
17391,99
4311,7979
3,7584
31,6792
12918,2674
17305,20340
1705,21469
11347,1272
17305,20344
1705,21462
12613,17635
1662,9158
7330,83
15535,19790
17367,8111
118,9388
10132,54
2187,5092
11896,15880
13075,3453
18314,5172
4885,63
18314,5171
10008,15530
17177,7979
5931,6588
17300,871
131,6790
13501,18463
133,17782
48,9946
76,8216
10543,4148
58,743
11193,15537
16461,19
135,9777
11574,154
19828,6741
10174,13501
14272,21757
19728,77
19,2158
20168,7397
16651,7802
20785,2846
18746,19860
18121,4388
16783,65
108,8263
19610,4998
21751,29
112,7835
10568,11790
112,7838
15530,16714
14865,20687
13034,94
29,4577
138,6809
112,12161
243,3
18829,7979
26,743
10183,9627
11339,84
10042,5010
11304,13468
7598,7735
433,5408
22255,7979
15530,22117
13292,13575
131,20038
14184,29
112,2929
15537,7883
10568,20910
5554,83
12535,77
108,10848
130,3800
130,2176
136,41
21208,9777
15686,18714
105,12924
17503,8653
5725,9425
14701,2846
15633,40
20945,48
20945,47
16805,9942
18664,7979
18314,3533
131,153
14227,9486
1,15098
24,31
15169,84
15856,21965
14049,70
136,3530
10568,19539
0,19980
77,9105
13767,15215
19478,26
13005,16868
14775,8813
21019,6677
12665,7979
18345,9999
1,3800
10183,16906
21727,6
14304,22355
10345,21615
112,1254
10568,13308
15361,4968
107,131
4788,65
14567,18601
13793,31
13793,37
13793,39
17305,1969
11924,2118
108,18046
20191,37
3166,7397
4789,5127
13654,17119
17061,438
18323,6157
10627,139
14553,94
2237,2846
20168,83
10543,12829
289,5975
17414,6
13874,94
7694,8653
13676,15689
1,18311
1,18310
21713,5744
20420,9437
131,7183
13,65
13,69
22454,8
18976,29
15731,7
15426,5331
15361,5488
20170,83
136,17516
17305,3618
18714,52
10042,15327
17305,3617
19,5814
11514,15689
10484,4037
1,17807
112,51
10188,6795
13638,8789
18553,8448
18965,5285
131,22052
1,15408
0,6731
3973,8288
4037,9756
11853,133
29,865
105,7095
65,8895
340,6677
12,15286
2898,6820
16993,289
10568,11136
10568,11135
131,5582
107,17395
19460,31
11842,1963
10568,7996
13468,933
13725,99
10038,18459
54,9325
3561,40
1750,77
21752,3795
20579,5
19799,8799
20913,21208
78,98
10650,2254
3568,83
18588,54
18881,7531
2095,4727
11705,15492
12073,136
131,41
13498,83
12222,3484
10885,8320
10861,17
7548,7549
20121,6346
10042,7954
13603,2846
15695,1705
20121,7830
15612,94
11759,17305
5,9437
145,94
17782,18575
21146,83
14322,19728
14654,31
22047,7122
5331,9627
7440,86
12622,19
18314,4392
13,154
1,17478
17640,3
1215,17573
18075,8254
17663,3349
2968,8307
12222,14953
11877,834
10350,2544
10568,3971
21018,6677
2361,8288
18389,20879
115,87
138,17
17095,2846
20191,5337
88,9513
7173,77
11906,29
14716,3239
13365,37
13323,17737
1786,6157
17315,5887
22304,52
1175,21148
10568,21370
136,20904
15930,9777
58,7908
26,5010
56,73
22027,77
1750,19993
112,3016
14727,7715
11485,1431
13,19005
10345,22125
9291,9938
2103,7749
15492,15943
122,1530
3438,4628
10568,602
17573,19104
3,6574
17403,7979
19998,83
2498,6718
20346,20945
19280,3588
287,5772
59,7173
19628,43
20516,21891
21385,8
139,20365
6828,94
6791,83
13575,16238
12222,21469
131,5170
11240,19
122,7802
139,8518
11752,8755
1,10331
19087,5331
19297,7397
19851,83
18631,72
12937,4037
5930,6588
1,11423
7065,94
19860,19997
8230,834
14442,19993
13793,17
13793,15
11255,8789
15965,3453
2478,6677
15361,17887
26,58
10849,7979
16524,9777
243,8
14567,18527
1614,58
17367,4107
174,6600
122,22255
22405,24
16188,54
13574,9777
11304,20897
14567,871
0,16329
1928,58
15736,5735
11564,7979
12751,816
10568,10638
16729,18828
19806,3291
2296,9371
10345,5322
139,4576
14945,15689
12294,3800
18575,20346
10568,15912
11416,6994
1505,5942
19993,5860
134,16778
10207,18609
21384,40
37,8710
1129,17240
18,19318
12068,130
1,19532
19993,3459
100,5
10898,7774
11416,20520
5170,6706
13673,7745
20387,49
16045,17177
154,2260
108,8902
17367,7245
18828,3728
15361,61
139,4280
144,7075
18828,3727
8,9115
10568,20702
110,16524
15689,20579
13271,18314
17367,21019
10568,7572
12226,15232
12070,4037
15745,16501
13575,1705
4628,9938
15658,2741
1608,47
1126,6791
21651,6803
10345,17340
112,17654
12519,154
13034,18577
15722,16680
16554,19
132,324
11193,17503
10042,11485
44,7444
16651,42
15316,17367
1750,59
6993,8789
10570,6677
17728,652
6095,6560
18588,70
11187,11584
1,99
1037,144
12875,21051
1,91
14227,17218
16979,6493
6735,9777
19,21888
2118,3389
125,5860
11877,21451
738,8813
22255,84
22255,83
139,16100
11763,6677
10568,17365
6157,6463
133,15361
6677,6741
4276,43
19858,7979
6157,8480
61,6221
2214,324
1005,10089
92,9419
29,7658
13610,83
16979,20201
13,131
13,136
15903,70
20520,7979
13269,150
21019,3215
14184,1724
1233,70
65,7292
18177,20750
8,8895
8025,8813
11902,5623
20930,65
3453,3487
289,7725
1466,15361
15232,2361
13,13092
11543,42
14261,21244
13328,77
77,834
134,14775
15509,77
11253,7979
17516,19530
5149,7818
1117,1705
1423,16590
16917,59
17634,7397
11124,14537
7979,8789
5769,8080
17320,18314
21713,289
11638,2682
21772,7979
10464,18746
14865,618
10835,83
132,134
17799,4628
11770,17807
18314,91
5784,7745
13,19790
0,19078
0,2064
108,6885
12673,14272
14227,15144
26,5038
1180,9777
5895,7979
1705,2564
10470,51
14335,798
14987,94
11990,26
15406,173
679,83
15709,73
21019,77
15011,5350
1408,16593
14385,83
108,41
18524,6606
5327,7979
130,13728
86,9907
86,9906
4527,7586
13654,26
10183,9192
22304,37
1126,83
17681,21015
11187,21232
11891,16800
10345,9946
14449,18246
1409,8593
17087,8766
15745,9700
14304,77
138,21881
2103,40
12905,130
17367,6410
14322,19993
20251,9777
7719,8262
1075,15689
112,1297
16806,83
105,5000
15689,18056
22450,8
3313,4983
13793,76
13793,77
13793,70
17935,3348
18744,20812
10213,21523
1,21437
8701,94
18828,22170
10808,5772
6472,96
1101,17503
12847,26
32,49
17,24
13033,7979
22153,8514
13607,2846
32,43
15689,18838
2567,58
19,3453
19859,2637
10568,4715
15136,8824
11733,3733
5048,7979
15389,16719
14272,17422
3179,4433
11781,17222
22207,81
16304,8311
14942,18123
10127,13332
5,63
20388,49
10533,4037
5772,7667
15272,20201
4879,7572
68,9777
18746,21772
15299,2118
14272,6
16862,17367
21162,83
16722,22340
16415,18654
14263,83
108,8961
112,131
112,94
14227,5707
10042,26
16398,488
20619,93
14865,18604
130,3386
3840,4695
93,96
10325,8132
14771,21751
17721,35
131,3248
17340,83
10543,6820
13509,14567
12744,8288
13089,5463
86,9597
21129,2846
18577,8701
14126,1513
10543,58
14958,19
14567,4750
18075,7330
19,6765
1512,20201
18123,9389
13673,6677
20191,7045
11206,4727
20983,48
19,83
18123,9387
131,20945
21888,94
112,9619
12891,3938
1371,17503
4037,8046
4037,8045
112,22218
112,7439
2811,81
18106,77
22207,8961
34,77
15722,423
34,71
21592,94
0,795
1126,7652
12922,21522
12848,14567
1078,15689
21159,83
15327,17731
11915,77
1,21330
10259,5219
6795,7883
19675,9971
4881,70
15732,4781
1396,218
7017,933
19,3844
13718,17222
4270,94
15754,43
3152,7883
324,94
12622,58
17476,7989
14903,39
1077,15689
20476,21719
10807,21502
54,7584
14813,18345
19,20805
1068,14501
17340,6
133,14439
9027,94
3911,43
15745,20102
21450,7931
15306,18469
2846,49
10817,11752
20981,21436
17503,17792
16524,20148
43,7593
7303,8819
21360,7745
10622,795
17094,2846
3266,77
5,9388
4374,8813
12222,933
130,7146
11900,6677
4150,83
15026,9512
12253,8813
122,13793
112,19821
1928,2452
2384,54
16100,98
12699,6
1339,136
17219,6157
1,12409
1353,17905
13332,2669
10042,3800
131,136
6157,6983
6157,6982
77,7830
10864,8813
17503,20910
16524,7913
109,1215
21146,871
12343,14801
5,8813
5350,77
108,17888
1,14304
19622,8984
108,67
39,7303
108,68
12162,7802
698,94
10568,7584
11416,15421
2118,9908
1215,20728
18214,21385
110,34
14537,9777
15894,7979
18045,5660
5144,94
130,19626
18121,20515
17305,5173
17305,5172
10,9139
19,19478
12540,14567
14553,1880
1026,19
16209,19479
6885,77
13793,54
15957,21385
108,14537
12952,19
1,6616
5010,59
16788,7979
14567,3744
20997,83
17,49
11876,15130
6795,8789
17,46
18604,8862
40,5480
19082,4203
10568,15537
1928,3608
22013,8813
131,17618
14953,14997
1,6268
12744,21360
3389,61
17367,20879
11967,13
17047,22421
15136,5727
11680,22415
20145,7397
18264,86
34,7245
13767,7
5127,7017
14395,17866
19860,7733
10568,5238
16805,17414
15361,22255
10409,21369
20579,9999
1133,7624
15530,16651
14449,15361
12750,14933
76,9
13830,15467
141,21190
14330,7701
12226,18206
1409,1967
17870,7979
6908,96
3315,77
21774,2811
11444,14681
130,8825
17516,65
40,5860
11844,5728
18828,4233
20420,8288
139,5668
121,86
12902,94
19710,21384
12745,340
6737,83
13328,1614
130,7084
15509,19790
1000,8813
19225,7979
105,19
17539,5772
10782,21745
15492,21829
4423,9253
19,6560
10568,14479
14865,1514
12294,16270
6504,6616
20190,4027
16824,2541
7979,9239
7979,9238
7979,9237
7979,9236
3800,55
12788,84
118,15
11636,7330
5113,54
14272,17201
11637,83
13550,8306
12822,131
13,7188
31,6718
11752,16046
2018,5782
12665,18828
21111,7745
26,4794
5177,6
10183,21289
26,4798
1126,9787
1431,14865
14865,14958
13,5727
14962,1705
15492,83
7076,7979
3972,9204
11347,42
10991,14567
17047,7735
17807,2018
12151,17367
13638,17503
5225,77
13549,18828
13332,22240
14865,6422
22255,6677
12847,17975
11193,13468
14677,7979
130,19104
14962,15736
108,12025
1879,4037
14865,22271
14362,6
13,4453
12294,12736
18577,7445
18577,7444
21772,7261
2390,3175
3,3972
216,6988
11025,11168
10568,11719
1237,18314
14322,71
10835,9432
12552,77
11077,18828
29,3418
10568,6795
1953,6795
4603,94
7021,99
1,17414
2407,42
130,86
17218,20221
130,84
31,551
14813,4787
19,9139
12350,8901
16461,3
3906,47
6524,83
22466,94
17572,20
41,91
14377,16444
566,94
13411,14449
10586,112
18828,3209
16866,21244
112,6908
21005,8288
20329,4878
16462,19860
10042,3821
5148,76
21019,37
125,14273
8150,94
61,6790
61,6791
4628,5969
1801,77
10042,15136
20989,2919
13489,15689
12120,14007
15892,7979
3,87
17216,5408
18851,76
18090,18828
13,6353
3937,76
11688,14567
13593,878
14403,52
133,21154
19601,2966
3176,7828
15295,17367
18687,22127
11562,14362
10650,6677
13715,15035
10568,8627
13673,8514
19993,65
15238,5
14249,22345
14324,2118
11325,2187
21148,2118
11752,83
16524,2254
127,43
110,4306
4823,96
17655,2083
6402,65
12267,842
3438,7979
12913,20201
6402,69
16854,4035
14865,17807
5476,83
131,15702
1955,7330
21116,8813
10869,18828
11647,17807
17503,1993
15136,21592
10951,43
10568,7731
17503,3300
11752,2980
100,12865
19,2811
15286,9777
136,19993
10568,7735
26,9172
107,4878
11829,2296
6,6404
142,22255
118,2378
18587,22303
17516,3453
1,17088
1465,15361
14272,22378
108,17516
6398,77
17564,18915
10042,13495
7129,7979
4501,61
12184,4037
107,1918
6,891
6,892
6,893
15012,17
11633,3983
131,7105
1270,15530
2024,8150
10568,4628
14537,4006
5131,65
8813,9924
10042,1614
10707,13715
1588,18314
18464,7444
18524,324
105,37
110,77
133,13830
16680,5898
10351,20945
19,7942
3015,7397
10562,8
14997,6418
11702,20477
18881,2846
20538,76
18828,7979
131,4107
3800,70
16926,34
19404,91
26,5536
26,5244
131,17395
16815,2218
20981,348
2846,9341
37,7942
17662,4093
14860,86
4249,7445
20515,8704
12621,15
15922,6665
112,15940
12423,21566
13,17367
1,8389
10292,29
15492,4969
150,3103
12824,26
133,22304
19205,77
10428,8832
13026,17557
14235,4037
20,8
16029,7548
16029,7549
13985,21111
19828,6677
12719,24
3,9064
21143,22117
19405,21305
15259,4037
57,94
131,15136
3334,52
15011,1502
13393,18604
18828,22050
108,18187
30,6560
54,7720
26,7492
10820,29
108,14897
18604,20132
27,3303
17039,94
10470,11193
2846,537
112,19797
5836,7701
4965,9798
133,76
21457,94
10132,14900
0,12222
18044,5772
154,8
14200,145
15689,4261
1786,19860
10641,17367
18263,86
17135,8
20141,4230
17975,94
112,8044
11709,6814
32,8
1674,7719
12543,7733
21222,83
0,121
2118,21723
18314,19477
11062,20366
14897,5177
1,12915
108,6820
11123,17503
10128,4037
22421,7444
3487,94
45,86
131,4663
2846,5552
18345,5633
15492,8
21752,7549
130,17384
13,16776
15492,3
15492,6
108,29
17503,9586
13673,141
11874,24
15232,2846
1525,18464
14985,20253
11444,265
15091,9673
6000,7979
17025,9938
17505,29
11530,14567
13793,8813
14674,16940
5280,8491
1611,8
21829,83
424,7979
14467,20829
3743,54
10042,20339
13136,83
12804,5177
7584,78
7584,77
6995,7979
1705,5601
15689,2370
112,15575
1500,5398
5633,6677
14396,65
1,11647
2745,4628
17564,9512
10568,17047
12025,6586
21436,348
108,3017
10183,16496
2125,9037
5009,94
15361,17556
10568,7895
18959,900
6,6791
22255,4628
8789,9638
18828,6425
1182,5975
5407,76
11178,2011
14816,7445
13468,21608
20728,72
4369,7979
17946,19479
15361,18069
11877,14728
18575,5177
10042,13654
9008,94
22348,8982
11085,16839
6410,77
18314,9062
26,3030
10526,131
15517,21063
15598,6157
26,6205
1,17209
10568,19885
6995,8789
18747,7979
12294,17367
1525,9449
18828,3904
12458,20520
17305,6790
18747,18828
18187,18663
77,8818
10568,19087
10650,8879
19710,9008
14711,14865
14860,22309
108,9583
16651,98
19,5215
13329,14908
17807,208
130,15856
174,4577
10350,14450
4555,8992
14019,20486
16651,18314
104,16524
83,8619
11366,2527
8288,9437
13115,17861
17367,3985
63,7584
1216,8
1649,1705
12294,8574
29,3683
1,10
19989,9777
17570,2516
15599,40
1,18
1,19
5127,933
11482,3258
12226,8753
17667,18075
12316,8
132,4685
51,68
17135,48
5335,9343
7514,8294
2024,94
112,15965
17305,8131
151,8
7572,8261
14567,21019
18706,5841
18684,19646
6242,6903
30,7745
21969,7979
18577,94
10867,20477
7979,9638
10715,26
15024,77
17483,4596
13795,6356
19508,5725
14567,17001
15199,1971
14865,18747
13652,20084
17390,99
17573,6600
108,7183
133,17561
1097,9056
1097,9057
12843,18314
12503,19
1,954
1,953
113,5173
14395,2260
31,7998
5177,70
8,919
1971,73
14799,2186
1705,9570
21644,21872
16045,4628
18394,3350
17763,1928
18828,21669
151,7425
20735,8
17,324
13332,5714
1,4628
150,15856
22173,3972
12551,83
18,8
1,6560
18911,70
21111,88
1705,18587
10936,2516
10568,4789
1101,11752
7441,86
154,458
2914,77
18828,2196
20182,7514
17222,3744
1093,14286
12750,9777
14375,2846
2423,8231
19280,6157
17571,77
63,8743
63,8742
10683,216
63,8744
20333,40
21566,2846
5219,6157
20309,584
2018,30
4340,84
3460,8
144,2696
14126,58
12153,324
18828,3244
11124,5170
13803,19993
20829,94
136,5782
3103,83
16796,652
17305,7421
83,92
12927,7397
20477,39
22129,6677
12250,8813
130,17577
15277,29
1126,7330
3390,59
15277,20
1969,20044
13474,16868
12829,5727
10848,65
13269,7514
19600,2966
131,20860
11900,18380
3743,73
13793,14567
12222,20910
2846,4668
16046,18746
21469,8345
13634,8789
20943,7549
51,9777
1,7908
59,9777
14396,49
13395,18828
1,7907
15689,19439
14567,22122
7979,8461
7979,8460
6820,933
17344,211
17305,8216
15232,5552
125,17112
10568,16194
16334,3
1132,2118
13,16926
14537,21306
130,19245
3142,83
17,19161
1322,83
59,9198
15448,9816
14865,16172
108,15535
29,4147
13317,15136
108,19790
105,13014
12912,20201
12056,8813
108,19798
21772,7076
1250,54
14711,17503
424,8789
17150,18747
13673,2846
11793,1705
54,7882
11423,19
10254,1500
3436,7979
10438,1408
131,15306
17866,19405
16890,19143
52,96
108,11891
10568,16854
20191,6404
19888,2118
11092,83
10541,43
6759,8874
10345,18730
12222,830
157,2846
20191,3
6318,87
19,7908
13125,78
19,7907
18945,4037
0,45
63,7745
1705,19804
6670,7979
17367,20698
5027,8992
21396,7882
136,19790
18740,4037
14823,7979
15361,3258
18134,6
15011,9970
108,13793
1,37
16541,3653
1,30
7,8
15361,2789
3902,77
108,20917
12643,324
11395,17305
2566,2846
5461,83
130,14591
18262,19062
14676,29
14265,17316
13755,18714
19642,652
11269,5898
13467,7086
11562,14865
15152,18075
16188,18730
137,138
7397,7717
65,9234
15856,8293
10,35
14026,20084
6404,7042
3014,83
6820,8712
19857,77
3916,6677
10536,99
12841,59
6308,94
116,17888
112,7850
14069,21005
1705,830
16393,1645
14501,20191
130,5536
11858,14567
18553,19
1971,54
13623,6791
19639,7979
10213,12057
17572,8
1353,7584
1085,808
17503,7364
13574,49
13328,94
1750,6832
14674,83
11764,14084
15689,6191
1397,17320
17367,836
12202,1705
13,20860
16524,20498
1,6504
2200,83
154,19
11840,3453
17377,21144
136,21275
4750,4982
19806,39
10568,18251
17572,42
17345,6912
19827,7979
10243,7806
17503,6017
324,8879
1409,16858
14939,18123
2096,5009
6832,9777
17573,9027
131,18083
131,18082
11339,2260
17367,456
15204,20988
4986,8294
17866,9271
1,12622
14272,16015
14865,19
1715,18828
12297,13465
12297,13467
14272,51
1,12952
10834,83
2033,6897
16046,58
6677,8288
5,8890
10066,42
6653,7384
5038,94
14553,5009
16805,21829
19405,6573
14304,16021
13987,37
132,9437
2056,7145
15745,21698
7,7415
13183,77
136,15306
1,5409
112,18588
5177,9963
13,5001
2965,83
14962,17150
19224,20201
14567,16509
11701,59
17805,6864
2846,3916
2811,7979
14396,8879
729,7979
10568,6675
12843,139
10042,10543
11304,14304
19710,7266
13441,8514
21143,9777
13332,16323
21,8
17040,94
10568,6016
1409,18597
11793,13332
7397,8619
26,9192
17047,933
17349,83
17,19104
19479,7979
11255,7979
11132,8480
13723,26
13672,98
11253,4628
1146,42
14865,2557
153,94
16229,21620
20813,44
11866,8701
108,2637
20123,7979
14479,7883
2308,77
14702,26
4560,488
11708,5772
12389,4881
112,190
11179,14736
14861,8636
111,9868
14200,58
35,9
3588,6983
143,5947
13815,21723
11752,13654
5096,7979
21141,70
122,20878
1,16046
13673,5
17321,54
10543,4628
83,8653
8789,9238
15965,26
1588,70
18979,2017
12467,20201
112,17367
58,65
1019,142
6289,83
10042,1928
15689,4787
12385,5660
18684,2965
108,12434
10603,14026
14796,26
3478,9938
84,86
324,3266
12389,3165
45,9260
22352,3966
12201,86
21368,84
20406,5744
3298,5
1705,489
15689,5782
112,2310
43,8189
19087,22349
10,19
10183,26
11563,18080
4037,7750
12456,133
16952,83
10535,14262
10353,18747
130,19896
18940,2118
125,22255
15745,802
10089,6113
2915,77
108,153
15361,7337
18881,35
19702,7397
12660,9008
2374,7979
14865,21146
10620,141
7717,83
21736,8984
12294,13793
16188,18314
65,9619
17603,21752
22079,6015
7701,9362
13506,18314
19187,19882
20930,6402
17820,22155
11915,15745
13308,5735
1,6521
3363,4373
10103,20981
4879,7719
8879,94
3303,9095
3972,9643
10111,17367
5782,65
130,21843
10042,13573
3453,57
134,16779
136,22378
14184,6081
21005,6677
3267,7979
2682,7397
23,79
1705,6007
21117,3972
14272,148
14304,3313
17209,7908
108,3861
12227,9397
1833,5896
10325,130
1000,12423
1363,7979
134,38
18747,9272
5596,7979
19806,21384
17339,7245
83,9265
14104,14711
108,17061
14567,2713
14272,76
19938,83
6820,77
11304,6795
2238,27
113,12858
12766,133
1409,21070
16229,20191
61,7733
14771,48
11680,3972
2846,8288
133,13411
31,6513
11106,76
11106,73
11106,70
15882,6
131,7989
15238,18123
63,9437
18828,19957
14449,21385
18828,19959
16188,3
17763,65
11023,19161
16496,16906
17746,37
20588,798
2882,4864
21394,47
707,7399
14377,2846
131,9271
12226,21123
11752,13397
11752,13393
10651,14775
14456,21005
3645,8288
127,9731
13531,5001
118,6885
10568,116
84,9270
136,8525
3266,6677
136,8526
77,7946
14567,5527
12664,9209
15731,22053
18828,19604
18828,19603
13182,3729
11304,11793
15776,3
5267,8468
13468,6795
13616,6157
2681,7397
14084,289
6999,743
15136,18777
18933,3241
18933,3240
1525,94
15673,39
14567,19728
12535,15136
13182,65
16551,1705
16969,1928
1,9138
1,9139
13167,18828
14184,3138
16797,7979
11752,17025
10568,13217
20465,76
20093,22349
10568,30
103,136
15361,9277
22255,8789
20931,34
13985,14814
10042,13146
16188,4411
14771,86
21316,77
7942,83
5318,6820
11871,13793
5335,6157
20464,9777
12767,133
153,7292
15361,3745
11028,7694
16932,17503
15011,19728
10568,933
19860,7979
13014,5488
18564,21295
12226,3617
1146,22428
4437,8288
11967,17516
18590,77
69,77
13420,18828
16047,4037
6673,8825
10089,9001
21359,65
43,8213
13791,2118
1672,94
13506,14567
70,9492
12519,13317
15745,5380
13793,7480
12277,139
3654,5170
10183,859
20944,47
8254,9419
12222,7017
17305,18372
14865,8285
14914,6465
16489,871
20651,4509
154,19728
13308,17503
10727,20944
10568,8097
1396,9443
6677,7584
10568,7719
17924,48
11444,13793
10042,12847
10042,12846
10042,12845
19187,4597
13673,8813
19,22378
14227,17503
19635,289
154,19187
21995,86
6789,7733
11680,77
19,3334
11132,17219
131,6912
1533,7501
13146,17608
18828,1913
12006,131
18345,8288
15199,3743
0,15492
18604,83
19,2932
11752,20812
150,5463
133,7139
11124,131
7128,7979
15795,5009
12698,6
5,94
13671,8638
13637,7979
20883,5331
1705,22303
15105,3886
14227,7979
22365,7900
18445,8
13,16447
2846,8514
17367,21719
14272,90
142,7802
19610,22349
148,73
13964,2118
15,6205
3972,411
4576,87
19337,3
4719,77
7330,8254
10247,77
15962,6995
13791,18314
21634,77
14272,17367
1479,86
81,94
14026,7841
12660,26
17581,21384
20377,77
3465,912
42,9328
133,18781
1217,2672
11701,13
10042,10761
12701,54
16944,871
10568,130
10568,7017
11370,94
83,899
1,20547
17232,6398
14456,8813
11458,26
18746,7076
17339,9777
0,13531
1068,112
17267,8396
1705,4628
3022,80
58,7584
131,7584
13,19710
40,41
16866,5
8,9570
4315,7397
10761,18289
10188,11745
36,37
21502,63
11106,16524
14433,6157
153,58
5,8288
12273,20221
26,7774
15232,6043
14865,1960
13793,15530
14808,27
133,86
15745,6090
2823,58
29,4123
144,2804
19710,9777
1,16229
1362,7979
11711,18314
17573,94
7383,7979
1215,19104
14021,8514
10089,5306
112,17505
17821,3836
677,70
10,15689
111,7420
26,6820
10749,70
1810,2668
1291,8813
13510,3800
11633,13605
9479,9777
15204,7719
150,83
21751,96
10651,6677
17110,20417
2516,363
3872,4203
13014,2637
3903,9777
3015,83
4475,86
1409,16375
1409,16377
133,15467
410,6577
65,7183
18609,3017
20365,7942
18564,21019
1597,77
17731,6
10569,18345
14272,2929
423,5898
15204,5257
19058,3051
17503,2412
86,9281
17305,18314
20614,9253
1030,14567
2846,8099
14861,86
18890,9209
6993,7979
288,5772
1,22201
17199,54
14272,2254
1,14621
17339,40
5984,86
17483,20795
11718,19637
108,112
19504,7701
29,6127
13129,14865
1989,2033
14272,7554
19,21330
20645,2846
14272,7559
1060,5177
11764,58
13795,59
14433,83
13,5010
116,14272
21752,47
16866,94
15535,26
20221,8984
13244,94
15535,29
324,77
324,72
10511,3074
12751,15856
6677,8814
1533,83
16940,83
14803,17367
1892,5772
14395,3972
15509,22323
22378,6677
139,15091
11877,12467
142,22117
125,42
1744,8859
2497,86
15539,7162
11752,17181
3087,7979
11304,21469
18973,19124
22207,57
15465,9106
133,18162
18083,4006
5379,98
10042,2995
127,3327
3836,83
10568,4879
10527,13793
22364,40
21116,4374
1364,7979
21387,5177
14501,41
14026,6918
17396,20673
18467,59
11304,12222
14148,2381
11840,290
11106,37
19082,3872
14099,84
1059,5177
65,8685
11566,6677
13793,138
13793,139
15965,16142
112,12775
13451,17305
5116,7979
13803,19
1514,18747
65,6778
10042,8702
11876,16979
1533,16783
17805,17806
5676,7330
4957,7979
17692,7397
17581,94
18778,58
17232,65
124,13793
22068,2542
17734,3266
133,5459
13811,987
12,17367
18828,20019
21005,8813
139,36
5329,7979
21257,35
121,15361
15152,92
65,6820
65,6826
1744,2118
16688,19061
1705,18177
15511,7330
3,70
14272,21673
16534,18314
15940,21143
12843,40
17268,18915
15292,17
10568,17534
11124,20464
3453,6820
34,6820
21499,7979
13793,5264
17305,20666
12222,13468
15541,16567
21222,5219
17305,4775
18187,68
1705,5001
1803,31
1705,9037
11482,15361
108,913
108,14666
29,68
7447,94
289,7798
29,67
10685,39
14771,49
13353,7979
289,5863
11718,14711
20536,289
0,8604
16896,61
13486,14148
1928,7749
16298,83
15736,17503
7554,84
1525,5041
14332,3800
108,9788
15734,9791
13671,2118
17780,3486
18166,3800
11102,39
14711,3800
10568,20988
5267,9777
15361,21094
14567,21308
14813,2846
21592,58
108,17367
131,3061
12073,16402
12927,21157
13574,17611
18828,8377
10568,3478
0,6627
1465,1832
163,44
13227,8
127,14565
2214,7583
3334,37
41,6402
1126,9942
17305,17505
13574,4744
22346,3359
14567,2201
10568,11021
133,21491
125,16107
2096,94
20014,59
10991,59
16926,9777
21566,49
20509,9777
18079,7979
15538,6677
17503,6795
17503,6793
18075,7044
1408,15933
1,10381
1,10382
1,10383
13795,77
16800,3453
135,51
133,13956
19790,34
16557,3276
21911,8833
3165,70
10,4232
13623,7733
10345,3915
6677,8878
6677,8879
12226,5552
2963,6765
15723,422
289,7046
21111,63
2103,94
41,4719
13061,21719
18166,4433
1864,6242
3533,5280
10638,21469
108,14272
22378,4232
108,14271
6714,7587
16045,17503
5976,77
1076,15689
22401,94
5628,7397
2118,22266
16089,18747
107,20329
1,2343
15937,22323
1,13609
14304,26
13575,8125
12519,21165
121,17305
7278,8984
18106,2478
10568,4859
2516,3727
16848,4037
2158,94
112,14537
10553,488
10568,19610
11877,4629
19998,7397
33,8
10638,12222
15930,73
11793,17711
20848,26
16374,21640
6084,7397
19672,22295
10128,15745
10568,21119
15695,21171
11253,19
13916,154
131,22378
136,6402
14009,8132
83,9799
39,6942
2306,7701
131,2076
136,5170
17340,37
131,3292
18746,8789
153,1928
19209,20190
1,7438
1273,2846
14997,238
481,77
14227,2615
11718,835
11524,17503
14567,5094
13420,17503
61,8576
10568,17025
18647,29
13326,4629
12305,133
22152,8288
12252,8813
348,6247
10153,133
70,9243
33,49
1513,2567
11915,2056
22349,4716
4577,73
17503,21462
10638,7017
112,7245
131,15517
3,56
3,54
83,9942
20812,8813
19,8895
112,20275
131,8685
19,58
130,19157
19,57
134,5
1674,8261
1674,8262
17570,18828
10691,130
2811,57
18746,8923
7548,9777
12161,9777
19,21019
13985,14701
12552,18314
16033,8
131,15011
37,4545
19650,72
3363,8813
17503,7883
12790,8
12937,31
4255,59
21360,6677
1408,8
20121,77
21866,54
108,8962
18828,19228
10568,5843
3662,83
4910,63
111,265
11378,20358
17769,26
13468,14479
2495,31
13365,139
17339,18314
3103,7514
20253,21463
29,43
10470,3971
10729,5228
29,4523
102,90
14865,17204
130,4081
10568,21870
29,55
13317,14227
136,20464
61,9760
11339,59
10089,11026
15209,84
12635,18314
19898,4628
10345,18686
14184,58
22088,86
4475,45
650,7979
18626,6207
11347,11412
12434,40
2846,5782
77,9583
11701,17047
1,14992
14900,20872
136,34
17436,22011
26,5084
13327,7979
133,1434
19187,2251
2260,77
21396,47
10317,17213
21636,84
14272,20498
21636,87
125,19838
15922,48
3729,77
112,2285
112,2281
1,20191
1,18828
18684,6392
18577,58
13,17564
4875,8813
112,16783
15136,58
11085,65
16846,29
11680,137
22026,40
18075,4518
133,19348
2846,4437
15537,6016
17503,1953
15535,65
13,2932
8686,94
11249,94
13793,84
19860,4570
12745,22131
18075,83
223,77
8254,9388
15277,18609
1615,83
10042,8367
3907,7549
1353,16490
21774,7979
13,22249
19710,77
13830,52
2846,8926
14265,798
131,14539
127,17928
1,1705
127,17927
131,14537
7584,87
12746,6677
18714,9946
13591,3
37,4203
12485,143
4232,5
17912,83
1,17503
7303,77
29,4203
18828,83
1981,5772
3453,8961
7652,83
11440,16511
40,7183
10568,18587
118,19806
11866,94
13332,9627
20191,48
13593,13793
47,692
3022,324
14016,92
10638,83
16021,6885
11790,618
10568,21469
10445,2824
20319,37
139,4276
37,4348
3328,54
12226,8514
19600,8958
260,94
102,2637
17007,5781
15012,22132
131,14250
22402,8728
14553,20798
4238,7514
130,13149
11843,1963
10848,14331
17367,17978
7163,83
12988,22416
13793,17942
16402,58
17213,17503
2846,7584
13793,9253
12911,154
102,108
15937,9105
13793,5586
26,529
1166,13574
10243,17257
10812,77
54,8644
18714,5054
2736,5331
13858,92
11642,15530
10242,1396
14316,19328
15576,7979
12924,41
13718,3395
14711,20685
14567,6493
7444,9449
125,3972
5488,659
15011,17
14654,8332
18410,83
18314,3972
2118,7039
14234,4037
13079,6157
14915,6466
12151,18891
112,20299
13259,26
12389,70
19,33
19,30
10568,8261
10568,8262
20,2418
19897,4628
11193,17047
1372,5331
58,7292
109,17
3,37
18881,7742
17692,6157
108,16935
14272,20148
16524,1673
16496,26
15599,19728
15530,4613
17785,659
19253,7438
5388,7979
6549,76
3654,94
17367,22304
14900,3239
10568,18446
150,21977
17491,18609
0,84
10638,1705
0,86
17340,21222
18082,19531
1585,19407
11124,15657
12151,13830
1705,6347
10122,86
11304,9037
14771,14861
1124,17503
19546,7979
15130,4620
13875,94
21186,48
21186,47
107,14539
133,5380
21317,31
112,20906
15342,8658
10089,18033
11339,77
15361,9323
12746,5633
131,14071
17503,18604
19710,2914
10242,9777
5536,94
3334,93
20191,6081
21930,65
125,15530
1409,16399
133,3512
133,3513
21993,9253
17,2612
14865,5001
18828,503
31,4503
13793,18714
2260,59
7657,94
18847,937
18714,9250
13591,1513
19,7584
21752,692
15373,26
1285,94
17557,7330
3,5699
1705,2212
1513,21723
131,15854
18122,20515
1928,5038
12853,8
18828,20254
14676,17572
4969,83
17305,17894
10275,18828
19790,77
19790,71
12597,289
18946,3838
16263,7
7160,83
17365,9938
11712,18314
10321,2118
4813,77
19308,5001
2014,26
11876,4230
15361,17785
133,5605
14507,18828
10183,20848
127,17715
112,9583
3972,48
1,9838
1,10345
17395,20329
10132,15856
12542,131
7218,9610
135,8081
4388,6126
20406,289
13793,2118
112,21882
12162,3796
136,324
11106,5177
14865,17503
8261,8337
135,5931
10350,59
12144,6677
13947,8685
11781,14567
15689,16329
13673,4232
11268,18684
16673,8320
145,5038
1515,7979
1662,3143
1662,3141
14272,8397
10778,1463
83,8773
10950,4037
14322,324
20464,5170
13793,3790
17672,65
13985,4787
16783,6791
10568,21408
2025,7444
11875,9684
131,17516
15826,29
4368,94
22257,7979
11320,83
11478,15361
112,15227
14160,40
133,21754
20897,21450
15232,3644
11871,54
17367,40
133,15519
15232,18345
5009,8701
17367,17999
12,9970
19,7444
11124,14009
15386,86
10568,5127
13683,4628
1705,3051
131,13328
11485,18648
6696,900
15511,6157
112,7069
14900,7784
1353,20427
29,6081
108,11171
7444,8849
6085,77
13583,15689
16447,6207
10,8
131,17356
11718,8
11781,3800
11368,8375
2118,61
20466,22304
14921,17367
5411,8
16347,488
17637,3103
39,8254
11238,17503
14322,18445
1150,14450
6677,8545
2846,9999
7330,92
4879,8261
12952,20273
10788,21745
13,22415
1,11752
7624,9062
21019,2118
21244,5
22402,7514
13116,22352
1,6404
102,21989
13066,17861
12959,13715
10568,1674
10568,9627
17564,77
18468,8227
1126,16783
16569,54
15689,21208
26,7444
14395,35
21478,86
14958,8
86,8636
18973,21723
15232,7822
20436,7444
13332,4524
15,19806
12555,83
15937,77
65,7246
19,20365
11644,9777
13510,17222
112,7844
5280,7584
3654,77
12155,6347
10002,18463
14567,21362
15517,19708
108,5553
11476,13
4813,9777
133,18688
14264,68
6745,7979
47,7549
12280,19
12490,17
1513,17120
14184,19
10606,1117
3,41
16037,20247
3971,7883
20128,8984
20620,488
11769,21829
4958,6714
122,27
136,71
1266,70
15,21556
136,77
19050,7979
77,8984
1102,131
14304,6793
11662,9938
18828,9669
618,9938
1238,21005
4512,5601
138,8795
15361,21385
14227,8789
5772,5940
17503,21362
18881,4437
127,16469
108,90
14865,19212
18524,6677
18314,3504
84,9133
11085,26
3315,9777
5885,618
1276,16298
11025,8787
45,76
213,8194
14567,17807
21974,6795
12,131
16787,7979
12,136
21050,31
11680,7
2846,3298
12006,94
7397,8773
16312,4037
12503,139
3517,49
14800,18973
12226,16524
4609,7195
7701,8549
108,17491
108,7727
14837,59
21105,7774
143,15292
12720,4517
13654,8194
297,8525
19061,7479
11635,83
18746,3438
16862,9194
15843,22011
10771,12280
10350,77
15930,19644
121,130
15059,15679
2816,7979
20568,8
4148,65
16398,8762
18461,7514
18828,21118
3533,5264
13506,2118
12847,58
15232,21777
130,7303
129,35
13425,70
13793,1513
72,8501
72,8500
15689,8680
4787,8813
105,2963
14330,6795
14406,26
13,59
2846,9779
5593,6653
15036,2118
110,3654
131,2018
14851,5331
3453,9525
16680,17504
13,17866
61,6573
12931,4434
13481,17305
19122,3655
18405,4037
16410,40
17866,77
12222,6999
324,6402
10727,19027
112,40
112,41
1353,20866
11877,1964
10568,3484
18659,83
10898,131
11106,3
13610,5628
11106,6
1334,65
11041,14814
11023,3023
13,6207
17556,5264
8706,933
2061,5010
15530,22331
26,4705
19958,2118
14953,1705
13395,3800
1705,17975
112,7226
13,7266
2637,5011
10650,63
19104,26
19104,22
139,21523
130,18730
18576,86
1,18965
22001,22356
108,21896
13793,289
11915,13817
1005,124
12954,34
131,20931
18314,20862
1166,17611
1397,16535
8564,9513
20579,2598
1525,7444
15856,17637
4628,9235
0,3971
144,18560
10568,17315
12528,26
22222,54
22255,6242
16805,21774
18828,2876
15,20477
16252,94
15,8254
11541,17390
2874,73
15733,83
5552,8514
17305,7246
13334,9486
11347,12127
19405,37
107,77
20518,7514
16979,8230
1614,7749
17977,7979
16489,77
13327,14711
13099,1513
23,8
10860,31
18747,5001
138,6810
108,5536
17427,20515
13116,139
7444,94
39,8833
112,20945
19,20638
20129,739
1928,9083
10568,13468
14567,4281
22179,3744
20182,4986
6800,7173
47,5749
13705,7397
11304,653
14184,33
59,7830
269,9253
14454,18828
130,17165
18106,6677
15883,6
83,9419
12938,14272
13244,20475
12213,6191
18123,9390
10624,7514
17367,9777
19806,7302
1175,6
131,8992
11520,84
83,8933
21514,77
112,18609
16854,58
136,5577
10744,98
131,20232
7138,79
11764,15136
15232,8099
4813,7245
7979,8074
21111,6677
1,20750
11752,19
15215,17473
878,98
12222,16953
2319,238
6205,65
15963,7979
14885,19
3973,5
109,72
12467,8230
133,16329
13985,9924
12915,15541
13381,31
11249,77
13793,20
13269,15856
21414,26
11247,15689
21723,5744
2909,45
19610,5331
0,21478
5389,7979
32,79
14947,15689
14304,18403
10834,7397
19710,94
7443,9008
18746,5328
26,7091
16764,7188
142,878
13917,7652
1705,6793
17734,21117
104,127
10366,7979
1971,3743
1,18308
1,18309
19540,6
11752,2931
131,15535
13,77
15013,3154
131,19790
15361,1866
12745,7745
0,6183
0,6182
12015,4714
68,9788
22131,8813
13332,20499
22253,7979
22155,8
11902,13271
12503,9908
15537,1705
0,16292
112,68
11049,59
618,815
18775,2212
15723,7979
21888,9008
15361,21222
12966,3983
5389,8789
17195,83
131,18445
2025,9748
20673,6242
17316,20588
17503,21171
7245,77
94,9583
0,18293
11745,16238
11762,6677
14638,76
3030,4705
12701,1396
12638,17367
17807,21238
17807,21239
14727,26
21556,48
14567,2544
15011,77
16651,17199
20515,6126
112,17649
16854,6999
142,17503
19821,70
1,163
18604,22214
18246,21385
1,5337
1705,20221
17503,20221
2681,83
13862,26
19,22012
12875,21049
151,39
131,71
131,77
12740,3655
14272,6589
5744,7798
17503,26
12746,15232
12640,1513
14508,14865
1396,22255
19997,7397
18314,2
2846,3626
15509,3972
16799,40
12659,3
122,9760
12,4964
11057,65
10650,2846
14465,18590
13814,5331
11023,18
13,145
14501,3
13793,73
14567,19037
130,6403
14933,9777
14567,19038
12,6912
7584,8813
4372,8789
21161,83
29,795
0,20191
3166,83
17503,22011
6,8396
14775,88
131,6127
12226,2361
48,5961
16046,7979
131,14322
18261,86
19710,2260
13395,2516
26,3122
14450,2811
134,9437
12110,49
13636,7979
16731,94
10568,5735
18314,18940
11877,4231
11877,4230
16905,5331
18314,9635
10210,8448
6677,9341
112,13820
12389,6180
10730,6975
16688,7479
11713,22
16462,21166
17866,6
5536,77
20516,2846
11564,17772
17516,5577
13510,16979
18781,37
3453,40
3453,41
2615,5707
13014,19
15934,26
14674,6157
0,21117
5587,83
2846,9101
2995,65
12479,14567
20420,8813
105,6560
31,80
16469,5177
108,55
108,51
10568,618
16046,8789
10568,615
39,9027
22331,6445
19644,9777
11705,6
108,11840
12294,19302
108,15964
20084,9269
16969,58
3220,9103
2517,7979
21111,4232
11186,17
4281,47
13292,2564
17800,4628
10207,108
1,4317
11108,133
17267,6
10946,12015
55,73
55,70
14865,18035
1,8679
59,9271
7425,94
26,9384
5331,616
133,3334
12768,133
11249,12
20836,98
1705,2319
26,65
1458,18828
19713,8946
42,7584
19841,7548
1249,43
10351,4107
1928,65
11896,9103
2112,77
16158,65
2593,93
108,7584
11060,9777
6002,7514
18746,21449
11877,17543
13793,19229
21973,7979
13150,17503
1705,238
108,19709
10345,10351
108,17543
125,14091
16179,7979
8633,8824
10568,9159
10568,19972
10042,13420
10464,7979
11875,16979
10727,12162
11800,129
13873,16805
14953,19023
14227,5735
11565,7979
73,7847
2598,7745
16142,19
17007,8
83,9629
13673,13985
131,18468
101,15232
3306,6
8813,9999
116,16524
3626,8514
22207,9777
5928,9342
18828,363
59,9862
21723,42
7310,83
16164,6
2214,77
10545,7979
10291,5772
12423,4787
61,96
16329,8813
61,93
11541,99
17924,7549
14304,17503
11770,21146
21888,8
12220,7399
1513,16456
3793,7514
18828,21974
17039,3654
13540,86
19404,40
18747,6
7401,8701
11635,7330
18627,98
144,21437
15024,9271
21308,29
125,918
112,22207
13638,7979
19675,7991
1705,7
10745,20685
17305,29
37,4876
3,6731
18830,7979
11915,133
13099,131
10568,6833
22034,7173
17861,6989
10421,16979
737,7479
2939,7706
4504,59
6081,91
14272,3824
11630,15533
1409,6467
17503,4628
19162,77
4562,9341
13985,20812
12091,16524
12064,4037
8383,94
12622,26
17199,2874
112,11371
19405,76
112,11372
0,10726
112,11376
11938,79
4487,8813
4151,72
13531,1705
108,7245
11304,5001
17007,1705
6588,7696
2682,4969
16651,2874
10364,1513
13317,14865
118,131
6095,7745
118,136
1705,22421
154,83
16033,9115
17516,22207
7245,9777
108,22114
15963,422
1325,19143
1125,83
14456,22013
3585,94
5577,94
40,9777
10210,83
19097,40
17516,9583
3453,65
1409,9188
10569,2846
26,3502
11718,4628
1,2811
13,1928
11686,77
16748,9740
17503,5215
19082,6493
18828,4694
12503,17784
16979,8588
12294,18891
65,94
13,14009
12490,72
20958,26
4697,77
14101,84
11423,16788
12162,7549
16911,77
11718,17503
7472,987
11866,7444
17807,9395
12,8722
12,5711
937,9891
21239,83
108,15940
17503,7598
112,14272
59,7303
14272,15361
18777,58
15361,709
12837,16861
2201,871
2517,8789
13354,6308
10676,133
15361,9820
11347,2194
11347,2195
22185,8648
17503,7048
17640,7075
15100,6942
13317,17218
108,5318
3164,70
6795,9938
131,21144
2187,9506
12350,18609
1166,9777
18915,77
19364,6157
13793,61
10544,14711
12162,47
153,22378
14742,18714
10568,6999
4037,5891
13793,98
17,31
6600,94
16329,20812
11745,7701
12,77
12710,14865
139,6969
17573,7425
1,7042
105,6002
112,19357
5038,58
10042,4610
12180,86
11399,61
14865,17565
11879,35
77,9514
15361,18034
16229,8
77,9512
10332,8288
10470,20744
11180,14194
17266,18714
597,9304
22117,9777
13793,18564
108,19728
10544,7979
12153,77
13420,14104
17078,488
14771,22309
125,19207
11002,15689
10850,8789
154,2251
125,19208
10336,86
11732,29
15596,6157
1457,18604
411,42
1881,5009
13,34
1133,1502
17516,58
103,65
16142,7447
134,6043
19405,22304
12287,6157
17181,8789
10535,2018
6,8632
19710,6885
488,5886
10,22378
21244,94
17305,6455
17503,19058
16591,6242
15174,16238
84,8437
17503,19056
8,9643
13104,2516
29,3453
41,58
108,13099
11025,8813
41,57
11858,3631
11537,6090
21974,2516
6283,7122
133,9249
18828,774
16575,7979
3530,65
15745,8146
18214,18463
15745,8637
16179,8789
15828,18714
10042,7715
7545,94
131,1700
14362,18747
22455,8
21481,84
15492,91
10107,54
7979,8370
34,65
34,69
1,21146
18730,48
19149,4009
18730,47
10569,20812
10321,13
6677,8684
12703,17503
1705,21727
6078,93
17272,4299
12684,83
15530,21195
15104,6
108,3453
14900,19849
4504,77
13,17232
15361,17443
16489,2201
1705,8491
131,34
19708,5026
17573,9304
13793,21149
105,16372
17283,9627
16953,19804
12423,7500
16719,2186
17559,7979
7163,7397
112,9777
19405,52
3972,7
145,58
130,21369
10568,18979
16229,19
131,18106
19,20813
15537,9938
15541,19
13411,18246
14396,6677
133,14403
14322,65
7443,94
163,3684
14986,8833
6,61
16045,18604
47,9946
4022,9777
14567,20673
108,18609
6145,78
10345,20191
17733,7979
10331,15492
14620,5331
1705,2125
19,21675
3257,70
14020,2208
18746,19546
12838,18960
11240,17807
2489,6241
12629,7719
118,39
15014,96
19078,35
12226,18345
2254,51
8154,94
111,9049
340,8813
13,9271
10569,134
5328,7979
111,14681
102,16524
26,9937
12521,19851
10042,3819
10042,3818
10907,18890
21752,4845
11304,1705
11874,54
17557,7397
17,4211
17786,5177
77,7828
77,7829
54,70
54,73
11701,1705
12840,16860
14272,801
4946,8000
5350,61
21208,29
20523,7719
108,13
1817,8
7292,94
21463,94
14865,15136
16541,18524
10568,7598
2103,77
18314,4118
1993,20221
1085,6157
11899,14272
47,48
20190,6795
13468,3971
15930,9479
19993,77
16839,65
18355,18828
12179,86
10042,16969
127,5147
22331,47
3389,9908
3102,94
13793,45
13793,42
17305,21295
2103,22054
16323,830
14711,7883
11845,7979
18539,5463
15306,6
15689,19110
18314,7624
134,8288
57,9777
1550,15599
2870,7598
20420,22
7188,77
730,7979
12458,6994
3022,72
11327,7979
40,94
18747,27
10568,5001
10089,1091
14802,17367
16524,3355
108,17505
16993,18000
13978,15856
17436,3300
18345,8514
20946,7549
18716,5772
76,86
6994,7979
17516,71
19089,2637
2260,7183
10728,21646
17516,77
2398,6
77,8824
19857,6912
14443,70
1360,3
17611,9777
20386,3
17305,5405
12660,18577
10568,4922
10818,14322
22255,289
10568,20518
12037,18314
6270,77
10642,1409
41,77
17365,6016
10361,94
16591,20673
4711,779
14582,8626
13,19396
16554,44
1,15492
17503,8789
15856,5130
16029,2900
13793,6814
65,9266
31,6702
12730,15745
289,3422
10042,22043
18714,9065
10864,9437
1,48
10568,779
16188,3303
122,3303
1361,7979
12713,70
19,19104
6677,8514
13,6820
14567,8673
670,84
8254,83
10245,16911
22255,54
112,15958
21449,7979
10568,15736
13411,7045
13501,42
20948,7701
1755,7
1705,8125
12911,19082
15492,2118
15292,7415
16591,8
12475,86
12622,2158
18714,6665
5215,6818
15530,19454
1276,83
145,16866
14500,19327
12622,65
127,8358
57,81
12947,14775
14567,16591
15511,6991
10568,11701
13034,7169
14450,47
16142,94
6356,77
14450,48
37,52
11247,8813
15530,6442
13328,26
10568,12171
13744,17232
1446,8132
11680,1750
4701,6130
16882,17637
6308,7657
20537,5
19993,3654
3257,54
21158,83
14865,19249
130,9463
20078,9020
14865,17150
1,16575
22252,7979
11781,16979
11701,5001
19806,65
21244,8040
20420,6677
15689,3972
16505,4727
18097,6677
2516,3209
1,14184
13,9037
2494,2527
0,130
0,133
10568,20897
18881,8514
1533,20040
54,56
82,83
4501,9489
15457,17503
10495,17503
20247,84
10568,20093
21288,7979
15204,8261
127,133
14567,873
127,130
10432,17807
15856,16883
15856,16882
10079,111
10568,13827
21984,70
13634,7979
15232,8814
11347,836
18762,7701
11900,13985
108,7749
19806,8833
22,46
4189,72
14102,84
11991,3276
131,21105
14227,18828
5331,7686
1723,83
185,35
15541,9610
18684,22045
19989,3803
10568,2125
1926,20687
1772,4628
13468,1705
22309,86
6402,77
1064,19248
102,15535
10644,1409
131,17975
10345,3800
10816,19187
1,830
26,7954
10568,18038
26,8097
14442,8
11136,14711
13793,7979
154,19247
111,16
10207,3017
16849,31
2077,289
3027,83
13985,9291
143,920
21119,7735
130,16469
21728,5744
11178,15655
21186,7549
14322,6677
19027,20946
110,7245
19904,2118
13100,3655
15617,7032
18769,77
12521,3744
6793,7883
14145,18828
14537,3047
6537,8053
3023,8
3292,77
3795,7549
18604,22271
18560,21437
14312,144
112,17782
121,76
20936,31
105,41
11991,65
143,2462
16673,2118
145,8833
15689,5285
10066,6573
10089,9529
41,94
16783,7330
10568,14304
18345,6043
116,15361
11845,18746
4562,6677
144,56
16557,65
144,54
13308,4238
18314,21481
12222,1705
131,17367
17506,61
108,20928
102,68
17305,19477
18314,2170
8525,9209
22255,70
22255,73
14865,14988
1,8390
11702,39
19933,94
20750,6616
15962,7979
115,139
15965,7444
17221,6157
6,6081
17414,4969
13793,17367
10345,2811
2212,8095
13220,8799
17554,20469
7582,7979
15361,7584
13506,8576
1,11821
20,6191
14997,1705
1,1029
142,9254
10470,10568
1,1026
5177,61
54,7530
12746,14701
15541,21330
7883,9570
13506,48
3,8799
20464,94
1270,12922
21983,70
105,108
127,8216
131,3998
15978,76
135,84
135,86
14567,16944
10207,8902
17181,7979
1150,48
108,16800
15736,830
10850,7979
14376,2846
1847,9070
17367,18891
17181,83
1796,21957
19196,6241
11642,14272
15541,2811
131,14272
67,68
20221,6795
1,6081
13793,3073
21437,98
11418,58
10568,5959
15361,18246
10727,20660
19027,21396
5094,7979
12642,5318
10132,18933
13,9583
11106,130
15856,4142
2340,54
10351,131
29,954
65,6727
1,4725
4845,7549
15436,61
19247,19873
83,9741
14567,19
10042,5339
14272,29
10042,2452
5408,6520
14248,77
94,9449
1126,21831
16021,77
1928,2823
0,18828
10042,11085
20231,9777
131,5654
11335,8813
6832,77
6157,7285
21436,58
18952,9253
11124,71
10543,7979
1,8517
1,14885
11085,17232
19934,77
16651,17305
13468,15537
18314,18730
17746,48
18587,6727
27,3685
18774,63
7802,84
20130,5744
1146,13501
12952,830
10350,19247
108,16789
19,3138
127,76
127,74
2846,3259
12222,17007
14362,14865
1705,19058
111,21481
14450,4652
6402,94
136,3654
111,7075
16854,9801
10070,14654
11752,16329
133,17165
34,8544
10568,7883
139,15361
136,6932
10568,17630
13610,3166
14272,9608
15361,6790
1353,1405
0,22255
131,15215
10496,76
12648,6
15896,4197
20250,8294
11124,136
6084,83
13392,15856
18314,9070
14567,15081
1,19104
14490,54
12294,19967
2101,6241
18828,2516
366,6718
16854,5010
133,14638
11193,12222
1158,47
14553,2096
19027,47
20593,2516
13,18626
16926,17339
13949,83
14660,94
54,7075
16866,5144
21898,31
10568,5567
12226,7569
144,2874
112,13692
139,19672
16651,86
14304,1993
2870,9627
12309,7415
18000,289
11549,12280
4789,933
14916,20697
14011,17
2313,84
1097,14227
131,8544
130,7251
17503,7694
14865,20753
12911,458
1285,21463
12543,7397
11179,21090
130,22421
18746,9508
1705,211
13,8793
17782,5177
11482,130
20695,5460
16688,9969
14710,7979
3,6404
10568,17802
3065,4797
10042,15446
2118,4338
133,4340
11304,14056
7444,9008
1107,94
13858,17706
12519,5219
14227,18166
5517,5577
3529,5096
17792,4628
16952,18828
16926,65
15530,9443
131,20464
154,18285
58,7749
16188,19989
12514,130
14814,9999
18881,20516
2516,9305
1458,2516
6179,7444
39,9388
39,7414
15492,37
7979,8862
14511,878
15361,173
15361,174
133,17573
15965,2025
10042,8194
4628,8635
112,14160
1397,18314
15385,65
11789,1833
6205,8895
13224,6157
37,91
11989,27
18828,21671
17861,3974
4100,65
7169,94
20130,289
0,14806
17975,7979
14865,21774
20845,7183
1380,31
11769,83
20552,8762
17503,5601
11023,8
14775,66
10042,4198
17503,7979
18106,8879
15611,8
15435,61
16805,83
77,7749
10653,15278
65,933
13738,9938
16489,2932
20309,7145
11701,15136
16551,21462
116,29
10085,2177
104,76
19896,5177
11028,83
1,1408
58,8824
145,22466
1,3138
19477,2118
116,6790
15511,7979
58,6820
2192,86
10568,11304
15930,19308
10805,13793
11053,22354
4956,7979
10568,13793
10568,13792
4075,7444
16,73
10568,7336
1272,21396
10501,11485
7445,94
15378,21681
15709,4577
6677,8767
12521,7979
11752,20293
18287,289
12667,13996
16800,3530
1,20460
4393,4727
16300,20879
2118,335
39,7302
22355,77
19,6095
11821,19
108,6127
14567,16511
3276,65
12664,7318
3056,77
10643,22069
17209,3351
17047,5001
14636,94
11304,17503
18828,19670
6912,77
46,80
13393,17807
16641,4037
10568,6007
13,16933
11395,18564
16418,83
12015,13072
21245,63
27,748
17305,21368
12557,83
7169,8150
15391,21288
18828,5701
1608,6735
43,6824
7105,7989
21723,37
22378,71
18262,86
14470,27
15964,54
21244,22423
14449,6600
11630,14272
10038,21554
13506,16188
405,86
260,7445
13393,17119
14865,21385
14711,7979
22352,6988
5170,6402
1125,7979
17025,26
15236,65
113,8402
21387,78
14200,65
6627,76
1723,7397
1215,7425
22093,83
17663,8705
12402,7979
12155,1705
19710,20317
108,13014
30,94
13468,4628
21019,5744
3587,7397
11253,14711
10996,6
6811,7979
20477,6205
5115,7979
17807,21146
20926,6795
8514,9391
15965,19
112,13018
2877,4037
17807,586
17807,585
1,29
10638,13468
6791,7330
13613,14567
16234,3971
10252,94
102,29
17273,22352
10345,10773
14567,7436
48,57
14783,8874
15856,7514
21244,8833
13842,59
54,6915
127,17386
11858,247
127,17384
127,17385
11193,1705
110,131
154,9570
110,136
10,2846
13858,7330
10,26
139,1847
139,1848
130,22009
1485,84
7979,9603
16376,3375
12736,17367
10128,2118
10274,10568
139,8402
7733,83
17933,3464
26,8874
13591,14567
10568,12222
29,30
14567,3557
15028,59
20967,72
16551,4628
14227,19237
19,2963
17768,18393
13443,15689
11680,18468
10042,20448
13574,54
13071,70
13418,9837
12248,8813
6,9595
6,9594
17505,68
17047,17503
4037,5660
7584,7979
17513,18314
1,18776
15703,7979
4255,77
117,63
111,22255
10568,18539
17305,410
18292,29
14349,47
17,20728
14450,14567
14349,48
1438,9103
10345,9582
136,17170
108,22207
11178,20303
10216,19187
154,17866
1215,72
14272,21674
11603,6588
12266,2118
23,49
143,6935
13,9098
17563,8
13832,70
5808,7841
315,83
15299,19488
18314,22255
15266,2118
14056,1705
7385,7979
15327,41
15948,830
21043,9654
20547,98
14304,9570
10470,22378
21048,31
17305,6577
17543,42
131,8403
18595,3
4628,6710
13,7584
13186,63
14325,2118
1513,3608
15736,6795
133,19405
133,13793
1,7480
121,8131
12660,57
11891,2898
21831,83
10568,15535
10638,17025
1880,5009
17503,6627
16342,83
3530,3654
13501,22428
12222,17047
102,4577
17785,9277
19405,7942
131,1597
14524,7169
17305,8247
1177,17305
16935,3903
12226,2846
17047,7598
14100,84
11023,18577
2518,7979
21272,8
22070,8592
14599,4628
13990,17503
6446,6735
58,739
22268,94
133,19079
5001,9037
5331,7598
1,10546
131,13767
17503,22137
1689,54
10295,1353
13506,17305
1705,17503
4488,65
131,9874
15232,2237
15535,933
21721,7032
17026,77
17,21620
13715,20953
10875,18714
7514,9572
16926,19790
22323,77
15136,17564
21384,94
13893,652
18577,9008
18138,7701
13556,17503
12619,54
12280,14865
14449,15930
10543,14711
19136,40
14479,3971
2209,7399
0,74
0,76
17503,3484
130,8216
11752,16567
18911,4881
11877,8515
13635,7979
111,2737
17661,22255
112,3309
15878,5772
18711,6016
15492,6504
47,6445
47,6446
17503,3735
12745,2846
15081,16979
16687,4037
15204,9346
10337,86
15689,17361
18314,19360
4627,96
11852,133
17340,3362
17240,20148
16032,3453
12586,1796
118,6402
21738,2214
43,5612
112,2307
20552,488
15361,20191
12744,14775
16,3
18933,7696
11156,289
11877,16979
10568,8736
12665,8789
15733,18075
15776,21042
10568,7701
13486,13793
14823,17945
10568,16552
20033,21263
17252,94
142,7584
16729,19
130,14096
6,795
17628,6619
44,8
19,21308
12055,2516
3795,47
10042,20423
14069,6677
11680,65
16061,17861
17793,4628
131,15657
289,5603
1,7122
12091,13574
7444,8
4065,65
14969,19187
16932,4462
138,3533
112,12606
122,22095
34,4301
10568,1705
2516,8051
5781,7979
12746,8814
18992,8874
15880,18314
16754,212
4750,871
18747,19860
16173,84
1353,206
2557,77
17045,20201
18314,20346
15537,17365
11294,20845
15217,6
13,13793
12537,8
22043,5010
117,6677
19713,7399
13,16456
1408,8577
5983,86
15327,65
20254,40
14272,84
10243,6094
17656,6791
133,8146
133,8147
3298,6677
1409,21069
10,14184
15286,22402
8833,94
10259,19997
118,9619
107,15517
2415,77
10651,9437
13411,3258
4065,58
13793,144
18505,47
14900,21956
17006,84
5860,84
8768,96
111,14312
14009,8987
10628,139
12222,26
40,8027
1162,17
19535,6
21841,289
14775,5
12434,14537
6404,6700
14227,18539
13817,21754
20253,94
17232,58
13988,83
16140,4475
15695,835
14148,27
18986,289
101,13667
18828,20042
12,5170
18539,2516
1128,20148
289,8512
16952,6002
16524,29
14465,77
8288,8813
11915,13593
108,14490
1674,4879
19860,83
26,933
15361,659
10738,11537
18604,6596
2528,70
12663,7979
18609,4348
17975,8992
136,2018
13419,7979
18372,18564
21608,9938
17336,6
15689,6551
14567,2957
12304,14272
112,4325
13501,289
10568,9938
10534,94
4211,72
13718,16979
17,3022
17,3023
15015,238
5,5144
26,7183
21698,76
11752,13609
13830,14403
2359,3
14953,9938
0,10
26,2713
1157,18828
651,8317
48,9582
10627,15361
19860,2423
16304,4405
12294,16862
13468,17213
20674,9253
12622,2963
19728,2544
108,163
17925,83
151,7330
1674,7572
12222,130
108,6421
13070,70
18663,20928
14537,18083
131,5711
12682,7828
5711,6912
131,3654
16826,22191
12497,15232
108,20432
133,20516
14997,17503
3744,871
18463,289
2118,3623
14524,1928
14567,1864
139,2
12222,17503
15232,8514
19724,31
12,9536
16933,65
15377,9777
3972,6832
18828,9305
112,18363
20124,40
108,19847
1971,7075
19048,2811
108,19848
14146,14567
16551,17503
13873,83
63,6677
14865,16089
1309,61
21523,31
7979,8516
112,22117
21369,7514
1106,31
15592,16688
1272,3
13793,1433
112,6402
21437,3
58,7218
14900,5652
13946,65
10039,900
12377,15940
11221,15361
137,96
795,9169
130,21894
20564,93
11085,16926
11688,2201
12151,4576
10155,94
29,8448
18314,9175
18675,70
18345,2846
11304,21450
19,20273
12398,86
5,88
4706,86
10568,4861
102,7658
17181,6157
11680,19993
22196,7438
7908,8345
12222,8338
10568,13738
15896,16979
17807,3654
1303,2118
13271,3504
14567,6241
14567,6242
96,9760
10345,17746
21256,35
19,9610
13077,9253
11866,1525
14567,20274
12057,1396
10438,15235
20,43
11640,4826
16542,20200
58,6999
21111,5
1530,65
14335,17316
14322,22378
15539,21964
10968,5744
1029,6404
17763,58
77,9271
14933,8468
1,7440
1,2963
1,7444
12490,8425
12927,83
7,780
11326,7979
18908,8813
10727,47
11363,15745
54,9562
54,9560
54,9561
20812,3792
14912,8591
18575,2118
2056,4997
13327,4628
130,18854
135,13574
19407,19903
14865,4628
18137,7701
15361,16411
5591,6588
17232,77
154,20166
12947,20420
19227,83
10345,12092
17367,5045
131,5035
15152,83
3653,6677
14635,5744
16916,22255
16541,39
10042,794
12227,2348
59,9105
40,59
124,17425
124,17422
124,17423
12843,37
15237,8813
15530,21523
10568,17503
10568,14851
1374,65
21362,7979
12745,8813
26,7749
18564,6577
18828,21774
8701,9748
15361,16675
20860,77
11850,130
22013,7561
20252,94
17170,7398
17785,3
21384,9008
5186,98
133,74
11915,4037
134,15232
10353,14865
15012,16229
2929,9777
134,15238
4628,7883
7075,8331
19,9570
5897,7979
131,14396
0,30
18828,19212
47,6665
15299,7511
12057,1250
17305,3486
11418,14227
1662,679
3266,6410
8451,94
10,153
7183,9777
27,9091
2118,3995
21941,8832
13468,7883
108,6402
131,7774
11193,20910
17503,489
15535,3654
26,477
11709,18314
3188,6795
10864,134
3944,4037
12911,19512
11178,17975
17305,17513
20191,8
20812,7745
16979,2185
16839,7245
17340,3589
15856,7020
108,16373
1482,15361
2118,4775
125,19806
13793,14215
14294,17125
150,7173
12519,14674
16043,488
16535,17320
16535,18314
13075,7548
15745,3512
145,260
5170,71
26,6727
19790,29
4067,6
2518,8789
11136,7701
59,6681
59,6682
14567,22255
14396,3530
10568,17711
11028,16805
17503,5683
15745,2350
16953,1705
8,894
16722,7979
1595,18075
12863,17807
15530,20263
10184,16979
4965,77
15392,8864
13447,15689
5786,7979
130,9281
19638,7979
676,6828
142,4736
102,10568
130,4533
1215,17
17181,7330
17782,2118
22207,48
6560,7444
22207,47
13,4065
3,4348
134,88
15361,17820
15111,2025
1958,739
17798,4628
20182,4238
0,11106
12222,22421
18828,2788
1408,3306
3103,6002
16805,18323
1875,83
112,1954
1327,15689
10350,14567
11124,15306
10568,21107
15128,15361
16854,9189
131,19708
16270,17367
20420,7745
15530,223
15530,222
15530,221
19899,4628
15530,224
15511,83
16651,18595
2118,5583
13506,3306
122,7075
112,3423
108,20845
3453,9777
11840,94
1875,315
112,18753
15933,21371
17573,3654
18830,8789
17305,22255
2898,5318
108,5930
139,6988
108,17182
10002,289
2963,8
131,20329
2615,4494
11105,37
19746,94
1,11705
136,7245
17797,4628
10042,8701
19104,94
2260,4504
20366,22295
18560,2065
136,15535
19,44
19806,8254
3,7075
15530,20906
14958,20274
153,65
11062,19672
12222,19804
2846,6677
17610,5177
2269,31
4640,94
6634,96
17731,77
18746,6795
54,7816
77,8132
5295,65
1500,2502
2811,48
18372,2656
18372,2657
14567,16489
17746,3
12521,83
10834,6157
16142,6560
105,6
14403,19405
13634,6995
133,52
13474,83
7443,7444
6207,9098
11569,4969
11485,26
15564,18314
19512,77
1253,47
10,10382
17807,20274
12479,14865
15965,94
16866,5038
10980,5772
21751,42
11642,70
18553,19993
14903,3707
29,51
14903,3708
10155,6828
1364,18746
12915,2811
1278,31
11717,14711
13989,17503
112,20464
18214,289
14096,96
16979,4620
10568,4998
17503,9142
29,5930
12745,5
111,11826
112,4813
111,11792
14941,5
70,9468
10607,2319
22193,8290
13317,18747
10568,3465
3258,94
16920,17503
19646,6
37,6573
112,2947
26,494
1562,5331
26,492
17516,9777
14227,3744
131,3612
1595,7444
1513,15827
16541,6677
15648,17
12384,7514
14900,7696
11026,5725
1881,94
11101,39
11335,29
4361,83
12267,2118
11356,12343
49,65
12024,4037
18577,41
11523,4628
12542,136
16854,4705
11713,20420
10438,15933
830,9570
14865,19248
11085,77
1272,16188
11680,149
10778,14865
59,8953
17503,3153
17503,3152
131,15940
10524,18166
2478,8879
10568,17263
2884,86
0,1
13793,99
13793,96
40,7245
13793,94
40,7241
4955,7979
15481,47
18075,92
11240,94
3972,77
4150,7330
3972,79
1,17393
12538,96
20747,4037
14672,21502
15597,83
17130,289
16979,20141
131,6346
4372,7979
30,58
17097,76
20989,83
289,6865
12350,14908
108,7842
108,7841
112,17376
4364,4852
6,886
12423,20812
14227,3244
11253,13327
108,4792
12273,5601
20191,52
10568,22349
1158,22206
10345,21679
10568,5331
15361,15957
4162,8254
16444,2846
13365,13964
3242,6714
12153,6410
5998,70
31,435
2378,65
17503,9037
108,5225
14775,8288
19298,7397
14184,8
14069,8813
16045,18828
1875,9942
13987,87
1744,4081
10509,1353
131,19728
131,17564
10568,518
11423,11752
1615,354
83,9787
10089,17097
15106,6
37,6969
4037,4622
4037,4621
1408,14567
6791,7454
17785,3258
17181,6991
20798,5009
13506,20675
16926,7245
17305,3854
11877,19957
10683,133
13308,150
18472,7979
14028,15232
13593,7032
17667,6791
14953,7470
11752,4027
43,5536
11630,20247
10812,65
10535,9209
4301,77
6241,871
0,9115
19465,83
14362,18604
17067,31
10568,11193
157,8288
18746,7979
11752,12202
13956,15745
13,2021
18609,8902
14272,20548
112,20283
18539,18828
15948,1705
10936,18828
12055,18828
2361,2846
143,21272
1,154
255,8288
21738,6677
1481,59
22378,4523
10042,22321
3,48
10042,22322
20014,77
13550,14227
21727,6157
14272,17673
1963,73
17772,21499
14900,19235
20495,2846
37,4576
13,1597
289,5853
21225,8468
112,19266
3465,7912
112,19264
2846,7531
10568,5836
12750,8468
20190,894
12664,14217
12388,26
13794,16188
17,20176
15012,21620
2100,2692
11642,54
13150,3971
11093,77
21117,77
15530,7802
12402,18746
16760,18714
17667,96
18022,72
65,8658
16575,8789
5496,65
12420,14567
1276,16805
148,3
16100,36
112,17141
130,4098
15174,7701
3329,54
21244,8890
10912,141
26,4921
18484,48
6409,83
20206,3460
11207,4727
22255,8813
2423,7979
2118,5177
2118,5172
17305,2429
133,20574
1995,2118
133,20577
10638,933
5895,8789
1297,20651
14865,9272
12955,13696
7455,9777
1,14183
21019,6814
15854,2076
13793,311
132,13667
1880,94
21148,61
17082,289
1,11002
1,11007
12839,16862
11085,58
11085,59
12304,16524
22391,3103
19790,65
3870,4347
13034,5009
15,17563
13803,14184
252,70
11117,15856
3,3303
11112,5772
7261,7979
19847,20845
29,6790
1129,14272
13793,3
14865,21405
10042,8375
1,3844
3972,54
1,10351
10112,900
268,83
14953,6418
1773,20201
118,65
2118,22255
15034,58
13357,94
7584,94
7584,96
6885,94
15795,94
18314,836
26,6999
19,7
3530,8
10568,1472
19,8
14567,2811
20191,76
20191,72
4148,58
136,153
12423,21875
14160,77
5,591
15361,15930
18345,18881
10744,21918
1517,9777
10207,3861
19,376
14017,7330
19,372
15913,21362
22117,47
17732,6741
22117,40
4075,94
12829,58
14940,18123
20547,3
1,43
11745,6795
13101,45
15129,20201
1064,14865
11338,70
21244,8150
10128,5331
2900,7549
10778,18747
20776,63
16651,73
16651,76
1513,21019
13673,63
1423,83
162,65
17367,77
17367,71
14313,743
52,6
1442,328
19744,5488
12,8544
10568,20236
119,79
10628,84
11816,14215
14865,6596
11752,15511
14900,7848
14250,20232
1,14865
1,14867
43,79
22207,7548
13858,83
43,74
1705,7908
15731,19891
17170,41
13715,18749
1353,16254
1353,16255
11379,7459
16188,2118
117,5
18518,98
7979,8923
15511,8789
19104,58
83,865
5,6677
6043,8514
18826,7979
10042,6820
10089,3349
13317,20221
16462,19
13501,17848
6,7245
14304,5215
131,81
19989,40
1928,21592
10183,8874
15745,6804
13,5782
15306,5170
1,8832
16028,47
11440,14567
131,6514
16022,26
13,20931
144,21396
17154,2846
1,2251
13,14717
1,17746
2280,35
17125,19
18538,26
19122,8361
2809,7979
12736,16832
19,20191
14272,9777
112,4327
86,8626
9304,94
10042,18289
7019,7572
11992,14900
12220,5264
10042,18286
11926,68
16783,83
12772,14043
21115,83
3907,47
1743,6242
29,90
3654,9619
17097,5725
5203,70
14567,21370
18828,4462
2296,65
129,17900
12299,26
15856,18971
14735,88
1155,131
1,12591
131,7067
112,9826
12294,3985
49,9
49,8
15361,19744
15011,17305
16952,5735
100,20220
4475,74
17315,19327
16028,7548
3291,39
70,8881
1705,20897
124,18828
14567,6560
21514,9777
136,65
130,2151
13715,15827
13793,4037
1406,4010
2668,58
22131,340
10569,3801
14421,2811
15451,5772
22429,86
11483,42
11603,42
7745,8814
108,17805
108,17806
10183,3030
15940,9777
4037,6787
11752,158
15695,17503
10568,15175
10568,15174
16854,26
142,18781
12317,8
59,71
59,77
58,7183
133,2032
133,2033
489,5001
4628,7979
1340,13793
108,15660
19308,9777
3796,47
17436,17503
10556,70
5177,9169
13962,61
3587,83
13293,8762
7501,83
14272,18380
16940,6157
101,9437
6,96
6,91
6,93
13326,7979
12222,5601
14962,19804
1325,8772
134,66
107,110
1434,19405
20152,8992
108,2103
11752,22269
7364,871
112,17339
16524,20247
10871,4965
21774,8789
26,8685
2185,652
16940,7397
14249,289
102,18205
19993,6402
22311,4037
48,6081
21148,6
17571,6800
17805,2811
16229,5337
151,16033
13,41
11106,84
11752,17807
13146,9636
18066,19462
110,4813
49,5536
11647,7303
108,5488
8789,9508
19980,76
19454,42
12273,17503
4628,9600
12660,94
145,6820
10042,15695
6795,933
18461,31
112,16524
6161,6677
5114,7979
11178,11999
15856,6896
4310,83
2608,63
19980,86
133,19208
2025,94
14567,21146
7382,7979
10474,9777
10042,11990
324,6677
110,17475
11179,130
16392,48
10351,15306
26,573
15278,58
7979,9508
14717,4453
7979,9507
40,4846
17170,65
12746,2846
10727,7802
19348,618
18979,7883
12423,9999
15856,7140
18776,2668
