16046,9186
1,6
15291,77
10107,54
10,6677
123,16469
6286,7397
11642,54
14567,16511
0,1664
13593,17084
133,8132
18747,2957
18747,8524
15856,5021
77,853
10321,13
4628,8789
54,5530
6665,8073
102,73
17305,20346
6157,8640
14771,86
10568,21469
11304,17503
5640,77
14373,94
7330,83
108,3453
14069,21005
22047,7337
10972,14567
108,14537
12588,83
1009,94
131,34
16046,9570
11193,1705
324,64
133,16625
108,17491
64,77
22378,4424
12221,18528
148,16046
16122,5530
13862,20518
12588,6404
15481,4845
41,94
14674,6157
7169,8150
140,3
14508,18747
12155,19602
13654,4198
15481,21394
12202,6340
18730,2118
10568,15537
3810,6677
2326,77
17503,19479
4787,86
1533,6791
1126,6791
13,4198
13506,14567
7443,94
18020,37
18262,86
15964,54
18747,243
140,54
11720,2928
17818,4198
3,6468
10568,12155
1581,26
1,3054
11543,3983
7397,8509
18246,6
108,18609
13425,70
19535,6
11017,18853
11901,47
15748,22265
5,8514
26,3176
150,17271
7444,9449
16590,83
16298,83
10437,3
11017,19122
63,8514
17924,2885
16046,20273
10568,4698
17924,47
3315,77
123,13801
12983,1396
11642,22378
47,7436
22343,6
17267,6
15136,18747
18952,3
108,4062
26,830
2986,94
14272,2018
21239,5527
10568,17047
108,13014
13217,148
54,7530
15184,6559
5331,7872
11249,13
131,6912
63,8288
20518,7317
18357,83
11674,54
21752,4845
18143,8789
110,17367
11874,54
18747,19670
15184,5010
16979,20201
18747,6574
11772,76
17731,34
649,77
14567,21239
110,17564
1,14958
21887,8468
10568,2977
13987,37
132,9437
11840,94
20331,84
21887,9777
20647,21138
19122,20524
1581,64
10568,1477
21938,7514
10568,9938
13506,9730
9008,94
8259,94
1496,61
17807,19668
15535,17807
112,18588
2249,77
110,131
4148,58
142,17158
1,3306
26,6205
15509,77
26,7183
20726,21352
2977,4445
133,19352
18739,8789
112,15534
13,81
6665,7436
17503,6795
18747,2965
10568,9627
26,8874
14567,19366
16590,17503
8468,9777
10217,83
131,20931
64,8
142,15689
15361,18246
12675,7330
5,6043
5475,83
12701,142
15361,18318
16475,17252
17692,7397
131,1352
18747,3362
10568,9159
22265,7
1525,7443
13795,77
13,16447
1525,7444
10568,12222
22047,61
21839,61
1395,22368
14860,6665
123,6659
14674,83
6677,8878
6677,8879
10568,2928
10242,9777
18747,2061
1971,54
83,9741
13420,18747
6,61
11619,17924
13313,18356
107,131
108,14984
21564,98
18747,21620
54,6462
1,12909
58,6246
1,20812
10568,818
10568,743
15125,18747
7657,94
17853,6340
131,17375
14796,26
17565,83
131,5711
108,14186
16046,91
15520,16426
14567,83
1126,83
21840,61
1468,20752
10804,77
11543,2118
13540,86
2696,37
1285,94
22013,6677
12271,15932
3,5699
13,17516
10726,17305
58,94
18747,6
18730,6665
14674,9265
10726,15361
18747,27
4969,83
1,83
2118,8638
16872,18747
20420,9437
3,6462
19790,77
7444,94
20568,94
11955,17807
17807,933
15965,94
14676,6404
3,8548
10215,788
127,76
15744,8762
18747,2937
14567,17000
5009,94
1218,7514
16783,83
11106,6
16584,21752
1126,18020
14865,18747
1,16046
17305,3618
10568,21119
10561,6
6791,83
145,26
21523,31
21005,9437
112,22117
13988,16046
17305,5405
13155,21752
11562,18747
131,22378
17765,19358
17503,4628
18106,6677
17503,9142
16475,8040
10991,6730
1517,3453
58,6247
10568,7883
14537,15509
18747,4431
14701,20579
8701,94
26,77
10345,14537
10215,6677
1126,9942
17737,83
11017,8988
10568,3465
8792,94
150,16426
17503,2375
14160,9777
16046,6970
17503,8789
10568,1468
18747,4111
13531,1705
16541,6677
17305,18730
131,3998
22368,3107
18747,83
13,6353
11688,14567
15361,19538
18911,70
1,43
17491,18609
14422,72
18654,22053
110,13
10568,148
16475,94
11752,6
15932,21810
1158,47
5021,7266
13,18629
16927,6677
14184,18747
17707,83
4588,7099
7397,8221
13,18626
2560,8468
14733,15964
10568,3971
7245,9777
7746,8514
14865,19249
13440,17807
16382,22368
21119,6017
3,6385
83,8509
22378,2511
133,18676
19743,22047
21352,5331
11249,34
83,9942
11752,83
5577,94
11688,12952
57,94
16398,488
15856,9292
131,5367
11752,17866
63,8743
1125,7652
11338,13425
20231,6665
153,6677
17692,7330
13739,17765
15481,47
13293,8762
5,9437
20726,5331
131,297
20420,21005
14186,68
5009,8701
19649,83
26,41
8288,8514
16046,30
13506,17305
1705,17503
12222,1705
12588,18604
13425,6180
11840,3453
19744,61
37,52
19743,61
15343,9431
11028,7652
20231,21752
17854,8789
21911,94
16046,83
22429,86
10568,20726
26,9172
25,8194
13691,17503
3844,94
7443,9008
4701,6130
86,9281
11933,6730
142,20632
20495,6677
15747,15932
1096,131
13673,6677
131,9536
16046,2963
14272,22378
3716,61
15695,17503
3257,54
15481,21752
18020,83
17077,8762
5177,6
59,77
6795,9142
2560,9777
21018,6677
13,77
21916,4698
4071,77
12947,20420
14701,7745
13,5170
111,6441
1126,7652
11619,47
7169,8259
15361,5264
0,74
0,76
16046,4111
1,8851
10568,17025
131,21144
14958,6462
17025,1705
13,9037
11483,2118
21752,47
22309,6665
2429,61
12843,37
7443,9186
16866,94
16470,18538
10568,20285
26,5010
20609,77
10568,17503
2238,27
2518,6795
54,8643
13574,22047
6665,86
13,7443
6,93
1533,83
3016,77
4518,83
18747,2963
11750,8789
17852,8789
1,6404
131,18445
7169,94
14771,6665
14958,16046
17843,9788
17503,2518
18747,8789
11752,22269
10726,123
17305,8131
16372,20765
18075,83
10568,22378
19790,5170
13892,17503
123,6993
17807,18747
15361,7001
14537,19790
86,8636
18505,19695
16046,16172
14567,2544
15914,2937
3743,54
118,21930
2260,77
5225,77
1,14676
17565,18747
19743,20262
15291,26
18106,8879
10568,18385
16539,5331
14026,9022
22117,9777
108,15964
13014,7727
11877,16979
18747,6422
16729,17503
10664,16539
12280,20190
10568,11193
2885,47
10568,7701
131,77
133,18688
83,8510
17503,835
8789,9507
18187,4062
5310,54
1,12588
13,34
10568,9779
2526,61
14272,8216
10183,18538
123,2476
22309,86
1525,94
11440,14567
12033,86
13,2232
15611,61
18411,18747
14304,16046
17367,4619
21244,94
12952,58
11520,76
20014,77
10568,6727
136,77
6795,835
1156,13313
6024,72
108,18187
1,14561
22368,4043
12202,21119
10568,13217
15361,2789
18747,22251
10568,15221
54,7682
10568,1705
16046,17604
17262,17807
12073,13
12155,13313
12509,6649
7087,83
12155,17410
12509,21019
1581,77
15286,17305
13988,17503
10773,18747
17503,654
12884,54
3372,6677
16590,19479
18524,6677
2192,86
131,14322
16172,58
145,19710
108,16372
8150,94
10568,18424
21457,94
108,68
