1,8
1,6
10568,7199
1,3
6731,894
11798,11799
11348,7514
5010,9538
108,21886
58,8685
18285,20559
20518,3500
11256,14272
1705,21469
17305,20344
7330,83
19,3753
1,5268
108,14438
5280,8047
131,6820
10042,7979
102,7550
18314,5172
17300,871
15856,3800
48,9946
15361,17367
468,6795
138,15659
11193,15537
5225,9777
6088,83
19709,6375
19828,6741
21563,7
14272,21757
19728,77
13501,21699
18746,19860
142,22378
18121,4388
16783,65
122,1530
123,9852
17503,7388
17503,7386
13034,94
123,1497
123,1499
243,6
129,14322
0,16329
112,20480
20420,5280
10939,7701
13041,6
111,11731
11124,3654
13292,13575
10040,37
17503,19091
15537,7883
10066,17367
10568,20910
18551,9291
108,10848
10242,921
21208,9777
3903,9582
1024,10568
612,9384
1877,4705
18314,7439
15633,40
17924,4845
122,19250
142,18760
16854,41
11085,13
19,6404
12768,76
16979,9661
14272,17367
77,9105
108,11085
18131,26
6157,664
21019,6677
20518,3999
1517,17516
1,9570
125,20263
17951,4628
11485,13654
14860,6665
131,1855
4081,96
112,1254
17518,19710
10568,13308
18139,18774
107,131
4788,65
131,19967
10773,18730
17305,1969
1882,21272
3306,5527
14567,9637
12512,4628
5892,9291
1662,17815
662,7397
17233,9777
27,3
12173,1353
27,6
16752,77
123,979
86,9472
20464,5610
10568,19426
20420,9437
13,65
10568,9291
11934,1408
8685,9727
136,17516
20518,813
13,17721
2118,5054
15976,87
19,5814
14771,6832
10183,12461
112,51
131,7452
112,56
17924,3907
10242,13776
131,22052
139,5177
0,6731
10183,5927
15278,73
17721,77
131,3972
12989,20128
3298,8813
20523,8261
5727,8225
340,6677
12590,1353
13418,17796
131,5582
13567,14537
76,8216
13325,19
11899,7745
47,7075
14567,1944
13,3972
4628,9483
17738,3817
1750,77
6241,6242
19799,8799
11799,129
1,18957
1353,17224
10410,15797
14160,9777
18588,54
16142,676
3094,61
18445,3654
13433,19
131,40
13498,83
18931,7979
15535,7292
1928,20464
17305,76
10345,57
14227,7268
131,19205
22415,6677
1132,2118
15612,94
12911,2247
5,9437
131,15060
21146,83
2004,83
17305,20365
65,676
6,6672
10568,6731
1396,4085
7598,9627
14272,9733
5331,9627
12643,17182
13,153
13,154
58,7445
15903,54
1,17477
154,3456
13114,54
6802,83
18609,4749
18075,8254
2249,59
2968,8307
61,9908
2103,8712
1608,6665
15517,20329
18747,5010
10568,3971
11901,19027
20518,22180
16100,54
21018,6677
17644,6677
131,3565
18404,3367
20518,8405
12901,94
140,7942
47,5003
12283,130
108,6127
17807,21503
20333,77
13290,207
7173,77
11906,29
17305,5860
13323,17737
14297,19104
108,5038
19,8799
14272,5223
20134,289
3453,57
1966,19860
17818,19710
15930,9777
58,7908
26,5010
1517,20464
11713,6677
112,3016
12381,13500
13,19005
18314,2931
10812,131
19832,20518
19,7083
3632,94
21699,289
16944,1969
246,8862
2428,58
27,98
59,7173
11221,1814
59,6885
139,20365
6828,94
20518,2806
6791,83
13575,16238
1367,14272
12222,21469
131,5170
13,6400
11240,19
2103,26
139,8518
29,7245
55,67
18468,22415
16847,7939
8813,9437
8230,834
1408,2544
11249,65
108,14573
5,999
3190,6157
26,57
10345,3800
18838,6677
47,9582
11060,1517
6665,9091
26,58
11680,7266
14567,18527
12745,63
54,7681
1007,22323
16188,54
17053,2963
1098,54
14748,1958
1928,58
10,17503
5038,65
10568,10638
16982,19
10568,1416
139,4576
13379,18314
131,16800
18814,6795
17232,17818
21384,40
10717,17367
14640,16496
14905,37
2018,7292
3042,4727
13673,7745
154,2260
14272,4340
130,16729
13496,83
13607,3800
5782,8879
112,4930
112,4931
112,4932
15198,21117
13271,18314
20947,5280
10042,5010
12226,15232
13567,5170
13575,1705
11485,6999
1608,47
14674,1533
13400,665
11799,6677
14567,2558
11554,131
16402,26
16554,19
19104,5280
17,8425
17,8426
10345,11165
12492,131
44,7444
26,8023
35,6677
11520,131
11222,2118
11187,11584
1,99
19205,22415
11551,289
13531,22421
10568,9115
1882,8
1328,17564
125,5860
15659,77
11877,21451
12911,2260
6677,6741
130,4711
15517,2326
20518,7317
131,69
1083,92
123,895
13610,83
16979,20201
13,131
13,136
6677,7561
17738,7397
5683,7701
101,17154
14184,1724
65,7292
10939,6795
8025,8813
20930,65
14084,1513
289,7725
2249,77
17972,65
16730,94
15509,77
21138,9379
15677,2661
12744,6677
6665,9281
2947,37
10726,3
10568,9627
10605,15204
5769,8080
13309,6547
19478,2811
108,9172
11770,17807
18314,91
17443,6791
13,19790
73,7444
12673,14272
26,5038
17366,83
10495,9142
1180,9777
13838,20518
21725,61
5264,9820
20979,7064
2744,5331
21019,76
21019,77
6418,7997
17503,6727
1018,2056
108,41
11900,2018
21514,2214
1533,8254
17305,22420
130,13728
86,9906
18345,2846
15592,19061
10410,4433
14567,81
1126,83
11004,835
142,4340
21005,63
17503,20683
12031,13
17064,83
11798,6677
14449,18246
20449,9643
2006,6157
58,698
11240,30
22349,4998
11482,3
11781,19212
10568,12460
1353,18314
17503,489
11106,6
11320,17340
112,1297
19104,3971
11437,3051
20250,4986
136,15011
13858,5070
48,5961
18075,5475
10715,153
215,86
18747,19
8701,94
0,21117
12352,14885
12847,26
15733,9430
1254,21808
10232,5331
14018,14748
19,3453
18609,7842
16456,58
18166,8875
11178,7979
16090,86
13506,16116
10350,7188
125,7369
16703,16850
17912,19
14253,77
11875,16979
1126,7330
5,63
5,66
14250,9366
3971,9317
1620,8587
107,3777
12222,3971
4879,7572
16979,8363
16979,8362
16979,8364
15856,4433
3043,4727
14272,6
16866,5280
17233,8468
1,4528
17305,2383
112,136
10042,26
10042,25
13490,17503
131,7145
26,5937
15642,6795
138,5639
130,3386
11936,31
1096,13327
10622,83
17340,83
15509,6832
150,22415
108,20333
13038,6
3311,7690
10482,15159
1166,77
11752,971
18577,8701
14322,18106
15420,17503
10543,58
14272,14769
14958,19
3768,47
1379,9291
0,8747
10042,11357
18204,83
230,488
19156,57
108,6341
14227,17989
12394,6643
1550,9777
1024,17534
19334,77
19860,5280
112,7439
18106,77
125,5842
10048,94
34,77
12542,2018
21592,94
10325,9777
7962,88
2965,3836
2412,58
20518,7156
14674,21889
10042,11006
10568,6516
13089,20518
22219,3438
18576,86
1004,87
139,17784
17305,21186
11915,77
297,77
8023,9291
123,20083
15732,4781
1396,219
20518,7379
20518,7378
1353,485
10759,5264
14018,1958
108,5318
13539,26
1233,54
18314,1969
111,9254
15866,4628
17573,19104
0,9654
15107,16705
21450,7931
3869,86
6698,77
21360,7745
12542,6677
18314,5080
20518,4239
13490,7701
12222,933
11900,6677
4150,83
17060,19422
13531,9291
1,12409
1353,17905
566,6192
20011,22378
65,6689
291,8928
5670,83
19176,6
15931,17433
11520,76
11620,5264
131,136
17707,8448
10908,94
18345,2018
21111,5
13501,18986
10373,10781
17503,20910
11193,7883
16489,2932
5,8813
14272,2861
108,17888
19477,2118
2192,86
2385,7330
1200,14553
108,67
11304,4628
108,68
7397,8076
16021,17503
10622,17340
14396,29
10568,12449
18214,21385
110,34
16151,6390
14537,9777
0,1664
47,54
1084,6157
1125,17503
14567,2326
18314,2686
18121,20515
16839,77
30,94
1,503
6885,77
110,9149
14865,8653
16738,87
22298,3
108,14537
12952,19
12222,94
71,7245
18166,9674
5010,58
131,21868
14941,63
14567,3744
5756,83
6795,8789
19422,73
7330,7733
17169,5280
4072,7330
123,22266
10568,15537
13673,21111
8036,8685
1533,6791
6055,9218
1823,21138
21239,21371
17367,20879
11447,6677
11680,22415
12528,26
26,9113
15736,1705
18746,21360
20952,7364
6348,9291
19860,7733
13319,289
10582,5280
10042,17763
17503,17657
13,4269
14272,21527
2996,94
76,96
2811,3367
3298,6677
22011,9181
40,5860
21999,6961
10568,12939
14029,47
108,5330
121,86
12902,94
12949,54
44,8196
5180,6665
17472,7105
1229,13706
1870,6643
105,19
17503,18882
17503,18331
14567,6468
10042,11116
20572,20594
19,6560
112,17611
10568,14479
18746,18930
142,19641
14184,20638
1513,20129
12788,84
154,4546
2932,376
14018,58
5113,54
14272,17201
19989,9730
131,7830
13,7188
11752,16046
121,76
1,58
17564,18368
1,55
6346,649
13987,17251
21111,7745
12040,13989
14227,2516
26,4798
14537,71
14962,1705
13623,83
15092,16151
13691,933
5225,73
14865,6422
83,994
4827,77
17864,9777
12475,94
14272,2254
14272,7483
108,12025
1394,34
17232,1768
6585,6677
3880,83
19993,6832
59,9544
11596,3971
13,4453
141,9999
13506,76
12519,17807
108,11646
10042,5727
15306,19063
10568,18496
12,13696
29,3418
14771,2118
12745,6677
108,15709
1353,8415
18760,84
1705,6627
16190,17367
129,5280
130,86
18046,6735
13506,19477
3298,999
16461,3
13988,15191
3906,47
12174,17352
22466,94
112,19806
2637,3453
566,94
15232,7745
16031,9106
0,12022
18828,3209
22378,324
3080,9271
20329,4878
14674,7875
22179,2333
8150,94
13,9007
61,6790
4628,5969
0,142
18449,4628
10042,15420
14170,18746
17216,5408
15965,58
18234,84
19434,61
13,6353
15940,29
3432,83
20477,72
3487,94
133,21154
3971,7292
110,13
110,12
16410,9777
4072,83
13420,14567
16839,58
1396,21195
19993,65
1057,14567
3455,5638
131,21112
10568,12395
22378,5280
108,659
20329,3248
11752,83
88,999
108,5536
6402,65
16854,9451
2870,3971
18916,5280
11304,11718
6,77
6,76
108,7064
6,78
5476,83
16866,94
12377,2118
133,19208
1581,3654
26,7797
8846,94
0,8751
142,6927
17067,9027
15535,29
5641,6615
11956,142
19,2811
0,22264
58,743
10042,19908
26,9172
10568,17503
77,9544
18540,20518
22330,810
14272,22378
22378,29
13480,20762
10042,15965
14304,1705
20848,8685
4787,7745
4501,61
130,16789
6,891
131,7105
18524,8879
26,8552
10568,4628
10568,9218
110,71
10568,13468
15336,21699
1588,18314
20201,834
105,37
110,77
108,18404
14677,20518
41,65
18881,2846
1276,20762
16530,6157
17924,3983
14365,4628
20594,7397
12144,9643
1353,21019
16926,34
26,5536
2478,6677
1396,20921
17305,3618
17807,7505
12168,94
1,3823
4072,5217
1,76
16815,2218
1396,21523
14860,86
20515,8704
12621,18
18595,54
21362,8789
12479,17503
15537,3971
1408,9304
13623,61
112,15940
17807,7510
123,2769
5217,5476
16393,17305
21312,77
15965,3753
14865,15847
13702,61
5280,9627
1096,13720
12911,59
11240,13034
14865,22215
14865,22216
14098,84
14865,22212
15509,18715
14189,3983
10345,14771
13681,37
21446,3983
15024,3080
10447,21284
21478,3800
19104,3217
6268,94
18239,84
12460,9627
12280,16229
10350,12911
1396,18314
47,9730
2846,6797
11193,3971
18746,19593
1311,4727
10274,1674
13393,14865
21490,5038
83,9419
21457,94
108,4749
8036,94
16982,7330
1786,19860
15931,73
17110,20418
14198,19104
12774,15147
0,17073
12037,139
11304,7979
570,7245
21222,83
0,127
18314,19477
14567,21774
17807,4198
11304,21469
1,12915
10,17807
17836,3800
16046,19
13715,15035
20518,21937
131,14396
21478,7963
131,5641
15492,6
108,29
16807,5280
3217,3971
19237,4477
18,23
11124,1855
15232,2846
1525,18464
11124,40
7397,974
15504,5677
18246,3
13654,14125
19328,4202
16567,19
6560,9673
11530,14567
20518,3136
10183,1877
5280,8491
22314,5280
3743,54
2944,799
15306,22378
12967,47
18263,86
5010,9789
65,6885
1408,16469
11916,12829
14396,65
18856,87
11036,7979
10568,18424
10568,17047
2070,6157
1705,9985
12025,6586
15350,87
14184,16229
108,3017
16851,6831
10183,16496
14656,5485
19104,2538
5009,94
13987,18528
102,14490
14771,18314
10568,6055
5280,754
5280,753
5280,752
14539,17356
18940,37
3901,676
15361,18069
11877,14728
18575,5177
1,21490
19122,5474
10042,13654
14272,22319
10856,12911
14449,8544
6677,999
112,20876
83,8933
14567,7979
14367,4628
1200,5009
3077,83
10568,19148
6410,77
21887,3376
11124,7452
10568,18020
15517,21063
123,17894
12621,9643
76,7624
17516,26
2846,6303
5335,83
8468,9777
17305,6790
12280,13420
18723,86
102,17305
13332,8491
14711,14865
18166,6187
108,9583
58,8194
20615,3744
13329,14908
12990,131
130,15856
16496,5280
2018,297
18131,7323
16651,18314
13420,8789
109,17
11752,21146
14567,20365
15574,3169
11482,17305
10568,409
14524,9777
15965,65
20420,788
131,5782
29,3683
13468,7018
1,10
16866,21457
15599,40
21282,83
1,19
10568,743
15688,6677
16985,9777
18539,7514
102,51
15011,15361
37,7439
19104,6403
4628,9570
19,7218
352,5641
1326,5280
13094,94
105,3453
30,7745
118,58
18577,94
11900,21111
10,58
14480,5265
15538,8684
4841,9674
4359,8813
18314,7624
19508,5725
14567,17000
17047,20910
12911,77
100,13673
14865,18747
122,54
112,7455
3466,40
17573,6600
11028,17503
1064,11266
145,26
6083,83
1,954
15420,18746
17164,19710
1408,8859
14395,2260
5177,77
13567,5654
1394,14009
15232,9437
1517,3453
1705,9570
15797,20563
17763,1928
14198,5280
13949,17503
37,87
17,324
5168,8789
19526,83
11193,5502
4787,5
12,13567
15827,1987
18828,19478
11165,17503
18911,70
21111,88
18911,3295
131,14248
1973,3017
17836,17839
632,6677
1222,18121
154,458
131,2326
19509,87
10042,7195
12750,9777
22458,94
17888,29
14376,2846
3800,7961
3800,7963
16423,6864
130,4238
63,8743
63,8742
11038,7979
16952,17917
10042,18356
4340,84
11028,8653
112,17051
19424,73
14126,58
12153,324
2516,9831
2516,9830
15537,20910
14845,5708
21971,94
112,20616
83,92
22360,40
20477,31
3258,73
11877,20661
5054,5177
17738,4149
18368,58
15736,3971
130,17577
110,59
921,9777
15277,29
131,17356
17164,5010
5267,9777
26,6205
13269,7514
110,6790
11900,18380
5177,9908
21146,5475
150,7201
0,894
31,9756
20943,7549
21394,7549
4628,9145
19,3102
19,19728
59,9777
13395,18828
39,6942
17924,21394
10568,17025
59,8824
10045,3
125,17111
5280,9291
13,16926
35,3971
17367,18746
3016,77
117,12745
3142,83
133,22280
20420,8288
6665,9566
17543,94
12588,17503
10526,131
132,5
14272,22330
29,4146
12847,131
138,9027
3465,8506
13673,2846
111,5536
1,19118
14294,6547
22013,8879
108,8473
131,15306
14316,19328
15198,77
14013,22062
10345,1608
17305,3306
1196,142
10242,48
6759,8874
10345,18730
1525,4641
11447,5
10345,22126
10345,22125
131,19569
125,15350
11388,7514
1416,15166
3191,3457
11028,1125
0,45
20828,7572
14449,19744
108,5177
63,9379
18385,7278
17784,3800
17216,22317
4652,9730
3971,9938
11629,61
4310,8789
3836,4028
26,5280
21200,94
15304,17569
1,37
16541,3653
2585,8288
1,30
7,8
6677,8545
14860,47
108,20917
20518,4522
11911,77
10664,5331
102,30
2566,2846
130,14591
4663,94
13,3315
14265,17316
3749,5280
11304,21972
13467,7086
130,13242
11562,14865
19,20155
16926,77
10,30
14272,8845
10,35
12207,131
14026,20084
123,16469
10345,3199
3367,676
14654,31
16084,17
14126,20981
6308,94
15535,83
12423,9779
6404,6560
17935,19509
10568,13007
17503,2811
18121,6479
1705,830
13729,67
10,6677
130,5536
19352,83
6802,7397
1971,54
14567,4198
17196,18553
20518,7514
1133,19728
17067,17721
17503,7364
3972,84
5536,6462
17367,836
22386,5641
13732,17196
11304,20752
1,6504
14227,2333
154,19
17377,21144
131,15466
18314,36
10328,17963
13420,7364
5972,9219
47,5623
10568,9061
17305,3533
131,207
6832,9777
12479,6795
8288,9437
14126,348
11339,2260
10826,8789
2283,8426
14272,16015
10159,47
14865,19
2117,54
15858,77
1662,3189
18246,73
12596,289
108,6864
14272,55
10531,83
14272,51
1,12952
1408,18376
13624,5280
6677,8288
16045,8789
13381,16850
14553,5009
11850,4151
15668,1875
13987,37
6665,7624
2428,8789
15744,8762
112,18588
20518,3179
13,5001
11896,12638
13638,6795
12222,19
17503,21972
2493,4449
11761,22378
18604,8633
10568,7501
3,6600
2846,3916
2811,7979
13014,7727
5518,6242
17325,6157
17815,83
469,6795
17671,58
1353,2722
1353,2720
11105,18314
3303,9777
29,6841
18739,7979
17,483
111,40
17821,7397
17,484
17,485
17349,83
14272,801
19860,20615
1645,18314
11255,7979
16544,40
77,9366
18411,65
16469,7246
13531,18587
11866,8701
11850,15659
108,2637
131,16926
131,15327
16174,84
14702,26
11547,7397
1396,17746
10345,14272
48,6665
566,8701
145,16866
21028,26
19,246
11770,83
11799,20420
1533,5555
11439,2118
21141,70
123,9062
13673,5
2834,2870
83,8653
12519,17503
12587,29
6727,743
1408,7246
12745,5784
58,65
1019,142
10042,1928
20518,22179
108,20979
5223,8790
16059,17667
12,17367
12,7445
18532,743
20518,21855
18238,84
118,94
112,7141
19087,22349
16926,58
112,1660
10,19
10183,26
10,16927
13,6504
14626,18121
15856,18539
15420,4628
7701,8491
10568,14524
17795,4628
6084,83
131,17803
83,910
21930,6689
3281,94
31,6687
12660,9008
15609,17503
19,2957
65,9619
18285,8788
18170,6157
13381,5408
7802,86
16866,58
13506,18314
117,21111
17096,2846
11193,13531
4879,7719
15248,2326
20660,692
7105,7989
14567,9730
5782,65
142,22159
138,3972
0,15986
108,665
1096,131
10042,13573
16142,5320
14865,527
14567,629
47,6735
21005,6677
18828,20537
6698,7173
19993,3530
13862,84
1514,58
14272,148
14304,83
12792,19947
12792,19946
10325,130
10325,131
14184,6559
11017,13100
17339,7245
3654,6832
18166,1850
83,9265
15676,16423
18246,19
7160,7397
19860,4914
11524,18828
108,17060
108,17061
1396,20266
13715,2411
17503,18747
17503,18746
2238,27
61,7733
1,3351
1242,87
2846,8288
31,6513
11106,76
1394,77
14567,4652
14006,14272
12162,20231
30,7444
1705,19058
5468,8790
15856,6510
19404,9777
4065,65
6560,9610
1353,17305
10183,13823
14880,5280
9437,999
5331,5445
41,7183
21394,47
707,7399
131,9271
16046,17503
13,5629
15204,18175
12222,30
14880,3971
13531,5001
14567,5527
4787,5667
15011,2118
18828,19603
5267,8468
1,955
16979,22474
17861,3683
18663,20928
131,810
18314,2429
3693,3971
19790,5654
18539,4238
18285,20854
1525,94
17305,7421
14567,19728
12535,15136
133,19063
16509,18604
19,7082
11150,18815
17736,2118
10568,13217
14839,77
47,5341
13607,61
140,20365
20093,22349
10568,30
1,20902
18331,18828
15675,665
17503,18020
10568,7883
108,486
19,5010
14771,86
7942,83
11530,16591
5331,5502
1084,5138
1387,26
6677,9
5314,6
153,7292
110,12990
17007,9668
10568,933
14108,94
17630,5331
17288,9777
11209,4727
17139,21955
14251,20190
14674,6791
112,16676
16979,4658
8878,8879
16800,20023
18828,9829
13506,14567
26,4447
19412,9777
139,5536
21037,7979
211,5280
12745,8288
107,8224
12277,139
16703,31
112,2992
112,2993
11664,77
12222,7018
8254,9419
1180,7749
12222,7017
17305,18372
26,4198
17305,3854
154,19728
13308,17503
16590,82
10568,20988
16933,58
10568,7719
16025,72
7330,978
17924,48
17924,47
16764,77
10042,12847
83,974
11621,17305
83,976
2839,5280
13100,19122
19,22378
10183,16082
125,17367
14272,2018
16518,94
2219,6242
14184,19316
19408,2118
131,6912
1533,7501
112,6343
10422,40
5,9341
14227,2808
112,12945
12140,5280
10042,17503
19,2932
13,15136
18424,5331
1581,64
1581,65
1273,6677
15111,8685
17430,4388
13673,5280
13962,9908
10839,92
3477,9857
16762,6241
5,94
663,7397
18577,5009
20883,5331
14678,18746
11029,2538
19541,20518
2846,8514
18698,2765
12,3654
15930,37
142,7802
21222,7330
1662,17739
6820,94
12202,19
15,6204
4576,87
19337,3
13950,1615
13512,18314
14272,8270
12423,15232
18314,6349
10373,12973
10936,20518
18828,8377
15783,6
10042,11905
17924,4844
5057,9265
111,3
1479,86
1,12222
81,94
17116,4969
2544,9730
18237,84
21144,3177
101,63
112,3453
131,5536
4831,9291
84,9254
13,3729
12701,54
17077,488
10568,7018
10568,130
10568,7017
11370,94
10011,83
19670,83
16854,1928
14456,8813
17339,9777
14272,7232
1068,112
15535,3417
139,19
620,7918
13,19710
3,98
40,41
16866,5
17352,18166
1254,48
21472,7733
1254,47
14362,9777
3972,8813
16710,19308
14865,19860
153,58
16567,2811
102,14272
5,8288
5190,72
15232,6043
18314,411
14567,2963
54,7075
14808,27
12466,2118
1158,21752
19175,7749
5752,94
21013,27
15709,73
144,2804
14200,94
1,16229
3322,5280
22206,47
11711,18314
17573,94
19019,1988
20762,83
10568,18175
10568,18177
7643,77
0,29
108,3102
19946,3800
1408,19723
26,5735
13562,27
14302,22378
13465,15504
10781,2870
15668,7397
15204,7719
10042,21027
10651,6677
136,19974
14272,5782
12704,1674
10997,20518
20642,21053
5054,61
13689,83
20365,7942
131,3080
17216,8265
12140,20518
1597,77
2230,94
15842,20518
18020,19
16138,18746
13506,9730
18,243
17503,3836
10568,13955
18424,4998
86,9281
17305,18314
22397,83
5001,7329
1030,14567
5177,6
10568,7220
1396,19394
12643,77
12552,77
10568,8566
108,112
29,6127
14272,7554
14272,7559
21523,27
11680,13
116,14272
21752,47
18529,7701
20515,3428
16142,3753
5,7745
17325,19860
22283,6372
20190,2516
1408,2598
12751,15856
6677,8813
1533,83
16940,83
13574,9777
14958,16046
2762,88
14272,2781
20518,2053
22378,6677
11877,12467
65,743
14184,19993
10568,22378
2497,86
11494,63
108,18386
3667,94
1,3362
15843,17503
139,19405
112,17052
3836,83
14674,1875
10568,4879
17807,20128
22364,40
17225,6614
17859,22457
10011,6157
15091,76
10042,14711
14013,521
18,5536
18501,21138
11304,12222
13,8178
11306,13955
1,16142
14322,8879
10876,58
15090,6665
20420,8025
65,8685
18746,3827
108,349
13159,83
12535,9007
14702,6999
10756,6
12040,17503
17367,29
11876,16979
1533,16783
12222,5001
112,15599
0,14391
664,83
17047,7017
19710,2260
10568,153
14243,18314
10252,20568
6410,6677
13811,987
14069,63
131,724
15337,5280
134,9437
130,779
12992,83
15152,92
65,6820
11408,13855
10715,12819
1958,20129
3,78
3,73
18562,20594
16534,18314
5335,7397
19,77
10568,17534
12519,17975
3453,6820
17305,20666
153,71
3472,7
12222,13468
20518,2428
15509,21117
15541,16567
16541,8878
17975,2564
17305,4775
1705,5001
1353,2034
108,14449
1705,9037
19237,3179
12855,2516
13468,14304
16151,9235
5138,6157
108,913
19,5727
133,67
20931,77
1057,2963
108,9566
29,67
13703,61
18598,7583
94,959
108,5641
11901,47
1490,20752
1073,13654
15736,17503
5280,7745
10568,1527
11934,2118
14332,3800
21514,77
2811,2963
13671,2118
17859,3530
1159,22206
14400,2493
14442,8895
12939,83
1396,9443
153,5782
83,9496
18604,83
108,11905
12073,16402
0,4444
14184,7979
13574,17611
13518,8846
10568,3478
18287,20535
14748,58
649,77
111,17404
17139,7397
5280,8125
6808,7397
1,16046
13,6560
13654,94
40,4287
14567,2201
133,21491
18746,5786
17025,6017
16151,2393
10991,59
21972,6548
5177,93
20013,47
22378,3971
17065,19465
125,12843
13506,96
12843,17367
10898,5368
16142,6560
7583,77
17503,6795
17503,6793
1447,22316
14272,3275
2037,7199
18314,21186
11178,18746
19,37
158,92
1,11076
3,3195
3,3196
13718,19212
13795,77
17305,19064
21019,7397
12542,324
59,6698
10568,6403
6697,77
6677,8878
6677,8879
37,5536
1724,19
5280,8979
15107,2118
2103,94
4570,6157
20518,20752
13965,20206
18166,4433
15107,19
11642,142
10755,6
15805,3530
5280,6607
108,14272
1353,2262
22401,94
14953,2788
16089,18747
6677,7634
6677,7636
107,20329
1,7908
20518,22326
12479,6242
14304,26
16982,83
15509,7245
2006,83
12519,21165
18106,2478
123,9963
3362,5001
10568,9570
2158,94
13435,77
3973,9304
10553,488
0,8303
6157,9265
15439,26
11877,4629
17503,17687
1396,5536
11210,4628
15930,73
21469,8023
12222,7883
6084,7397
18881,5
10409,20518
19478,2963
18550,9460
10238,7
11253,19
715,9027
12423,1605
12792,17837
12792,17836
12792,17839
12792,17838
21362,2932
131,8219
315,6157
18746,8789
131,7245
14172,2853
11554,77
10210,17707
1273,2846
481,77
19710,4372
13,15535
11524,17503
1444,20013
10781,3971
102,15856
13032,72
12305,133
133,5555
12676,20917
12252,8813
21752,6540
15292,6437
4728,5280
102,21490
16985,1928
22270,6516
17707,83
10638,7018
151,15292
51,6677
10638,7017
112,7245
10042,743
3,52
1126,6791
112,14537
6677,9643
21926,6795
13,13275
14456,6677
1396,6504
10290,31
19,55
1,21675
11004,6795
1674,8261
20420,999
51,5280
13718,21200
10691,130
13316,4628
19066,6665
12518,20879
14174,8789
6665,8324
22458,6192
21889,7397
108,18750
13181,73
22126,9764
130,15011
12542,17807
2018,6677
12552,18314
20931,58
131,15011
131,15017
13691,17503
10831,17573
10244,94
17503,7883
12559,16142
17316,7979
13654,9142
14755,77
2229,84
131,19019
21360,6677
20121,77
21866,54
6677,9005
111,263
4910,63
111,265
11085,12952
5419,9777
14880,2870
10568,9329
133,4448
13365,139
18246,5001
10239,3577
19,20638
15090,86
37,91
18828,4494
18562,83
13977,20518
130,4081
133,2676
21565,98
13607,8468
3093,61
131,7749
11339,59
15209,84
355,6
131,9379
12635,18314
1510,40
17503,19860
14680,17305
11078,17516
1396,6081
10534,11752
10543,20931
10568,15695
1705,20221
11193,11718
26,8882
12434,40
2846,5782
11701,17047
20981,2205
136,34
18234,76
26,5085
142,76
15707,6157
12389,6180
12559,19
20662,2846
21636,84
3729,71
17305,20196
1237,18314
17367,4576
18314,2947
1,20191
14227,17569
13607,2118
13,17564
18524,6677
15136,59
15136,58
14227,3800
11085,65
11680,131
14396,5280
16194,5331
135,76
11410,2118
22004,4628
16518,5752
11907,17
14865,7979
13593,7928
19860,4570
20951,26
10929,19156
3654,9777
10345,16936
18075,83
6082,7397
1615,83
3376,8468
12479,130
1353,16490
21244,21463
13830,52
2846,8926
16046,17807
5365,8657
12222,5280
131,14539
1,1705
131,14537
15034,65
125,8159
12746,6677
133,19527
4232,5
112,17367
18464,94
7652,83
10568,18587
118,19806
18013,83
11866,94
54,7614
4557,54
19,4377
47,692
15930,54
12226,18345
15744,488
21078,29
16021,6885
11070,16151
14272,8216
22283,8223
19723,7246
3328,54
743,9627
6445,6735
139,17866
10568,2930
15191,7979
12519,2260
11554,13
17837,17838
4238,7514
130,13149
6628,77
10042,3284
1513,2132
13420,19
5070,83
16402,58
7324,9220
18579,65
102,108
16142,94
17326,5744
18,79
15914,3043
16677,289
14227,17917
11718,835
1166,13574
10812,71
131,9147
14567,17300
14272,15262
1944,5527
4577,54
14567,6493
17785,2118
11877,21774
1071,20518
1,830
14865,15071
17503,20752
6677,9662
13325,14958
13079,6157
10279,14126
21224,6136
112,20299
12389,70
107,22080
21747,9037
19,30
10568,8261
153,30
16229,6560
12153,4301
3452,9291
17005,9083
3,37
5868,739
16919,18746
10095,15645
14272,20148
17305,3803
18634,20017
1517,7658
131,1416
16496,26
10,11752
22013,6677
1705,17975
15601,22296
14010,17
131,17763
17491,18609
0,84
19175,58
110,7830
26,2811
13964,47
10568,5825
10572,5331
107,34
12222,830
17837,3800
12989,131
10648,18550
66,6677
16488,4628
10206,19
20145,83
4677,9777
17367,17785
15342,8658
11339,77
11441,399
11437,17503
16175,84
19710,20853
123,4557
6896,9990
10242,9777
5536,94
17305,5527
1180,15136
67,86
12947,9437
13365,61
10568,4998
17455,18314
3783,8813
12792,3800
13654,58
15797,22109
14567,6550
14865,5001
12144,18314
12829,16933
2260,59
19918,20708
7657,94
6369,77
10,6404
131,9310
18752,6677
132,13673
154,4372
1285,94
17557,7330
3,5699
4969,8859
18122,20515
6136,9777
20190,7768
14171,18746
15136,77
18828,20254
11085,41
77,7885
4969,83
16007,18986
12701,142
2846,999
3057,7
14227,8306
19790,77
108,21754
1126,3670
17807,933
19993,94
7160,83
10321,2118
14272,9510
15361,17785
11240,44
12546,130
100,14735
112,20333
131,13696
19478,20958
19710,59
10345,21886
7218,9610
1771,4628
1,1724
4388,6126
6677,9437
30,65
3736,83
15797,18166
18314,829
21391,5280
77,8685
15036,3983
18730,9777
14865,17503
17503,21469
20548,5394
135,5931
18747,83
1487,77
12144,6677
13947,8685
107,297
14272,20680
14272,1813
3451,9291
1226,20548
11752,6
21224,8468
20848,65
1513,8685
1126,5094
1969,2118
20420,63
16783,16985
17672,65
14272,693
11679,4628
15537,17047
11106,96
10568,21408
13989,6516
17785,61
11875,9684
131,17516
4368,94
100,999
11320,83
7439,9777
17859,2018
112,15227
1408,3372
14160,40
3972,7245
12744,9437
17503,18815
77,9970
15232,3644
17367,41
133,15519
10351,19
15232,18345
112,29
19,7444
11124,14009
11645,16979
15386,86
10568,20752
131,1328
12542,77
3333,65
10042,11987
5641,77
17807,83
112,7069
112,7068
11223,125
17975,5094
14596,19352
3311,9777
108,20345
11416,9145
18166,19237
21449,7979
4478,8789
19018,70
13,8227
131,18867
4377,7082
19,58
10,5
10816,20190
20752,21598
8789,8862
111,6441
3568,58
2367,4628
15535,2018
1,21630
123,20019
7330,92
4879,8261
18345,20516
19478,7741
1,5292
13,22415
1,11752
1533,21935
21019,2118
10864,20420
21200,4658
1877,2870
10042,20261
13903,31
1,6404
11388,20518
13066,17861
108,3367
10042,17447
10568,1674
11124,14537
17564,77
131,21063
10568,15420
1126,16783
16569,54
136,5170
18754,20563
133,52
6082,83
21478,86
86,8636
12073,58
0,22133
15865,4628
54,9582
13988,17807
107,13
13,14395
15937,77
19,20365
12280,20518
10042,17058
130,76
13988,17503
16929,98
16982,6560
10130,10495
12829,58
131,18368
133,18688
12161,9777
15361,9304
47,7549
22028,4628
10568,15886
21362,58
21437,54
1513,17120
14184,19
11752,21362
7019,7572
16979,9929
12144,12153
122,27
110,297
136,77
1126,8524
108,6586
133,13681
19412,47
17862,20932
10568,2762
31,9167
14304,18020
108,90
20945,76
11879,6677
11085,26
3315,9777
14727,20518
27,6462
12,19790
112,7541
15856,8293
17007,3217
13,15601
1416,77
45,76
2260,6524
21974,6795
16876,7330
30,55
12,131
131,20038
12992,7397
13965,3191
10183,9857
16081,8685
2846,3298
144,9821
12006,94
12503,139
17952,8789
13,18875
3376,9777
108,7727
131,6643
1276,6791
11718,5280
4000,6242
13654,8194
108,6885
10568,13313
5280,5892
11221,20992
15405,2118
13,16800
5093,9738
16850,31
20285,30
1766,4628
10350,77
15083,15609
121,130
18828,21118
16021,19710
15330,83
131,18468
16471,5728
12847,58
10042,12375
10042,12374
129,35
11187,17
11353,26
10568,10664
233,488
1928,26
8468,9039
4787,8813
131,7445
17785,47
13,58
13,59
5763,83
125,721
13689,7330
14272,5394
110,3654
16511,17000
131,2018
14851,5331
136,17564
112,12292
19122,2872
1513,4400
13,17866
10568,5346
40,5093
57,94
17503,18830
6735,9777
16410,40
16410,41
7470,94
112,40
112,41
6346,77
10183,5244
18,33
16590,7330
10898,131
6789,83
14227,22179
1166,1866
19465,7397
108,12161
17170,77
142,20896
26,4705
14953,1705
324,5
14865,18604
20812,5280
13,7266
14865,2957
18930,7979
14394,19
18236,84
130,18730
10350,4877
1,18965
15509,6
14227,19308
108,21896
14537,7452
41,4577
15709,7444
14604,41
1525,7444
15856,17637
17503,6547
10345,21474
17503,6548
10345,21473
17305,68
17059,61
108,15358
13,14748
14649,3629
10,12222
11752,16996
11348,779
15,8254
18562,7397
19845,26
54,6462
15733,83
10568,10781
16340,17
3367,9777
11347,12127
12557,17807
19405,37
14885,7961
14885,7963
15668,7330
10307,10568
107,77
16979,8230
54,944
12120,14007
13,4179
16489,77
19058,94
13217,21490
4487,77
23,8
14711,16854
6176,94
1615,7397
7444,94
20568,94
14865,1639
18314,18962
10227,11221
14604,6
21971,3667
1928,9083
11085,17339
2995,6547
8110,86
3755,47
14865,3941
21370,65
19993,6600
12643,7583
14454,18828
14865,2015
18106,6677
1119,17047
15883,6
13265,40
136,58
15856,6438
10568,21364
17934,5641
4896,87
17367,9777
1276,7330
19291,9777
18314,7150
16594,3800
14272,17198
131,8992
1,7643
18609,57
11520,84
12991,17503
14,17
12280,17503
16854,58
19,6418
12982,1396
1126,9419
10965,5280
20518,7664
485,61
1,20750
22206,9677
3,6385
12741,2118
10650,14272
131,21986
2118,9970
6136,8468
131,1866
18314,18797
15890,5268
6205,65
109,72
11338,12389
2205,3304
131,13567
11249,77
13919,3376
13269,15856
378,65
17838,3800
17990,4433
16575,17503
17246,77
26,41
10350,19
1456,18746
12588,1457
12479,3744
17763,7245
14865,20709
18515,37
4727,6574
14865,20706
2004,5464
16764,7188
18135,22378
1705,6793
1705,6795
5038,94
17305,19989
19540,6
131,15535
18385,19622
17516,94
13,77
13,71
131,19790
136,6485
12745,7745
13,9310
0,6183
1700,19459
10568,21629
1513,4179
14,7
12362,659
15193,7979
77,9932
138,8941
138,8940
8075,83
15537,1705
21224,9777
22206,4845
112,20578
20190,83
19571,4628
108,11840
13804,14026
12966,3983
8849,94
15542,20518
17617,61
7330,9521
131,18445
1126,1533
19177,21111
17316,20588
1662,20986
7245,77
17657,6795
13,6885
17861,3682
11762,6677
13506,140
12729,14567
18539,20518
13167,18828
17807,21238
17807,21239
21556,48
14567,2544
15011,77
13858,18075
2766,5280
17315,17503
19821,70
15537,5280
17503,20221
13862,26
15856,7803
7701,7918
108,13729
20190,7330
131,71
131,77
14272,6589
0,19527
5744,7798
12952,955
10238,20267
3311,8468
12746,20420
14227,7622
122,3
11874,1215
18314,2
10345,48
15509,3972
102,5038
130,15737
108,3418
1705,9857
5280,8890
108,3417
5280,8896
5672,94
10568,15465
14465,18590
14272,7457
11485,94
10568,6727
20093,5331
10042,4798
14872,73
11193,9938
14933,9777
21974,4628
5091,7979
15286,17305
19578,5280
6,8396
139,16808
21463,4601
131,14322
18261,86
11312,7733
26,3122
13325,20813
16731,94
14674,8254
131,18322
18314,18940
2260,77
118,15965
6677,9341
112,13820
11713,22
10736,47
17807,6409
17866,3
17866,6
5536,77
5536,76
20516,2846
13035,5280
12519,20221
20472,65
4705,9857
131,17474
1416,6677
13510,16979
4784,8789
108,228
20585,743
18746,5727
14674,6157
1393,5280
1971,5530
12479,14567
18715,77
20420,8813
13308,4628
1157,20518
108,57
108,55
14778,16151
10568,612
16851,31
14015,17503
4729,5280
13619,5280
1408,5527
10831,94
4462,9669
2598,6242
131,570
10207,108
14567,3362
11108,133
17267,6
5184,54
112,7583
55,73
55,70
21726,61
112,1517
14159,18
11601,289
133,3334
15574,17503
11249,12
19122,4310
19916,19953
108,7245
1458,18828
20615,83
13706,14272
612,9627
1928,65
13098,16567
131,15517
13308,1705
13,19
10345,6665
22117,40
18746,21449
11124,7245
18609,913
93,9908
131,14009
108,19709
17948,8789
10042,15312
10174,289
11150,5280
10568,9159
17164,58
15659,17721
15361,73
112,4929
18769,19
2598,7745
16142,19
19,8196
131,4179
13506,2118
1705,743
3306,6
14272,4080
13962,15945
3626,8514
22207,9777
16866,8890
15535,65
7310,83
1126,6789
2214,77
40,4813
10680,133
12423,4787
61,96
137,6791
61,93
11554,126
14304,17503
1513,16456
14567,6678
1674,5331
13613,6
13540,86
133,6081
18469,2118
19404,40
19404,41
14272,3531
10543,131
1,83
15024,9271
59,695
10345,20030
20896,22206
13854,18314
8685,94
21146,4969
14865,19512
3,6731
10817,14865
4384,6
10345,10773
1655,17861
5603,5744
3080,77
14272,3824
13617,58
17707,18075
10159,12162
13593,5629
17503,4628
13691,19
14567,9852
132,9437
4562,9341
18131,5280
10820,76
10,3372
1714,6665
11441,77
1,17119
19161,77
13531,1705
4871,59
14783,8874
2846,30
11908,17
4528,458
37,5894
131,3530
13317,14865
17711,18529
2947,40
10568,9384
1517,67
6095,7745
1705,22421
7245,9777
15965,8
11192,112
145,1525
10548,14567
3190,3880
1620,19516
18314,86
3585,94
5577,94
40,9777
18287,5863
19268,692
13531,5280
5177,9963
8685,933
1,2811
13,1928
1209,16979
0,14806
14128,6560
131,297
12222,9115
65,94
131,2629
10042,17164
440,7776
11520,40
15226,65
41,9777
15771,7397
2118,5726
14334,8944
16808,18314
11718,17503
11866,7444
14864,17807
2412,9538
20615,21774
324,3530
112,90
15136,7445
937,9891
10547,6242
15615,7745
7,83
108,15940
10568,3217
112,14272
17077,8762
13567,14971
16398,488
10,5280
4072,5476
7330,795
1353,7092
2201,871
1910,6665
14567,3340
15100,6942
15327,20969
20900,94
14449,6790
14674,3880
13593,9516
15634,65
13,2260
131,21143
131,21144
2740,3800
20518,20563
17305,4412
12162,47
19316,5010
20931,6522
11100,8545
10568,6999
1614,83
14771,6665
13623,1875
20190,3483
12,71
12,77
15965,691
19790,7245
40,7439
112,19357
10568,10605
5038,58
23,5536
10042,4610
7246,9643
13704,61
19672,61
10207,18386
17569,4773
5280,6754
1767,4628
22117,9777
12153,77
3632,7444
17007,17503
100,117
10,7883
3669,5280
20518,9258
10336,86
13,34
21036,7979
103,65
18314,22339
134,6043
13,14009
34,6346
133,20193
10568,5502
14297,2538
112,17744
112,17745
112,17742
112,17743
112,17741
12621,7246
13949,83
10,22378
21244,94
22092,2516
10408,20518
3978,94
84,8437
17120,5280
13104,2516
29,3453
41,58
15517,6514
12827,94
17305,5398
10568,20285
65,6572
108,73
20256,20722
17975,3612
133,9249
3530,65
108,16576
16179,8789
131,1700
2811,94
18424,9159
10107,54
34,65
112,15930
1,21146
18204,7397
13,17356
13468,17503
12037,54
18730,47
10321,13
6677,8684
4628,8789
16926,18965
10279,20981
10373,10568
22359,40
108,3453
15856,7514
12283,96
13,17232
110,11124
12434,14490
13176,63
17351,83
11123,14567
131,34
11187,12209
10568,6017
17989,7108
6795,7095
112,9777
3972,5
145,58
19405,54
14018,739
11520,3972
14748,1513
11441,59
16229,19
16229,18
131,18106
19,20813
10016,83
4871,77
15537,9938
21738,77
2811,8844
2278,35
13,4198
133,14403
16704,6
7443,94
20518,8728
17367,5536
112,14453
10568,12155
1180,58
1581,324
108,22283
102,18609
118,151
12040,7954
1416,8813
2876,440
12037,13506
6586,6864
11240,17807
1864,2957
133,7960
12629,7719
1353,5119
26,8824
16979,20588
31,3629
17323,54
15081,8789
111,9049
3314,77
18781,73
13159,14674
14463,19860
111,14681
11348,1516
16176,84
2852,7979
21752,4845
16568,94
11304,1705
11874,54
17557,7397
19459,19956
10042,15439
2976,3800
54,70
54,73
108,15827
12222,6727
11701,1705
12155,13308
7382,8789
129,20420
13955,9938
1768,4628
122,8081
11929,26
108,1416
29,9777
10568,3273
15704,18577
21020,65
20523,7719
11602,71
11100,6677
340,7745
5735,6795
21463,94
3450,9291
16541,18524
10568,7598
2103,77
1371,17503
20190,6
86,90
10568,14656
20518,3103
14484,31
19993,77
5475,83
13500,31
11106,21726
10042,16969
11106,21725
10583,5280
14272,7772
246,2932
3102,94
20615,4727
1253,1353
14567,8862
17534,488
12654,18314
260,94
11036,8789
17861,6863
15306,6
6,61
12,13
57,9777
17065,83
570,77
19399,21404
10568,211
112,1550
13103,14490
112,21939
139,6988
17859,7193
11104,112
40,7410
10339,3983
5010,65
14567,19790
19,2805
14272,21682
17225,61
14272,21685
40,98
17117,4628
126,920
13501,3110
76,9254
2070,83
108,17505
108,19744
15280,7391
16530,2118
1533,6789
1007,15937
15096,18121
108,9310
18322,6820
100,132
0,12170
131,18715
6,886
14674,7181
20744,29
18484,48
76,84
76,86
17516,71
17503,9037
151,94
17305,9070
10568,19339
1360,3
10568,19058
17,21556
17305,5405
1273,22378
12660,18577
10568,20518
17950,8789
12037,18314
630,7444
17785,6790
14272,4844
15306,16089
41,77
12389,4881
10361,94
4711,779
518,7572
138,15148
14272,3311
16554,44
1,15492
17503,8789
18746,4310
7999,94
10042,11382
118,65
10864,9437
1,48
10568,779
14799,8789
1,44
10906,72
16046,16142
17503,5001
6677,8514
19706,61
670,84
15492,76
8254,83
112,15958
136,7830
10568,15736
86,9091
12153,3783
130,18226
21362,8862
14456,3972
125,16424
11554,1353
11004,17503
10899,83
1396,222
10622,20183
6017,6516
1276,83
14885,3800
15659,3654
14297,5280
13500,20935
10568,5060
15306,71
10568,11701
150,20518
37,52
11841,6677
4896,7960
10560,6677
7934,87
4701,6130
5093,6423
17738,7943
19993,3654
3257,54
130,90
14865,17150
16015,18500
153,3971
11781,16979
12222,14304
12220,18528
13,15182
21244,8040
20420,6677
18976,29
5071,58
13,9037
71,77
21019,26
6554,9963
0,133
26,7445
16680,3827
1049,15332
10568,20897
18881,8514
2018,65
136,14009
54,56
15,920
21727,61
10532,5641
82,83
11554,3983
10495,17503
1353,20017
10568,20093
1353,20018
15204,8261
17859,8657
16752,20643
11602,58
2249,4871
14567,871
127,130
13878,17367
7397,9265
10432,17807
20813,3102
10079,111
10568,13827
17503,9570
19,19710
14252,17
15232,8814
12222,17025
19376,7
1007,77
11347,836
1353,18634
14567,3308
14567,3306
15806,8657
108,7749
125,5373
16729,17503
12629,4879
2768,5280
14102,84
131,21105
14227,18828
1,22378
3800,5735
6122,6791
58,6643
7979,8789
18131,2870
13,7830
4914,83
5054,9908
18314,3306
8288,9341
1772,4628
13468,1705
14442,19104
22309,86
6402,77
3638,65
12,34
10568,234
2193,86
131,17975
11877,6550
12222,16046
20937,77
1353,20191
21462,94
14701,29
11004,15574
3829,7979
14275,17367
17557,83
3432,6791
16783,1928
19947,3800
10470,22378
142,4475
108,7691
21186,7549
131,14449
14322,6677
14227,20563
14567,21910
2132,5280
110,7245
5784,6677
10042,58
15232,18380
12222,15537
18744,20190
13,1750
10,15084
6793,7883
14537,3047
13831,6665
22458,566
3879,83
19710,9014
14788,7330
20475,94
11991,65
16496,5927
15034,5280
5762,83
5225,7245
19515,5641
41,94
16783,7330
112,6908
19710,9777
13037,6
13269,20250
11698,16423
4562,6677
14009,18629
144,54
18314,21481
12222,1705
3,6462
131,17367
15704,94
77,9310
3,6468
1864,871
108,20928
10584,5280
17485,6677
17305,19477
15332,77
133,13830
13181,19422
61,795
17807,7509
17807,7508
17807,7506
14442,65
14744,65
10345,2811
13510,19212
12651,18314
14351,19675
10,65
30,5280
29,6404
17305,21481
108,7444
1322,83
138,21313
18314,4320
18780,83
142,9254
10470,10568
5177,61
54,7530
5641,7054
14272,9509
13,5860
1705,5280
1513,9789
105,108
15809,86
1180,13
135,86
14567,16944
1068,54
5280,9857
19916,7
108,16800
15397,29
2249,7200
11900,9663
6677,8880
19316,3800
5070,7330
20643,77
10568,4799
15541,2811
131,14272
67,68
4846,9777
138,17067
10242,47
13623,16059
2883,3017
2693,77
4022,8468
16242,8789
14395,7
12847,17447
47,6540
1620,77
14674,83
0,116
13330,14272
4845,7549
83,9741
14567,19
11769,4969
138,20998
131,8179
14272,29
16021,77
16,54
20231,9777
131,5654
6832,77
13381,7833
11683,51
17503,503
11124,77
11710,18314
13,13394
11085,17232
10848,77
1396,6442
1119,1705
13468,15537
18314,18730
13673,88
56,73
27,3685
18774,63
7802,84
7181,7397
59,7490
108,16789
127,76
11554,6677
17573,3102
108,16783
14396,51
138,15292
12222,17007
13136,3836
0,1785
4278,8743
22013,3372
2544,2598
111,7075
14227,21146
17202,7104
122,18390
21459,29
20518,7710
22362,5093
11485,8194
130,20250
14567,8353
14272,9608
10568,1483
3577,7551
110,14272
19,8
21053,31
10678,133
19,20750
2130,22381
11124,131
18314,9070
14567,15081
18828,2516
12756,133
14250,77
11193,12222
1158,47
131,14647
154,21362
1328,9271
19710,6885
14660,94
12392,12745
16393,18314
26,7292
20952,5010
1126,14468
112,12066
10568,5567
10568,21791
22378,2511
2870,9627
11900,7745
11900,7747
18075,1875
12026,5244
4558,54
10591,6677
131,8544
130,7251
15945,61
8288,999
1285,21463
14272,5468
14272,5467
12222,9291
1705,211
5429,59
13193,3800
20518,779
10042,7774
0,4787
12975,9908
12436,14272
5130,77
133,4340
17025,17503
20834,86
15342,18131
2581,26
16783,3453
4628,7775
14227,18166
10387,17503
13418,9145
16952,18828
739,8386
131,5225
131,20464
2443,4628
154,18285
58,7749
7802,9777
19358,20828
139,3972
19855,37
18881,20516
12559,14567
5094,83
12260,31
15492,37
12222,5735
10568,18454
19,728
112,14160
17,3577
1397,18314
799,9777
12222,13575
37,90
21490,26
11520,17367
4706,86
1866,77
11841,129
11642,14272
14567,20615
20845,7183
21974,2516
123,6554
21362,6493
12153,12746
2517,4628
17503,5601
12750,21225
13092,131
20643,59
13481,14567
14626,6124
63,999
18106,8879
10726,6665
109,1215
65,933
1595,83
1006,17164
10568,5972
21287,77
107,14539
116,29
11874,9777
20728,21556
15488,18604
14009,77
22415,77
131,22415
83,9230
16757,83
17234,17807
13636,724
58,6820
10568,11304
10306,6677
11618,2005
111,14356
2385,83
16653,20518
7445,94
2834,5331
131,3177
1396,7802
13111,7979
14567,4604
10345,16276
10345,16277
6677,8767
18287,289
17859,8928
10651,8813
129,6677
20750,7908
6828,7444
14647,20464
17007,20420
9310,94
7514,8542
14567,16511
3276,65
3056,77
112,16859
14227,586
20518,7088
18314,3486
11124,13
11304,17503
19860,7330
11458,77
13393,17807
2118,9908
5427,77
16418,83
17058,20518
21245,63
108,19412
17305,21368
12557,83
36,5529
1062,26
19,20958
12260,20935
14272,22329
107,21239
108,11554
15964,54
11752,12519
77,9007
14322,9
11630,14272
14545,6
405,86
130,20518
3971,5735
15858,2260
260,7445
14865,21385
139,140
21999,7514
17807,20811
13,13617
22352,6988
20518,57
10568,22209
17503,17975
10491,13
3080,6346
54,5530
123,4545
20518,5131
20518,5130
14304,8789
14272,20247
18166,20563
12629,8261
12155,1705
108,13014
19,19478
21930,65
18314,21738
10996,6
4969,6791
17305,9018
17807,21146
17503,19637
17807,586
13066,139
25,58
18590,26
3973,5639
10252,94
102,29
16729,20518
18759,3
17305,9908
13,3369
1705,933
8848,94
142,84
48,57
9669,9691
21409,4628
15668,1615
20812,7745
11193,1705
110,131
14662,2516
110,136
10350,154
13858,7330
10,26
108,16423
483,5744
7979,9603
12736,17367
154,19710
65,8957
7733,83
6600,94
26,8874
4613,8469
20913,6136
3372,4232
10568,12222
10242,142
10568,6276
12363,16171
1517,16800
15214,77
1281,5280
19,2963
19,21362
21641,5280
13574,54
6,9595
1944,871
17505,68
15856,779
13593,21322
15331,5280
108,4179
1559,7912
10016,7397
17807,4648
20762,6157
11085,1517
2846,7745
18424,19087
10568,5001
21999,2829
17305,410
17807,20155
21773,7445
17,20728
125,2512
2829,5280
2838,5280
125,37
125,36
13332,16054
125,19404
10,3530
10392,39
19,20099
17305,7624
123,13046
1215,72
17570,20518
148,29
17119,17503
2932,9544
65,77
11752,19882
13468,5502
5280,7941
5808,7841
11562,47
7266,77
10848,112
12380,3629
21018,8545
1177,18314
14272,67
14304,9570
19405,52
6665,896
13040,6
16172,18604
10042,11045
16864,65
12236,17503
12169,77
14567,2444
13186,63
12280,14184
17231,20518
65,9388
250,2516
20518,20855
131,3998
15736,6795
144,18760
12660,57
11916,19223
1928,21930
108,3901
17503,6627
7701,9145
4340,76
108,17062
12222,17047
20518,7063
15896,4197
10568,5435
14537,34
131,1597
10568,6399
17305,8247
1177,17305
3432,7397
10387,6795
10830,94
14128,19
12226,2846
17503,20897
17047,7598
11348,16120
20658,77
5001,9037
1769,4628
133,19077
12,13291
1689,54
17573,5469
13506,17305
22378,51
1705,17503
14865,19839
14567,154
13,8928
7330,9254
17026,77
131,15332
14567,2932
0,11226
17794,4628
22323,77
108,16985
21384,94
18577,9008
2937,4727
123,13671
12280,14865
19728,7666
151,17573
14537,2157
0,74
0,76
17503,3484
18075,21146
112,3303
112,3654
112,3309
47,6445
47,6446
12745,2846
17639,7397
11901,6446
11901,6445
26,5834
58,59
153,5280
10681,133
14449,40
108,18609
17182,4651
22270,5331
15232,5
27,5536
2118,3958
11643,2516
10983,2516
14018,1513
139,5010
17503,7492
112,20786
17503,21774
16,3
20250,7514
112,1652
2544,6242
1,11085
112,1658
153,26
110,14009
11757,4727
11877,16979
10568,21284
14084,14703
15733,18075
10700,84
10568,7701
63,9437
2230,8150
14456,7745
21889,83
10131,7701
4896,52
17252,94
18746,3088
10966,5280
21490,30
15856,6511
10042,20423
14069,6677
18131,9291
13413,14272
131,15657
11798,129
21138,2493
14322,6777
10638,3971
20518,20632
13,19954
21478,6665
15204,4879
122,22095
12746,8813
10568,1705
2762,77
15661,6677
18992,8874
15292,7
11850,138
1581,77
3060,4628
10534,9777
12986,15517
6559,9538
18747,19860
251,7622
16678,63
3637,6677
21012,27
10206,16142
17447,26
16116,4877
17503,22301
16469,19723
7690,9777
17202,61
0,12854
8468,9310
131,14213
3315,77
117,6677
108,17054
10252,16142
10042,2432
14172,8789
15136,20464
18314,21813
14567,6730
14567,2428
18368,26
11899,6677
14184,5010
19478,9909
18233,84
107,15517
2415,77
10651,9437
15055,3971
4749,6377
15783,17503
4065,58
1,5431
17763,77
129,8025
5207,72
18505,47
17818,4198
21752,22206
13,9271
3473,7
14013,5331
18314,8015
2767,5280
12222,26
15306,8948
125,21274
4628,8862
14567,5518
21311,59
10328,19308
17232,58
111,8433
11683,14272
14148,27
18986,289
17025,3971
14865,15991
132,63
5393,7514
1750,3972
123,13801
20901,94
15579,1674
12975,139
3783,6677
108,14490
1674,4879
19860,83
4628,501
26,933
15578,7979
18046,9777
15184,20518
12420,15856
15537,5735
14885,21478
18577,5225
131,6041
1877,5280
10568,7932
61,7264
125,20320
11252,142
26,9727
14567,2957
12304,14272
13501,289
10568,9938
13420,13949
10534,94
19938,6
12222,16591
6677,9779
4211,72
13718,16979
20931,26
17067,4151
5280,6798
14771,96
14865,16509
26,7183
14395,5860
20752,5449
137,14395
4787,6677
18505,19695
1513,22316
1818,8685
5217,83
0,13
0,10
5428,77
105,2811
1,12519
17503,9181
1157,18828
12854,17807
19790,7643
20518,7827
7218,871
497,54
16146,16979
19728,2544
17351,17807
7270,7549
1817,19993
123,1969
11554,1513
12557,17220
108,1517
19063,6523
13575,5735
112,2982
14184,83
17503,9450
59,7200
2837,5280
131,3654
3743,5530
10328,289
19707,61
2118,3623
17025,6516
2118,8638
14567,1864
12222,17503
145,94
13324,9985
17352,2724
3972,6832
1416,17367
3979,94
13506,2544
18828,9305
112,18363
18380,6677
108,19847
108,19848
11347,1396
18386,4749
14865,16089
15537,18020
1309,61
18930,8789
112,22117
22433,31
1106,31
0,14159
122,19542
15535,30
131,17859
12519,12557
112,6402
14072,26
1,19532
13946,65
17737,83
10428,26
21111,38
16543,40
6715,9777
68,76
10568,16483
1396,4613
11085,16926
10568,6793
19710,26
15,4162
18314,9175
1928,94
2932,6730
0,6396
1416,5744
19988,5331
19,20273
17007,5280
18166,18754
5,88
18314,20365
11752,14567
12822,131
134,63
2260,8788
18604,20490
5350,61
10568,4711
102,7658
26,3655
399,77
1581,59
10640,54
15890,17807
14524,65
15299,2118
13159,7397
12621,1408
16423,6586
17262,19
20897,6795
10,16496
17503,9669
15896,16979
16554,20273
12965,3983
13271,3504
14567,6241
14567,6242
133,6411
13,16783
19423,73
19,9610
11866,1525
130,17505
12057,1396
12153,6677
58,6999
16575,7364
14335,17316
3095,61
14322,22378
17763,58
77,9271
1126,18075
1,2963
1,7444
37,9777
26,4868
15332,2973
26,4866
20145,7397
131,7067
12434,9777
15613,6
10727,47
692,9730
12222,18020
18575,2118
14537,77
20845,660
1353,956
1353,957
2005,83
20848,494
7652,8653
130,19104
111,9821
17232,77
17503,20859
15083,17503
11678,54
10345,12092
10345,12094
15361,5001
108,15704
20518,21369
15152,83
3653,6677
7522,83
94,9802
1,1125
40,59
17945,8789
12843,37
131,13720
14272,6790
10568,14702
125,5536
5361,77
17807,17975
6665,86
74,76
17356,6912
1374,65
108,2661
20009,20518
13468,18529
20025,83
11447,9437
2326,8219
8040,94
16059,61
19,9570
29,76
1276,13858
11458,131
5042,5280
19352,8594
12847,13696
8076,83
48,7548
11155,13319
130,3623
138,151
5009,8701
10,153
7183,9777
19,8225
2279,35
11915,5280
13575,5280
40,8544
13468,7883
131,7774
11193,20910
14227,440
10898,1096
10568,3448
3444,4570
11709,18314
14865,18134
13039,6
2947,9777
11106,13379
16979,2185
13776,3983
16532,6677
14567,2219
14537,7230
16416,7
15856,9824
16413,21138
20285,21791
1,6906
5280,8613
3971,7745
14304,17738
5280,8614
15704,3632
1593,6677
13607,6677
16535,18314
145,260
108,16032
17839,3800
12222,3217
21728,61
4067,6
17932,94
15136,9007
1084,7330
1126,18385
112,6462
107,21063
324,63
15535,19
133,16625
11752,3362
76,7802
14918,98
10568,17711
1353,13969
125,19751
108,21490
13,19993
111,9868
10042,17570
4965,77
11178,8789
14564,77
20660,6735
13823,26
130,9281
20083,6554
100,4308
102,10568
130,4533
10,17912
1215,17
12819,26
19,2018
3,9821
22381,83
1875,21146
20093,4998
1118,2005
1514,83
13,4065
10042,9083
18894,8743
1958,739
15940,9777
0,11106
131,13288
17859,297
14674,7330
2260,8859
34,6912
3971,6677
20899,94
69,77
107,16800
17196,8448
1875,83
21622,9291
10350,14567
8897,982
11124,15306
11840,13518
16046,1705
1226,5394
11106,27
10855,19
20420,7745
110,17367
17471,19019
131,8224
3367,3901
11554,63
2118,842
11554,61
17947,18746
16854,26
108,20845
2065,6242
11840,94
16548,2516
112,18753
8259,94
16349,29
10183,494
5667,8813
4727,9128
4727,9127
108,17182
10002,289
131,20329
2214,297
1705,20752
1396,836
15543,20190
38,999
1,11253
17047,743
10568,13150
157,8514
19104,94
40,77
15361,7241
19,44
15535,8075
153,65
122,5341
1166,131
7813,9791
11562,14029
17731,77
18746,6795
11768,14227
2466,4727
54,7816
5295,65
14567,16489
17746,3
20014,59
1,20955
10534,58
10,4232
108,438
18314,688
4174,9384
20877,6157
108,7658
22421,9985
20744,3971
10568,18126
131,19063
10162,14272
11485,26
19512,77
1253,47
17,4487
18747,27
131,15398
13892,20752
15965,94
11642,76
1525,8383
6082,6157
16801,20518
29,55
29,51
16150,3800
13989,17503
112,20464
18214,289
10568,11448
14096,96
16979,4620
17503,9142
12745,5
6192,94
17503,9145
10909,94
112,4813
14941,5
19744,8789
3529,8789
20904,2693
10568,3465
7163,83
15136,8984
112,2947
37,6574
11388,15856
26,493
26,492
17516,9777
21930,58
21469,65
6731,8622
110,1394
1513,15827
16541,6677
11301,2516
16254,86
13308,2517
132,6677
14538,6677
1765,4628
12,7830
16394,94
13481,6241
15420,6795
18609,26
20518,3289
16535,17305
12542,131
11713,20420
131,15805
19860,20190
112,1941
15003,61
20828,21877
14865,19249
14865,19248
17861,9082
11085,77
7875,83
11764,26
17305,19076
2069,83
17503,4462
112,1491
17815,7397
14865,8789
2478,8879
0,3
0,1
40,7245
40,7241
0,9
112,12910
13531,19058
1595,22378
18075,92
11877,19134
17367,7894
17367,7892
8099,8813
19653,9751
11240,94
3972,77
12280,19
5331,7322
16935,9582
11187,16340
1,17393
1,17396
8288,8514
107,1201
19710,65
16979,20141
138,21021
131,9970
22316,58
5239,94
11596,5280
30,58
14334,16979
2853,7979
3102,44
18828,5994
10568,18711
13034,21463
108,7842
12020,14272
108,7841
1353,19172
2811,3901
10437,83
14227,3244
10350,84
19,21490
10345,1883
5727,58
10568,22349
1158,22206
13,17818
10568,5331
14674,3190
10568,14013
12153,8813
12903,94
20518,5059
16718,21608
108,5225
14026,4781
14184,8
4628,6795
18731,6665
130,7514
10495,12236
11798,20420
65,8658
131,17564
1615,354
14524,26
12519,14865
13611,14567
3989,6
1408,14567
4519,5280
12466,17305
14227,9674
4161,5841
17305,3853
20515,6126
8685,9567
54,9821
13396,7979
17305,8131
15797,18754
11630,20247
131,9150
14272,16448
19465,83
17067,31
1377,16402
10568,11193
12519,1705
11752,22269
1674,20523
10727,12162
18609,8902
14272,20548
11916,58
18539,18828
11085,17818
18730,6665
10233,10568
18020,22421
10042,573
17367,19790
12843,1396
11187,16283
13539,9777
18774,18845
18588,9777
22378,4523
2201,2932
10210,83
108,18749
7330,974
22050,2516
10898,13088
17262,17807
37,4576
17989,20085
13,1597
12980,3456
10939,17503
11018,22378
77,9999
3465,7912
112,12078
3971,5280
12750,8468
10677,133
12847,13654
11642,54
2118,6
19535,48
21117,77
10279,348
10155,18609
5671,83
138,8527
2932,9730
15537,22378
20122,7912
10042,12845
41,76
133,18658
11901,6735
12660,18609
12555,83
21908,31
12865,6814
14272,15087
19796,65
136,9037
102,3453
67,90
2118,5177
2118,5172
20900,8701
3177,6677
1254,17785
131,1988
14465,77
2963,65
17738,83
1705,58
1770,4628
1,14184
1,14183
131,8948
17500,5280
1880,94
138,17721
21148,61
1,11002
14272,3282
112,1928
20365,6791
11085,58
16423,2743
3372,6677
1229,14272
20673,47
3,6088
3,6081
1987,21761
17503,9861
3,3303
6,6081
10679,133
19847,20845
4372,9014
19,22296
11841,16541
7266,8789
11554,5264
16496,7292
14272,2087
1,3844
13998,19
1033,14567
16800,77
3362,6
13671,18575
268,83
19710,40
19710,41
138,21001
2070,7330
1773,20201
65,9266
15227,6
4447,94
17305,4481
26,6999
131,15215
14567,2811
14567,21362
17935,5641
14865,20752
15537,933
2765,5280
18345,18881
11688,14567
15131,54
13791,6241
1517,9777
10392,15101
2538,5280
14272,5508
14272,5509
20231,47
10726,18314
17503,18289
16590,17503
17785,73
2201,6730
10183,1062
19,9673
1,41
18314,6665
1126,1276
1064,14865
18609,983
13607,5160
112,12535
131,3939
13673,66
162,65
8514,9437
52,6
112,12
1371,26
10568,20236
14865,6596
14243,17367
5641,61
112,7070
21146,586
112,7072
12222,19104
58,9007
11423,1882
13858,83
12423,8597
13506,139
0,18951
15299,17305
13715,18749
117,5
639,86
7908,8194
12352,19
6242,9730
5,6677
14567,2065
13317,20221
21005,7745
14272,7429
9008,94
13109,7979
16703,20518
123,4971
65,9727
10183,8874
14272,6081
10042,778
2544,9304
1705,17619
11440,14567
131,6514
16022,26
17154,2846
10534,13
12974,1559
13,14717
111,22117
18538,26
18314,5372
19122,8361
13,1570
7322,9627
130,18225
5641,6157
14272,9777
17619,18587
17821,83
11554,6814
15383,18314
13418,4628
18453,5280
10042,18286
19946,19947
21117,6832
16783,83
4961,61
3654,65
3907,47
112,7850
5280,9912
108,4348
0,18760
18166,21304
14567,21371
14567,21370
11752,18747
2296,65
11752,4721
21342,83
14272,15710
13518,94
14735,88
131,13853
483,77
10183,10715
11266,14865
18925,5010
1200,94
154,4877
16218,6
112,9826
26,3487
15361,19744
10043,94
3836,5475
11699,16423
1513,5641
20231,6665
5536,87
14885,20638
12475,86
14567,20171
17,3972
16164,2260
14567,6560
136,65
14362,6
5170,71
5170,77
1000,999
10146,83
12621,6677
22429,86
11936,7
108,17805
18742,7979
10,7745
1526,17503
15695,17503
17305,22333
14865,15277
142,18781
59,71
246,2811
59,77
16265,7
13,9916
19790,40
11193,13217
10568,8685
58,7183
10042,7509
18385,83
1,15306
1416,65
1416,63
108,15660
11906,14865
12168,6268
15853,4628
10568,15221
1000,9437
129,8879
17436,17503
5280,687
1,11688
20516,7474
13962,61
13293,8762
1230,2254
14370,6691
108,2818
14272,18380
108,19154
101,9437
14197,14567
5782,7292
6,93
17912,8
15856,4238
13052,4628
19859,9777
3417,6820
18166,337
8857,9627
13472,17305
107,110
12981,3456
10944,6
1855,9148
19839,26
112,17339
6795,7492
11752,21400
10328,13501
11085,13654
2185,652
16940,7397
21244,21457
17721,22415
19993,6404
10568,21653
20762,7397
14272,8383
10568,883
13181,17060
11339,154
16752,59
18378,8789
17503,5735
13949,5010
14958,17807
16854,7183
7933,94
11934,18314
13149,16343
1119,16551
17471,1988
11106,84
11752,17807
17951,18746
10568,4680
11647,7303
108,5488
799,8468
21930,5295
2018,3530
131,13997
12273,17503
18,21148
14084,19884
4628,9600
12660,94
15342,9857
14567,14679
10042,15695
12461,26
18461,31
136,5225
17367,51
18758,3
15856,6896
125,14358
125,14359
18252,8658
125,14357
17,9736
2608,63
13715,15827
16142,44
123,7421
11348,15856
10410,18166
324,6677
15158,20518
10351,15306
3298,8879
131,3777
2762,5280
40,4846
14272,16482
2004,7522
15011,40
14567,2598
